system:index,B1,B10,B11,B12,B2,B3,B4,B5,B6,B7,B8,B8A,B9,Latitude,Longitude,NDVI,NDWI,QA10,QA20,QA60,.geo
0_+861673+204039,1293.0,7.0,1300.0,1009.0,1098.0,985.0,1064.0,1039.0,1189.0,1261.0,1243.0,1413.0,360.0,18.32918014141051,77.40544749707625,0.07758994400501251,-0.022414471954107285,0.0,0.0,0.0,
0_+861674+204036,1364.5,16.5,1125.5,880.5,1130.0,997.0,991.0,970.5,1038.5,1140.0,1091.0,1227.5,306.0,18.328910646825275,77.40553732860467,0.04834460839629173,-0.015549035742878914,0.0,0.0,0.0,
0_+861674+204037,1364.5,16.5,1140.0,878.0,1128.0,974.5,985.0,968.5,1020.0,1114.0,1096.5,1187.5,306.0,18.329000478353688,77.40553732860467,0.053954705595970154,-0.019426874816417694,0.0,0.0,0.0,
0_+861674+204038,1364.5,16.5,1140.0,878.0,1128.5,963.5,978.0,968.5,1020.0,1114.0,1050.5,1187.5,306.0,18.329090309882098,77.40553732860467,0.03615877777338028,-0.04081152379512787,0.0,0.0,0.0,
0_+861674+204039,1364.5,16.5,1203.5,931.0,1120.5,971.0,960.0,996.0,1055.0,1175.5,1079.5,1232.0,306.0,18.32918014141051,77.40553732860467,0.05903570353984833,-0.054227858781814575,0.0,0.0,0.0,
0_+861674+204040,1364.5,16.5,1203.5,931.0,1143.0,994.0,1014.0,996.0,1055.0,1175.5,1168.0,1232.0,306.0,18.32926997293892,77.40553732860467,0.07063879817724228,-0.014935633167624474,0.0,0.0,0.0,
0_+861675+204032,,,,,,,,,,,,,,18.328551320711625,77.40562716013308,,,,,,
0_+861675+204033,1426.0,27.0,1195.0,870.0,1178.0,1040.0,1028.0,1000.0,1064.0,1155.0,1162.0,1249.0,244.0,18.32864115224004,77.40562716013308,0.06118721514940262,-0.01400084886699915,0.0,0.0,0.0,
0_+861675+204034,1356.5,17.5,1203.0,909.0,1118.0,971.5,986.5,1002.0,1072.5,1174.0,1099.0,1258.5,296.5,18.328730983768452,77.40562716013308,0.05408167093992233,-0.04527406394481659,0.0,0.0,0.0,
0_+861675+204035,1364.5,16.5,1125.5,880.5,1104.5,958.5,957.5,970.5,1038.5,1140.0,1036.5,1227.5,306.0,18.32882081529686,77.40562716013308,0.03975813835859299,-0.04117978736758232,0.0,0.0,0.0,
0_+861675+204036,1364.5,16.5,1125.5,880.5,1100.5,942.5,937.0,970.5,1038.5,1140.0,1019.0,1227.5,306.0,18.328910646825275,77.40562716013308,0.04221177101135254,-0.04965589568018913,0.0,0.0,0.0,
0_+861675+204037,1364.5,16.5,1140.0,878.0,1128.0,974.5,985.0,968.5,1020.0,1114.0,1096.5,1187.5,306.0,18.329000478353688,77.40562716013308,0.053954705595970154,-0.019426874816417694,0.0,0.0,0.0,
0_+861675+204038,1364.5,16.5,1140.0,878.0,1128.5,963.5,978.0,968.5,1020.0,1114.0,1050.5,1187.5,306.0,18.329090309882098,77.40562716013308,0.03615877777338028,-0.04081152379512787,0.0,0.0,0.0,
0_+861675+204039,1364.5,16.5,1203.5,931.0,1120.5,971.0,960.0,996.0,1055.0,1175.5,1079.5,1232.0,306.0,18.32918014141051,77.40562716013308,0.05903570353984833,-0.054227858781814575,0.0,0.0,0.0,
0_+861675+204040,1364.5,16.5,1203.5,931.0,1143.0,994.0,1014.0,996.0,1055.0,1175.5,1168.0,1232.0,306.0,18.32926997293892,77.40562716013308,0.07063879817724228,-0.014935633167624474,0.0,0.0,0.0,
0_+861676+204009,1391.5,18.0,1676.0,1247.0,1178.5,1059.5,1103.0,1157.5,1325.5,1503.5,1506.0,1633.0,400.0,18.326485195558153,77.40571699166148,0.15420395135879517,-0.05362122505903244,0.0,0.0,0.0,
0_+861676+204010,1391.5,18.0,1676.0,1247.0,1172.0,1034.5,1128.5,1157.5,1325.5,1503.5,1432.5,1633.0,400.0,18.326575027086562,77.40571699166148,0.11865696310997009,-0.07849474996328354,0.0,0.0,0.0,
0_+861676+204011,1378.0,17.5,1497.0,1131.5,1165.0,1036.0,1108.0,1075.5,1204.5,1327.0,1343.0,1454.5,345.5,18.326664858614976,77.40571699166148,0.0959942564368248,-0.05417950451374054,0.0,0.0,0.0,
0_+861676+204012,1378.0,17.5,1497.0,1131.5,1156.0,1027.0,1084.0,1075.5,1204.5,1327.0,1286.0,1454.5,345.5,18.32675469014339,77.40571699166148,0.08546168357133865,-0.07596390694379807,0.0,0.0,0.0,
0_+861676+204013,1378.0,17.5,1519.5,1160.5,1165.0,1040.0,1081.5,1085.0,1239.0,1362.5,1318.5,1509.5,345.5,18.3268445216718,77.40571699166148,0.09928266704082489,-0.07055938988924026,0.0,0.0,0.0,
0_+861676+204014,1378.0,17.5,1519.5,1160.5,1160.5,1055.5,1103.5,1085.0,1239.0,1362.5,1415.5,1509.5,345.5,18.326934353200212,77.40571699166148,0.12334845960140228,-0.035699304193258286,0.0,0.0,0.0,
0_+861676+204015,,,,,,,,,,,,,,18.327024184728625,77.40571699166148,,,,,,
0_+861676+204016,1449.0,26.0,1645.0,1152.0,1195.0,1041.0,1066.0,1122.0,1377.0,1614.0,1467.0,1720.0,288.0,18.327114016257035,77.40571699166148,0.15831030905246735,-0.057197943329811096,0.0,0.0,0.0,
0_+861676+204017,1370.5,17.5,1495.5,1088.5,1131.0,993.0,1039.5,1094.0,1283.5,1460.5,1307.5,1598.5,327.5,18.327203847785448,77.40571699166148,0.11628253757953644,-0.06605416536331177,0.0,0.0,0.0,
0_+861676+204018,1370.5,17.5,1495.5,1088.5,1142.0,1015.5,1046.5,1094.0,1283.5,1460.5,1307.0,1598.5,327.5,18.327293679313858,77.40571699166148,0.10934992134571075,-0.06823797523975372,0.0,0.0,0.0,
0_+861676+204019,1370.5,17.5,1389.5,1059.0,1139.5,999.5,1027.0,1043.0,1188.5,1317.5,1292.5,1445.5,327.5,18.32738351084227,77.40571699166148,0.1156935766339302,-0.03473487123847008,0.0,0.0,0.0,
0_+861676+204028,1374.0,18.0,1270.5,966.5,1153.5,1027.0,1025.5,1007.5,1123.5,1231.5,1176.0,1306.5,340.0,18.32819199459798,77.40571699166148,0.06829772889614105,-0.038558363914489746,0.0,0.0,0.0,
0_+861676+204029,1439.0,26.0,1271.0,913.0,1196.0,1048.0,1065.0,1040.0,1110.0,1262.0,1194.0,1357.0,247.0,18.32828182612639,77.40571699166148,0.057104915380477905,-0.031237322837114334,0.0,0.0,0.0,
0_+861676+204030,1367.0,17.5,1244.5,947.0,1141.5,1001.5,1031.0,1020.5,1111.0,1250.5,1235.0,1322.0,308.0,18.328371657654802,77.40571699166148,0.08992304652929306,-0.003896568901836872,0.0,0.0,0.0,
0_+861676+204031,,,,,,,,,,,,,,18.328461489183216,77.40571699166148,,,,,,
0_+861676+204032,1439.0,26.0,1248.0,937.0,1187.0,1020.0,1041.0,1009.0,1157.0,1252.0,1151.0,1361.0,247.0,18.328551320711625,77.40571699166148,0.05018248036503792,-0.04043351486325264,0.0,0.0,0.0,
0_+861676+204033,1426.0,27.0,1195.0,870.0,1178.0,1040.0,1028.0,1000.0,1064.0,1155.0,1162.0,1249.0,244.0,18.32864115224004,77.40571699166148,0.06118721514940262,-0.01400084886699915,0.0,0.0,0.0,
0_+861676+204034,1356.5,17.5,1203.0,909.0,1118.0,971.5,986.5,1002.0,1072.5,1174.0,1099.0,1258.5,296.5,18.328730983768452,77.40571699166148,0.05408167093992233,-0.04527406394481659,0.0,0.0,0.0,
0_+861676+204035,1364.5,16.5,1125.5,880.5,1104.5,958.5,957.5,970.5,1038.5,1140.0,1036.5,1227.5,306.0,18.32882081529686,77.40571699166148,0.03975813835859299,-0.04117978736758232,0.0,0.0,0.0,
0_+861676+204036,1364.5,16.5,1125.5,880.5,1100.5,942.5,937.0,970.5,1038.5,1140.0,1019.0,1227.5,306.0,18.328910646825275,77.40571699166148,0.04221177101135254,-0.04965589568018913,0.0,0.0,0.0,
0_+861676+204037,1364.5,16.5,1140.0,878.0,1101.5,937.5,932.5,968.5,1020.0,1114.0,1005.0,1187.5,306.0,18.329000478353688,77.40571699166148,0.03780355304479599,-0.06287888437509537,0.0,0.0,0.0,
0_+861676+204038,1364.5,16.5,1140.0,878.0,1110.0,941.5,941.0,968.5,1020.0,1114.0,1005.0,1187.5,306.0,18.329090309882098,77.40571699166148,0.033226583153009415,-0.0629010945558548,0.0,0.0,0.0,
0_+861676+204039,1364.5,16.5,1203.5,931.0,1114.0,946.0,946.0,996.0,1055.0,1175.5,1010.5,1232.0,306.0,18.32918014141051,77.40571699166148,0.03342371806502342,-0.08692921698093414,0.0,0.0,0.0,
0_+861676+204040,1364.5,16.5,1203.5,931.0,1121.0,963.5,964.0,996.0,1055.0,1175.5,1068.0,1232.0,306.0,18.32926997293892,77.40571699166148,0.05172627791762352,-0.05948096513748169,0.0,0.0,0.0,
0_+861676+204041,1368.0,17.0,1261.0,976.0,1128.5,993.5,1011.5,1008.0,1094.0,1211.0,1134.0,1284.0,303.5,18.329359804467334,77.40571699166148,0.05750078707933426,-0.05321163311600685,0.0,0.0,0.0,
0_+861677+204009,1391.5,18.0,1676.0,1247.0,1153.0,1039.5,1043.5,1157.5,1325.5,1503.5,1469.0,1633.0,400.0,18.326485195558153,77.40580682318989,0.16901536285877228,-0.06607796251773834,0.0,0.0,0.0,
0_+861677+204010,1391.5,18.0,1676.0,1247.0,1133.0,986.5,1005.5,1157.5,1325.5,1503.5,1330.5,1633.0,400.0,18.326575027086562,77.40580682318989,0.13727334141731262,-0.11636222898960114,0.0,0.0,0.0,
0_+861677+204011,1378.0,17.5,1497.0,1131.5,1105.0,952.0,923.0,1075.5,1204.5,1327.0,1176.5,1454.5,345.5,18.326664858614976,77.40580682318989,0.12057576328516006,-0.12003746628761292,0.0,0.0,0.0,
0_+861677+204012,1378.0,17.5,1497.0,1131.5,1088.0,938.5,910.0,1075.5,1204.5,1327.0,1155.0,1454.5,345.5,18.32675469014339,77.40580682318989,0.11940613389015198,-0.1292898952960968,0.0,0.0,0.0,
0_+861677+204013,1378.0,17.5,1519.5,1160.5,1115.5,962.5,964.0,1085.0,1239.0,1362.5,1144.5,1509.5,345.5,18.3268445216718,77.40580682318989,0.08651991933584213,-0.14059951901435852,0.0,0.0,0.0,
0_+861677+204014,1378.0,17.5,1519.5,1160.5,1148.0,1004.5,1046.0,1085.0,1239.0,1362.5,1250.5,1509.5,345.5,18.326934353200212,77.40580682318989,0.08938673138618469,-0.09707161784172058,0.0,0.0,0.0,
0_+861677+204015,1378.0,17.5,1571.5,1131.5,1137.5,1014.5,1043.5,1096.5,1353.0,1563.0,1403.0,1669.0,345.5,18.327024184728625,77.40580682318989,0.14631488919258118,-0.05670584738254547,0.0,0.0,0.0,
0_+861677+204016,1449.0,26.0,1645.0,1152.0,1167.0,1021.0,1005.0,1122.0,1377.0,1614.0,1516.0,1720.0,288.0,18.327114016257035,77.40580682318989,0.20269733667373657,-0.04080986976623535,0.0,0.0,0.0,
0_+861677+204017,1450.0,27.0,1605.0,1142.0,1194.0,1064.0,1076.0,1129.0,1299.0,1479.0,1372.0,1665.0,280.0,18.327203847785448,77.40580682318989,0.12091503292322159,-0.07826671004295349,0.0,0.0,0.0,
0_+861677+204018,1370.5,17.5,1495.5,1088.5,1135.0,1005.0,1014.0,1094.0,1283.5,1460.5,1389.5,1598.5,327.5,18.327293679313858,77.40580682318989,0.15612652897834778,-0.03546437248587608,0.0,0.0,0.0,
0_+861677+204019,1450.0,27.0,1533.0,1126.0,1180.0,1019.0,1022.0,1100.0,1234.0,1408.0,1331.0,1538.0,280.0,18.32738351084227,77.40580682318989,0.1313217133283615,-0.0705307275056839,0.0,0.0,0.0,
0_+861677+204020,1450.0,27.0,1533.0,1126.0,1203.0,1044.0,1066.0,1100.0,1234.0,1408.0,1226.0,1538.0,280.0,18.327473342370684,77.40580682318989,0.06980802863836288,-0.11127220094203949,0.0,0.0,0.0,
0_+861677+204021,1370.5,17.5,1462.5,1094.0,1142.5,1004.5,1005.0,1088.0,1212.0,1356.0,1146.0,1497.0,327.5,18.327563173899094,77.40580682318989,0.06615917384624481,-0.11874733865261078,0.0,0.0,0.0,
0_+861677+204022,1370.5,17.5,1462.5,1094.0,1154.5,1038.5,1064.0,1088.0,1212.0,1356.0,1328.5,1497.0,327.5,18.327653005427507,77.40580682318989,0.11031671613454819,-0.04644853249192238,0.0,0.0,0.0,
0_+861677+204023,1374.0,18.0,1555.5,1097.0,1179.5,1054.5,1124.5,1111.0,1389.0,1592.5,1443.0,1722.0,340.0,18.32774283695592,77.40580682318989,0.12404411286115646,-0.03639058396220207,0.0,0.0,0.0,
0_+861677+204024,1374.0,18.0,1555.5,1097.0,1153.0,1037.5,1039.0,1111.0,1389.0,1592.5,1357.0,1722.0,340.0,18.32783266848433,77.40580682318989,0.1328044831752777,-0.06713882088661194,0.0,0.0,0.0,
0_+861677+204025,1374.0,18.0,1433.5,1023.0,1145.0,1015.5,1022.5,1076.0,1386.0,1555.0,1292.5,1737.0,340.0,18.327922500012743,77.40580682318989,0.11681169271469116,-0.05184889957308769,0.0,0.0,0.0,
0_+861677+204026,1374.0,18.0,1433.5,1023.0,1139.0,1009.5,1019.0,1076.0,1386.0,1555.0,1226.5,1737.0,340.0,18.328012331541156,77.40580682318989,0.09260181337594986,-0.07786379754543304,0.0,0.0,0.0,
0_+861677+204027,1374.0,18.0,1270.5,966.5,1134.5,994.0,1026.0,1007.5,1123.5,1231.5,1191.5,1306.5,340.0,18.328102163069566,77.40580682318989,0.07465784251689911,-0.032012972980737686,0.0,0.0,0.0,
0_+861677+204028,1374.0,18.0,1270.5,966.5,1128.0,980.5,997.5,1007.5,1123.5,1231.5,1122.5,1306.5,340.0,18.32819199459798,77.40580682318989,0.059194568544626236,-0.06171850860118866,0.0,0.0,0.0,
0_+861677+204029,1439.0,26.0,1271.0,913.0,1196.0,1048.0,1065.0,1040.0,1110.0,1262.0,1194.0,1357.0,247.0,18.32828182612639,77.40580682318989,0.057104915380477905,-0.031237322837114334,0.0,0.0,0.0,
0_+861677+204030,1367.0,17.5,1244.5,947.0,1141.5,1001.5,1031.0,1020.5,1111.0,1250.5,1235.0,1322.0,308.0,18.328371657654802,77.40580682318989,0.08992304652929306,-0.003896568901836872,0.0,0.0,0.0,
0_+861677+204031,,,,,,,,,,,,,,18.328461489183216,77.40580682318989,,,,,,
0_+861677+204032,1439.0,26.0,1248.0,937.0,1187.0,1020.0,1041.0,1009.0,1157.0,1252.0,1151.0,1361.0,247.0,18.328551320711625,77.40580682318989,0.05018248036503792,-0.04043351486325264,0.0,0.0,0.0,
0_+861677+204033,1367.0,17.5,1151.0,885.5,1113.0,965.0,970.0,948.0,1038.5,1138.0,1057.0,1193.5,308.0,18.32864115224004,77.40580682318989,0.04273861274123192,-0.0426718145608902,0.0,0.0,0.0,
0_+861677+204034,1367.0,17.5,1151.0,885.5,1103.0,940.5,932.0,948.0,1038.5,1138.0,998.5,1193.5,308.0,18.328730983768452,77.40580682318989,0.034748375415802,-0.07077732682228088,0.0,0.0,0.0,
0_+861677+204035,1358.0,17.5,1056.0,825.0,1096.0,937.5,927.5,920.0,977.0,1071.0,995.0,1143.0,282.0,18.32882081529686,77.40580682318989,0.03535424917936325,-0.029742974787950516,0.0,0.0,0.0,
0_+861677+204036,1358.0,17.5,1056.0,825.0,1103.5,942.5,933.5,920.0,977.0,1071.0,1002.5,1143.0,282.0,18.328910646825275,77.40580682318989,0.03589452803134918,-0.025980263948440552,0.0,0.0,0.0,
0_+861677+204037,1358.0,17.5,1036.5,828.0,1101.0,941.5,927.5,916.5,981.0,1067.0,998.0,1119.5,282.0,18.329000478353688,77.40580682318989,0.03696306049823761,-0.018949009478092194,0.0,0.0,0.0,
0_+861677+204038,1358.0,17.5,1036.5,828.0,1100.0,946.0,928.5,916.5,981.0,1067.0,995.0,1119.5,282.0,18.329090309882098,77.40580682318989,0.03484409302473068,-0.020432617515325546,0.0,0.0,0.0,
0_+861677+204039,1358.0,17.5,1065.5,836.5,1101.5,945.5,927.5,920.5,982.5,1068.0,1012.0,1128.0,282.0,18.32918014141051,77.40580682318989,0.04384733736515045,-0.025673428550362587,0.0,0.0,0.0,
0_+861677+204040,1358.0,17.5,1065.5,836.5,1099.5,949.0,933.5,920.5,982.5,1068.0,1014.0,1128.0,282.0,18.32926997293892,77.40580682318989,0.04155648872256279,-0.024722754955291748,0.0,0.0,0.0,
0_+861677+204041,1364.5,17.5,1185.5,937.5,1117.5,961.5,969.0,968.0,1047.0,1142.0,1064.5,1235.5,307.5,18.329359804467334,77.40580682318989,0.04729592800140381,-0.053528714925050735,0.0,0.0,0.0,
0_+861677+204042,1364.5,17.5,1185.5,937.5,1127.0,987.5,1004.5,968.0,1047.0,1142.0,1141.5,1235.5,307.5,18.329449635995747,77.40580682318989,0.06399056315422058,-0.018630214035511017,0.0,0.0,0.0,
0_+861678+204010,1391.5,18.0,1527.0,1160.0,1153.0,1012.0,1060.0,1079.5,1242.0,1393.5,1298.5,1539.5,400.0,18.326575027086562,77.4058966547183,0.1011446863412857,-0.08092069625854492,0.0,0.0,0.0,
0_+861678+204011,1307.0,9.0,1299.0,982.0,1046.0,935.0,907.0,957.0,1153.0,1249.0,1277.0,1377.0,403.0,18.326664858614976,77.4058966547183,0.16941392421722412,-0.008540372364223003,0.0,0.0,0.0,
0_+861678+204012,1378.0,17.5,1284.5,962.5,1096.0,937.5,898.5,965.5,1122.0,1225.5,1215.0,1371.5,345.5,18.32675469014339,77.4058966547183,0.14966386556625366,-0.028334202244877815,0.0,0.0,0.0,
0_+861678+204013,1378.0,17.5,1351.0,1044.5,1124.0,962.0,964.5,1008.5,1107.0,1236.5,1123.5,1331.0,345.5,18.3268445216718,77.4058966547183,0.07710269838571548,-0.09134835749864578,0.0,0.0,0.0,
0_+861678+204014,1378.0,17.5,1351.0,1044.5,1150.0,1005.5,1042.5,1008.5,1107.0,1236.5,1231.5,1331.0,345.5,18.326934353200212,77.4058966547183,0.08336877822875977,-0.045766543596982956,0.0,0.0,0.0,
0_+861678+204015,1378.0,17.5,1504.0,1137.0,1143.0,1020.5,1054.5,1092.0,1251.0,1409.0,1375.5,1555.5,345.5,18.327024184728625,77.4058966547183,0.1312430053949356,-0.0452088937163353,0.0,0.0,0.0,
0_+861678+204016,1378.0,17.5,1504.0,1137.0,1134.0,1013.5,1037.5,1092.0,1251.0,1409.0,1480.5,1555.5,345.5,18.327114016257035,77.4058966547183,0.17587509751319885,-0.008033703081309795,0.0,0.0,0.0,
0_+861678+204017,1450.0,27.0,1391.0,1034.0,1199.0,1055.0,1099.0,1045.0,1174.0,1323.0,1318.0,1454.0,280.0,18.327203847785448,77.4058966547183,0.09060819447040558,-0.02694721333682537,0.0,0.0,0.0,
0_+861678+204018,1370.5,17.5,1406.0,1074.5,1143.5,994.5,1017.0,1054.0,1207.5,1338.5,1243.0,1466.5,327.5,18.327293679313858,77.4058966547183,0.09996897727251053,-0.061611682176589966,0.0,0.0,0.0,
0_+861678+204019,1370.5,17.5,1195.0,930.0,1107.0,956.0,948.0,939.0,1037.0,1169.0,1106.0,1205.5,327.5,18.32738351084227,77.4058966547183,0.07687733322381973,-0.03877810761332512,0.0,0.0,0.0,
0_+861678+204020,1370.5,17.5,1195.0,930.0,1100.5,939.0,938.0,939.0,1037.0,1169.0,1040.0,1205.5,327.5,18.327473342370684,77.4058966547183,0.05213775485754013,-0.06934571266174316,0.0,0.0,0.0,
0_+861678+204021,1370.5,17.5,1219.0,947.0,1098.5,940.0,938.5,964.5,1084.0,1195.5,1037.0,1311.0,327.5,18.327563173899094,77.4058966547183,0.050144534558057785,-0.080042764544487,0.0,0.0,0.0,
0_+861678+204022,1370.5,17.5,1219.0,947.0,1144.0,976.0,1014.5,964.5,1084.0,1195.5,1141.5,1311.0,327.5,18.327653005427507,77.4058966547183,0.058780986815690994,-0.03380869701504707,0.0,0.0,0.0,
0_+861678+204023,1374.0,18.0,1337.0,992.0,1164.5,1035.0,1065.0,1052.0,1137.5,1236.0,1245.0,1363.5,340.0,18.32774283695592,77.4058966547183,0.0777244046330452,-0.0358550101518631,0.0,0.0,0.0,
0_+861678+204024,1374.0,18.0,1337.0,992.0,1124.0,995.5,1012.0,1052.0,1137.5,1236.0,1174.0,1363.5,340.0,18.32783266848433,77.4058966547183,0.07332156598567963,-0.06558647751808167,0.0,0.0,0.0,
0_+861678+204025,1374.0,18.0,1433.5,1023.0,1145.0,1015.5,1022.5,1076.0,1386.0,1555.0,1292.5,1737.0,340.0,18.327922500012743,77.4058966547183,0.11681169271469116,-0.05184889957308769,0.0,0.0,0.0,
0_+861678+204026,1374.0,18.0,1433.5,1023.0,1139.0,1009.5,1019.0,1076.0,1386.0,1555.0,1226.5,1737.0,340.0,18.328012331541156,77.4058966547183,0.09260181337594986,-0.07786379754543304,0.0,0.0,0.0,
0_+861678+204027,1374.0,18.0,1270.5,966.5,1134.5,994.0,1026.0,1007.5,1123.5,1231.5,1191.5,1306.5,340.0,18.328102163069566,77.4058966547183,0.07465784251689911,-0.032012972980737686,0.0,0.0,0.0,
0_+861678+204028,1374.0,18.0,1270.5,966.5,1128.0,980.5,997.5,1007.5,1123.5,1231.5,1122.5,1306.5,340.0,18.32819199459798,77.4058966547183,0.059194568544626236,-0.06171850860118866,0.0,0.0,0.0,
0_+861678+204029,1367.0,17.5,1244.5,947.0,1127.0,990.5,977.5,1020.5,1111.0,1250.5,1084.5,1322.0,308.0,18.32828182612639,77.4058966547183,0.052256371825933456,-0.06859677284955978,0.0,0.0,0.0,
0_+861678+204030,1367.0,17.5,1244.5,947.0,1120.5,981.5,992.0,1020.5,1111.0,1250.5,1095.5,1322.0,308.0,18.328371657654802,77.4058966547183,0.04987427964806557,-0.06355462968349457,0.0,0.0,0.0,
0_+861678+204031,1367.0,17.5,1247.5,953.0,1143.0,992.0,1021.0,1018.5,1158.5,1269.0,1149.0,1363.5,308.0,18.328461489183216,77.4058966547183,0.059224408119916916,-0.04146910086274147,0.0,0.0,0.0,
0_+861678+204032,1367.0,17.5,1247.5,953.0,1139.0,1009.5,1016.0,1018.5,1158.5,1269.0,1170.5,1363.5,308.0,18.328551320711625,77.4058966547183,0.06985780596733093,-0.032578833401203156,0.0,0.0,0.0,
0_+861678+204033,1367.0,17.5,1151.0,885.5,1117.0,963.0,973.0,948.0,1038.5,1138.0,1081.0,1193.5,308.0,18.32864115224004,77.4058966547183,0.05177515372633934,-0.031966645270586014,0.0,0.0,0.0,
0_+861678+204034,1367.0,17.5,1151.0,885.5,1104.0,948.5,944.5,948.0,1038.5,1138.0,1019.5,1193.5,308.0,18.328730983768452,77.4058966547183,0.03830626979470253,-0.06043563038110733,0.0,0.0,0.0,
0_+861678+204035,1358.0,17.5,1056.0,825.0,1103.5,942.0,936.0,920.0,977.0,1071.0,1017.5,1143.0,282.0,18.32882081529686,77.4058966547183,0.0418647825717926,-0.018588481470942497,0.0,0.0,0.0,
0_+861678+204036,1358.0,17.5,1056.0,825.0,1104.0,944.0,932.0,920.0,977.0,1071.0,1007.0,1143.0,282.0,18.328910646825275,77.4058966547183,0.038924265652894974,-0.023742977529764175,0.0,0.0,0.0,
0_+861678+204037,1358.0,17.5,1036.5,828.0,1097.5,949.5,930.5,916.5,981.0,1067.0,994.5,1119.5,282.0,18.329000478353688,77.4058966547183,0.03341386467218399,-0.020674699917435646,0.0,0.0,0.0,
0_+861678+204038,1358.0,17.5,1036.5,828.0,1102.0,946.5,929.5,916.5,981.0,1067.0,992.5,1119.5,282.0,18.329090309882098,77.4058966547183,0.03289581835269928,-0.021681375801563263,0.0,0.0,0.0,
0_+861678+204039,1358.0,17.5,1065.5,836.5,1103.0,941.5,924.5,920.5,982.5,1068.0,992.5,1128.0,282.0,18.32918014141051,77.4058966547183,0.03570946305990219,-0.03538821265101433,0.0,0.0,0.0,
0_+861678+204040,1358.0,17.5,1065.5,836.5,1104.5,943.5,929.5,920.5,982.5,1068.0,982.5,1128.0,282.0,18.32926997293892,77.4058966547183,0.028129147365689278,-0.04045327752828598,0.0,0.0,0.0,
0_+861678+204041,1364.5,17.5,1185.5,937.5,1102.0,948.5,938.5,968.0,1047.0,1142.0,1017.0,1235.5,307.5,18.329359804467334,77.4058966547183,0.04037679359316826,-0.07608725130558014,0.0,0.0,0.0,
0_+861678+204042,1364.5,17.5,1185.5,937.5,1110.5,972.5,978.5,968.0,1047.0,1142.0,1070.0,1235.5,307.5,18.329449635995747,77.4058966547183,0.04479832947254181,-0.051288902759552,0.0,0.0,0.0,
0_+861679+204010,1391.5,18.0,1527.0,1160.0,1159.5,1024.5,1069.0,1079.5,1242.0,1393.5,1281.5,1539.5,400.0,18.326575027086562,77.40598648624672,0.0891532227396965,-0.08851407468318939,0.0,0.0,0.0,
0_+861679+204011,1378.0,17.5,1284.5,962.5,1111.5,964.0,973.0,965.5,1122.0,1225.5,1162.5,1371.5,345.5,18.326664858614976,77.40598648624672,0.08872833847999573,-0.04986947402358055,0.0,0.0,0.0,
0_+861679+204012,1378.0,17.5,1284.5,962.5,1103.5,950.5,945.0,965.5,1122.0,1225.5,1097.5,1371.5,345.5,18.32675469014339,77.40598648624672,0.07492399215698242,-0.07849647849798203,0.0,0.0,0.0,
0_+861679+204013,1378.0,17.5,1351.0,1044.5,1111.5,968.0,975.5,1008.5,1107.0,1236.5,1088.0,1331.0,345.5,18.3268445216718,77.40598648624672,0.054755114018917084,-0.10766580700874329,0.0,0.0,0.0,
0_+861679+204014,1378.0,17.5,1351.0,1044.5,1140.5,1007.0,1042.5,1008.5,1107.0,1236.5,1197.5,1331.0,345.5,18.326934353200212,77.40598648624672,0.0695190280675888,-0.05983314663171768,0.0,0.0,0.0,
0_+861679+204015,1378.0,17.5,1504.0,1137.0,1158.0,1024.0,1070.0,1092.0,1251.0,1409.0,1265.0,1555.5,345.5,18.327024184728625,77.40598648624672,0.08373191207647324,-0.08605717122554779,0.0,0.0,0.0,
0_+861679+204016,1378.0,17.5,1504.0,1137.0,1154.5,1018.5,1066.0,1092.0,1251.0,1409.0,1266.0,1555.5,345.5,18.327114016257035,77.40598648624672,0.08588185906410217,-0.0857640951871872,0.0,0.0,0.0,
0_+861679+204017,1370.5,17.5,1406.0,1074.5,1150.5,1019.5,1057.5,1054.0,1207.5,1338.5,1249.5,1466.5,327.5,18.327203847785448,77.40598648624672,0.08341476321220398,-0.05892019346356392,0.0,0.0,0.0,
0_+861679+204018,1370.5,17.5,1406.0,1074.5,1147.5,995.5,1022.5,1054.0,1207.5,1338.5,1155.0,1466.5,327.5,18.327293679313858,77.40598648624672,0.06037616729736328,-0.09840181469917297,0.0,0.0,0.0,
0_+861679+204019,1370.5,17.5,1195.0,930.0,1114.0,961.5,952.0,939.0,1037.0,1169.0,1048.5,1205.5,327.5,18.32738351084227,77.40598648624672,0.0483357310295105,-0.06529664993286133,0.0,0.0,0.0,
0_+861679+204020,1370.5,17.5,1195.0,930.0,1104.0,947.5,936.5,939.0,1037.0,1169.0,1018.0,1205.5,327.5,18.327473342370684,77.40598648624672,0.04202817380428314,-0.08019322156906128,0.0,0.0,0.0,
0_+861679+204021,1370.5,17.5,1219.0,947.0,1098.5,940.0,938.5,964.5,1084.0,1195.5,1037.0,1311.0,327.5,18.327563173899094,77.40598648624672,0.050144534558057785,-0.080042764544487,0.0,0.0,0.0,
0_+861679+204022,1370.5,17.5,1219.0,947.0,1144.0,976.0,1014.5,964.5,1084.0,1195.5,1141.5,1311.0,327.5,18.327653005427507,77.40598648624672,0.058780986815690994,-0.03380869701504707,0.0,0.0,0.0,
0_+861679+204023,1374.0,18.0,1337.0,992.0,1164.5,1035.0,1065.0,1052.0,1137.5,1236.0,1245.0,1363.5,340.0,18.32774283695592,77.40598648624672,0.0777244046330452,-0.0358550101518631,0.0,0.0,0.0,
0_+861679+204024,1374.0,18.0,1337.0,992.0,1124.0,995.5,1012.0,1052.0,1137.5,1236.0,1174.0,1363.5,340.0,18.32783266848433,77.40598648624672,0.07332156598567963,-0.06558647751808167,0.0,0.0,0.0,
0_+861679+204025,1374.0,18.0,1200.0,923.5,1120.0,970.0,980.0,991.0,1033.5,1155.0,1070.0,1205.5,340.0,18.327922500012743,77.40598648624672,0.044157203286886215,-0.057178519666194916,0.0,0.0,0.0,
0_+861679+204026,1374.0,18.0,1200.0,923.5,1115.0,964.5,965.5,991.0,1033.5,1155.0,1051.0,1205.5,340.0,18.328012331541156,77.40598648624672,0.042687032371759415,-0.06608747690916061,0.0,0.0,0.0,
0_+861679+204027,1374.0,18.0,1143.5,893.0,1121.0,968.5,968.5,951.0,1032.5,1136.5,1055.0,1205.0,340.0,18.328102163069566,77.40598648624672,0.042984671890735626,-0.04024871438741684,0.0,0.0,0.0,
0_+861679+204028,1374.0,18.0,1143.5,893.0,1118.0,973.0,975.5,951.0,1032.5,1136.5,1052.0,1205.0,340.0,18.32819199459798,77.40598648624672,0.03791121765971184,-0.04168473184108734,0.0,0.0,0.0,
0_+861679+204029,1367.0,17.5,1134.5,894.5,1120.0,976.5,977.0,967.0,1035.0,1135.0,1057.5,1237.0,308.0,18.32828182612639,77.40598648624672,0.039791353046894073,-0.03503572195768356,0.0,0.0,0.0,
0_+861679+204030,1367.0,17.5,1134.5,894.5,1122.5,978.5,991.5,967.0,1035.0,1135.0,1066.0,1237.0,308.0,18.328371657654802,77.40598648624672,0.036481089890003204,-0.031039303168654442,0.0,0.0,0.0,
0_+861679+204031,1367.0,17.5,1201.5,926.0,1134.5,993.5,1009.0,1008.5,1088.0,1191.0,1115.5,1282.0,308.0,18.328461489183216,77.40598648624672,0.05062125250697136,-0.03725472837686539,0.0,0.0,0.0,
0_+861679+204032,1367.0,17.5,1201.5,926.0,1141.0,1007.0,1028.0,1008.5,1088.0,1191.0,1174.0,1282.0,308.0,18.328551320711625,77.40598648624672,0.06632266193628311,-0.011587820015847683,0.0,0.0,0.0,
0_+861679+204033,1367.0,17.5,1115.5,875.5,1127.0,979.0,977.5,957.5,1035.5,1144.5,1065.5,1195.5,308.0,18.32864115224004,77.40598648624672,0.042486436665058136,-0.02335449680685997,0.0,0.0,0.0,
0_+861679+204034,1367.0,17.5,1115.5,875.5,1102.0,961.0,932.5,957.5,1035.5,1144.5,1020.0,1195.5,308.0,18.328730983768452,77.40598648624672,0.04510657861828804,-0.04460747539997101,0.0,0.0,0.0,
0_+861679+204035,1358.0,17.5,1046.0,822.5,1109.0,947.0,941.0,924.0,994.0,1075.0,1017.5,1157.0,282.0,18.32882081529686,77.40598648624672,0.03912109509110451,-0.013839328661561012,0.0,0.0,0.0,
0_+861679+204036,1358.0,17.5,1046.0,822.5,1104.5,945.0,936.0,924.0,994.0,1075.0,1009.5,1157.0,282.0,18.328910646825275,77.40598648624672,0.03792576864361763,-0.017779028043150902,0.0,0.0,0.0,
0_+861679+204037,1358.0,17.5,1047.0,822.0,1110.0,954.0,938.0,922.5,976.0,1073.5,1001.0,1134.5,282.0,18.329000478353688,77.40598648624672,0.032679129391908646,-0.02246624231338501,0.0,0.0,0.0,
0_+861679+204038,1358.0,17.5,1047.0,822.0,1109.5,952.0,935.5,922.5,976.0,1073.5,1003.0,1134.5,282.0,18.329090309882098,77.40598648624672,0.03501670062541962,-0.021474918350577354,0.0,0.0,0.0,
0_+861679+204039,1358.0,17.5,1044.5,816.5,1099.5,943.0,925.5,915.0,986.5,1064.5,997.5,1143.0,282.0,18.32918014141051,77.40598648624672,0.03773122280836105,-0.02302692085504532,0.0,0.0,0.0,
0_+861679+204040,1358.0,17.5,1044.5,816.5,1104.0,945.5,927.5,915.0,986.5,1064.5,987.5,1143.0,282.0,18.32926997293892,77.40598648624672,0.031495220959186554,-0.02807864546775818,0.0,0.0,0.0,
0_+861679+204041,1364.5,17.5,1130.5,873.5,1103.0,948.5,924.5,940.0,1014.5,1120.0,1006.0,1185.0,307.5,18.329359804467334,77.40598648624672,0.04249763488769531,-0.05819520354270935,0.0,0.0,0.0,
0_+861679+204042,1364.5,17.5,1130.5,873.5,1111.5,950.5,958.5,940.0,1014.5,1120.0,1056.5,1185.0,307.5,18.329449635995747,77.40598648624672,0.04883283004164696,-0.033869460225105286,0.0,0.0,0.0,
0_+861679+204043,1364.5,17.5,1298.5,965.0,1128.5,970.0,998.0,1018.0,1159.5,1269.5,1139.5,1401.0,307.5,18.329539467524157,77.40598648624672,0.06632498651742935,-0.06541888415813446,0.0,0.0,0.0,
0_+861680+204011,1378.0,17.5,1278.5,998.0,1129.0,962.0,986.5,990.5,1070.5,1181.5,1095.5,1292.0,345.5,18.326664858614976,77.40607631777513,0.051682163029909134,-0.07755973935127258,0.0,0.0,0.0,
0_+861680+204012,1378.0,17.5,1278.5,998.0,1109.5,952.5,941.5,990.5,1070.5,1181.5,1045.5,1292.0,345.5,18.32675469014339,77.40607631777513,0.052595142275094986,-0.10011008381843567,0.0,0.0,0.0,
0_+861680+204013,1378.0,17.5,1334.5,1052.5,1119.5,967.0,974.0,1012.5,1094.5,1191.0,1074.5,1310.0,345.5,18.3268445216718,77.40607631777513,0.04920397326350212,-0.10773919522762299,0.0,0.0,0.0,
0_+861680+204014,1378.0,17.5,1334.5,1052.5,1142.5,1013.0,1042.0,1012.5,1094.5,1191.0,1201.5,1310.0,345.5,18.326934353200212,77.40607631777513,0.07137630134820938,-0.05200497806072235,0.0,0.0,0.0,
0_+861680+204015,1378.0,17.5,1509.0,1179.0,1164.5,1020.5,1082.5,1109.5,1189.0,1336.5,1247.0,1432.5,345.5,18.327024184728625,77.40607631777513,0.07067887485027313,-0.09487295150756836,0.0,0.0,0.0,
0_+861680+204016,1378.0,17.5,1509.0,1179.0,1160.0,1020.5,1073.0,1109.5,1189.0,1336.5,1239.5,1432.5,345.5,18.327114016257035,77.40607631777513,0.07210610061883926,-0.09786781668663025,0.0,0.0,0.0,
0_+861680+204017,1370.5,17.5,1440.0,1129.0,1157.0,1032.5,1078.0,1075.5,1175.0,1286.0,1245.5,1425.0,327.5,18.327203847785448,77.40607631777513,0.07213350385427475,-0.07237495481967926,0.0,0.0,0.0,
0_+861680+204018,1370.5,17.5,1406.0,1074.5,1147.5,995.5,1022.5,1054.0,1207.5,1338.5,1155.0,1466.5,327.5,18.327293679313858,77.40607631777513,0.06037616729736328,-0.09840181469917297,0.0,0.0,0.0,
0_+861680+204019,1370.5,17.5,1195.0,930.0,1114.0,961.5,952.0,939.0,1037.0,1169.0,1048.5,1205.5,327.5,18.32738351084227,77.40607631777513,0.0483357310295105,-0.06529664993286133,0.0,0.0,0.0,
0_+861680+204020,1370.5,17.5,1195.0,930.0,1104.0,947.5,936.5,939.0,1037.0,1169.0,1018.0,1205.5,327.5,18.327473342370684,77.40607631777513,0.04202817380428314,-0.08019322156906128,0.0,0.0,0.0,
0_+861680+204021,1370.5,17.5,1219.0,947.0,1097.0,945.5,931.5,964.5,1084.0,1195.5,1022.5,1311.0,327.5,18.327563173899094,77.40607631777513,0.04678007960319519,-0.08691802620887756,0.0,0.0,0.0,
0_+861680+204022,1370.5,17.5,1219.0,947.0,1132.5,975.0,1003.0,964.5,1084.0,1195.5,1117.0,1311.0,327.5,18.327653005427507,77.40607631777513,0.054451994597911835,-0.043900370597839355,0.0,0.0,0.0,
0_+861680+204023,1446.0,27.0,1345.0,972.0,1213.0,1090.0,1092.0,1055.0,1119.0,1236.0,1281.0,1356.0,278.0,18.32774283695592,77.40607631777513,0.0796460211277008,-0.024371668696403503,0.0,0.0,0.0,
0_+861680+204024,1374.0,18.0,1337.0,992.0,1147.0,1013.0,1038.5,1052.0,1137.5,1236.0,1192.0,1363.5,340.0,18.32783266848433,77.40607631777513,0.0677037313580513,-0.058536965399980545,0.0,0.0,0.0,
0_+861680+204025,1374.0,18.0,1200.0,923.5,1120.5,972.5,976.0,991.0,1033.5,1155.0,1069.5,1205.5,340.0,18.327922500012743,77.40607631777513,0.04592783749103546,-0.05742954835295677,0.0,0.0,0.0,
0_+861680+204026,1374.0,18.0,1200.0,923.5,1115.5,966.5,968.0,991.0,1033.5,1155.0,1058.0,1205.5,340.0,18.328012331541156,77.40607631777513,0.0446418821811676,-0.06279024481773376,0.0,0.0,0.0,
0_+861680+204027,1374.0,18.0,1143.5,893.0,1114.5,961.5,969.0,951.0,1032.5,1136.5,1058.5,1205.0,340.0,18.328102163069566,77.40607631777513,0.044276151806116104,-0.03859562426805496,0.0,0.0,0.0,
0_+861680+204028,1374.0,18.0,1143.5,893.0,1117.0,965.0,976.0,951.0,1032.5,1136.5,1048.0,1205.0,340.0,18.32819199459798,77.40607631777513,0.035707030445337296,-0.043571751564741135,0.0,0.0,0.0,
0_+861680+204029,1367.0,17.5,1134.5,894.5,1120.0,967.5,967.0,967.0,1035.0,1135.0,1057.0,1237.0,308.0,18.32828182612639,77.40607631777513,0.044777825474739075,-0.0352620966732502,0.0,0.0,0.0,
0_+861680+204030,1367.0,17.5,1134.5,894.5,1121.0,967.5,976.5,967.0,1035.0,1135.0,1059.5,1237.0,308.0,18.328371657654802,77.40607631777513,0.040907274931669235,-0.034087300300598145,0.0,0.0,0.0,
0_+861680+204031,1367.0,17.5,1201.5,926.0,1126.5,983.0,992.0,1008.5,1088.0,1191.0,1094.0,1282.0,308.0,18.328461489183216,77.40607631777513,0.04890166595578194,-0.04705744609236717,0.0,0.0,0.0,
0_+861680+204032,1367.0,17.5,1201.5,926.0,1130.5,992.5,1003.0,1008.5,1088.0,1191.0,1157.0,1282.0,308.0,18.328551320711625,77.40607631777513,0.0714014396071434,-0.018867619335651398,0.0,0.0,0.0,
0_+861680+204033,1439.0,26.0,1088.0,827.0,1166.0,993.0,980.0,949.0,1026.0,1129.0,1041.0,1174.0,247.0,18.32864115224004,77.40607631777513,0.030183076858520508,-0.022076092660427094,0.0,0.0,0.0,
0_+861680+204034,1367.0,17.5,1115.5,875.5,1110.0,946.0,937.5,957.5,1035.5,1144.5,1022.5,1195.5,308.0,18.328730983768452,77.40607631777513,0.04365251585841179,-0.04335707798600197,0.0,0.0,0.0,
0_+861680+204035,1358.0,17.5,1046.0,822.5,1118.5,951.0,939.0,924.0,994.0,1075.0,1005.0,1157.0,282.0,18.32882081529686,77.40607631777513,0.034131892025470734,-0.01996941864490509,0.0,0.0,0.0,
0_+861680+204036,1358.0,17.5,1046.0,822.5,1111.0,952.5,936.5,924.0,994.0,1075.0,1000.5,1157.0,282.0,18.328910646825275,77.40607631777513,0.03318377584218979,-0.022228270769119263,0.0,0.0,0.0,
0_+861680+204037,1358.0,17.5,1047.0,822.0,1111.0,940.5,935.5,922.5,976.0,1073.5,1003.5,1134.5,282.0,18.329000478353688,77.40607631777513,0.035324353724718094,-0.02121121995151043,0.0,0.0,0.0,
0_+861680+204038,1358.0,17.5,1047.0,822.0,1093.5,942.5,933.5,922.5,976.0,1073.5,997.5,1134.5,282.0,18.329090309882098,77.40607631777513,0.03335170820355415,-0.024208184331655502,0.0,0.0,0.0,
0_+861680+204039,1358.0,17.5,1044.5,816.5,1105.5,939.0,928.5,915.0,986.5,1064.5,994.0,1143.0,282.0,18.32918014141051,77.40607631777513,0.03444068506360054,-0.024774057790637016,0.0,0.0,0.0,
0_+861680+204040,1358.0,17.5,1044.5,816.5,1105.5,949.5,935.0,915.0,986.5,1064.5,1003.5,1143.0,282.0,18.32926997293892,77.40607631777513,0.03552960231900215,-0.020037084817886353,0.0,0.0,0.0,
0_+861680+204041,1364.5,17.5,1130.5,873.5,1104.5,950.5,927.5,940.0,1014.5,1120.0,998.0,1185.0,307.5,18.329359804467334,77.40607631777513,0.036853037774562836,-0.062176600098609924,0.0,0.0,0.0,
0_+861680+204042,1364.5,17.5,1130.5,873.5,1114.0,959.5,955.0,940.0,1014.5,1120.0,1048.5,1185.0,307.5,18.329449635995747,77.40607631777513,0.046680327504873276,-0.03753822296857834,0.0,0.0,0.0,
0_+861680+204043,1364.5,17.5,1298.5,965.0,1125.0,992.5,984.5,1018.0,1159.5,1269.5,1222.5,1401.0,307.5,18.329539467524157,77.40607631777513,0.10785157233476639,-0.030147086828947067,0.0,0.0,0.0,
0_+861680+204044,1434.0,26.0,1299.0,921.0,1177.0,1020.0,948.0,1000.0,1138.0,1286.0,1285.0,1404.0,249.0,18.32962929905257,77.40607631777513,0.15091805160045624,-0.005417956504970789,0.0,0.0,0.0,
0_+861681+204011,1378.0,17.5,1278.5,998.0,1125.5,978.5,987.0,990.5,1070.5,1181.5,1130.0,1292.0,345.5,18.326664858614976,77.40616614930354,0.06682295352220535,-0.062173448503017426,0.0,0.0,0.0,
0_+861681+204012,1378.0,17.5,1278.5,998.0,1108.5,949.5,961.5,990.5,1070.5,1181.5,1052.0,1292.0,345.5,18.32675469014339,77.40616614930354,0.045209649950265884,-0.09702840447425842,0.0,0.0,0.0,
0_+861681+204013,1378.0,17.5,1334.5,1052.5,1117.0,961.5,976.0,1012.5,1094.5,1191.0,1096.0,1310.0,345.5,18.3268445216718,77.40616614930354,0.05850183963775635,-0.09769825637340546,0.0,0.0,0.0,
0_+861681+204014,1378.0,17.5,1334.5,1052.5,1142.5,1013.0,1042.0,1012.5,1094.5,1191.0,1201.5,1310.0,345.5,18.326934353200212,77.40616614930354,0.07137630134820938,-0.05200497806072235,0.0,0.0,0.0,
0_+861681+204015,1378.0,17.5,1509.0,1179.0,1164.5,1020.5,1082.5,1109.5,1189.0,1336.5,1247.0,1432.5,345.5,18.327024184728625,77.40616614930354,0.07067887485027313,-0.09487295150756836,0.0,0.0,0.0,
0_+861681+204016,1378.0,17.5,1509.0,1179.0,1160.0,1020.5,1073.0,1109.5,1189.0,1336.5,1239.5,1432.5,345.5,18.327114016257035,77.40616614930354,0.07210610061883926,-0.09786781668663025,0.0,0.0,0.0,
0_+861681+204017,1370.5,17.5,1440.0,1129.0,1157.0,1032.5,1078.0,1075.5,1175.0,1286.0,1245.5,1425.0,327.5,18.327203847785448,77.40616614930354,0.07213350385427475,-0.07237495481967926,0.0,0.0,0.0,
0_+861681+204018,1370.5,17.5,1440.0,1129.0,1150.5,1014.0,1044.0,1075.5,1175.0,1286.0,1179.0,1425.0,327.5,18.327293679313858,77.40616614930354,0.06024930626153946,-0.10005076974630356,0.0,0.0,0.0,
0_+861681+204019,1370.5,17.5,1196.0,921.0,1108.0,966.5,964.5,950.5,1021.5,1116.0,1063.0,1211.0,327.5,18.32738351084227,77.40616614930354,0.04828403890132904,-0.05911542847752571,0.0,0.0,0.0,
0_+861681+204020,1370.5,17.5,1196.0,921.0,1102.0,947.5,932.0,950.5,1021.5,1116.0,1016.0,1211.0,327.5,18.327473342370684,77.40616614930354,0.0435497984290123,-0.08136718720197678,0.0,0.0,0.0,
0_+861681+204021,1370.5,17.5,1176.5,900.0,1103.5,943.5,941.5,957.5,1047.0,1150.0,1020.0,1218.5,327.5,18.327563173899094,77.40616614930354,0.040654588490724564,-0.0703292116522789,0.0,0.0,0.0,
0_+861681+204022,1370.5,17.5,1176.5,900.0,1114.0,972.5,978.5,957.5,1047.0,1150.0,1099.0,1218.5,327.5,18.327653005427507,77.40616614930354,0.058718688786029816,-0.03406427800655365,0.0,0.0,0.0,
0_+861681+204023,1374.0,18.0,1285.0,985.0,1151.5,1022.5,1038.5,1065.0,1182.0,1331.0,1261.0,1404.0,340.0,18.32774283695592,77.40616614930354,0.09716377407312393,-0.00944797694683075,0.0,0.0,0.0,
0_+861681+204024,1446.0,27.0,1304.0,962.0,1206.0,1031.0,1051.0,1061.0,1182.0,1340.0,1121.0,1401.0,278.0,18.32783266848433,77.40616614930354,0.03222836181521416,-0.0754639208316803,0.0,0.0,0.0,
0_+861681+204025,1374.0,18.0,1192.5,927.5,1135.5,999.5,984.5,1004.5,1092.5,1170.0,1096.0,1276.0,340.0,18.327922500012743,77.40616614930354,0.053259607404470444,-0.04240782931447029,0.0,0.0,0.0,
0_+861681+204026,1374.0,18.0,1192.5,927.5,1119.0,967.5,959.5,1004.5,1092.5,1170.0,1053.0,1276.0,340.0,18.328012331541156,77.40616614930354,0.04649702087044716,-0.06203363090753555,0.0,0.0,0.0,
0_+861681+204027,1374.0,18.0,1109.0,877.5,1119.5,964.5,955.5,965.5,1019.5,1129.0,1053.5,1181.0,340.0,18.328102163069566,77.40616614930354,0.048886291682720184,-0.02569149248301983,0.0,0.0,0.0,
0_+861681+204028,1374.0,18.0,1109.0,877.5,1108.5,965.0,957.0,965.5,1019.5,1129.0,1044.5,1181.0,340.0,18.32819199459798,77.40616614930354,0.04409392550587654,-0.029949434101581573,0.0,0.0,0.0,
0_+861681+204029,1367.0,17.5,1112.5,881.5,1111.5,959.5,955.0,944.0,1035.5,1115.0,1045.0,1198.5,308.0,18.32828182612639,77.40616614930354,0.04539201408624649,-0.031219758093357086,0.0,0.0,0.0,
0_+861681+204030,1367.0,17.5,1112.5,881.5,1104.5,960.5,952.0,944.0,1035.5,1115.0,1057.0,1198.5,308.0,18.328371657654802,77.40616614930354,0.05256357043981552,-0.025503650307655334,0.0,0.0,0.0,
0_+861681+204031,1367.0,17.5,1211.0,946.5,1117.5,966.5,986.0,1028.5,1108.5,1255.0,1098.5,1330.5,308.0,18.328461489183216,77.40616614930354,0.05393761396408081,-0.049175553023815155,0.0,0.0,0.0,
0_+861681+204032,1367.0,17.5,1211.0,946.5,1148.0,1009.5,1017.5,1028.5,1108.5,1255.0,1198.5,1330.5,308.0,18.328551320711625,77.40616614930354,0.08177056163549423,-0.005162449087947607,0.0,0.0,0.0,
0_+861681+204033,1439.0,26.0,1130.0,855.0,1166.0,1010.0,974.0,955.0,1056.0,1139.0,1077.0,1277.0,247.0,18.32864115224004,77.40616614930354,0.05021940544247627,-0.02401449903845787,0.0,0.0,0.0,
0_+861681+204034,1367.0,17.5,1171.0,916.0,1106.5,948.5,934.5,971.5,1093.5,1151.0,1016.5,1317.5,308.0,18.328730983768452,77.40616614930354,0.04215431213378906,-0.07040088623762131,0.0,0.0,0.0,
0_+861681+204035,1358.0,17.5,1062.5,830.5,1107.5,946.0,933.5,912.0,990.0,1069.5,1018.0,1133.0,282.0,18.32882081529686,77.40616614930354,0.043530985713005066,-0.021390553563833237,0.0,0.0,0.0,
0_+861681+204036,1358.0,17.5,1062.5,830.5,1111.0,944.5,938.5,912.0,990.0,1069.5,1003.0,1133.0,282.0,18.328910646825275,77.40616614930354,0.03337198123335838,-0.028794990852475166,0.0,0.0,0.0,
0_+861681+204037,1358.0,17.5,1043.0,825.0,1102.5,941.5,935.0,911.0,978.5,1064.5,999.5,1145.0,282.0,18.329000478353688,77.40616614930354,0.03361696004867554,-0.02130238711833954,0.0,0.0,0.0,
0_+861681+204038,1358.0,17.5,1043.0,825.0,1093.0,937.5,925.0,911.0,978.5,1064.5,994.0,1145.0,282.0,18.329090309882098,77.40616614930354,0.036092400550842285,-0.024054983630776405,0.0,0.0,0.0,
0_+861681+204039,1358.0,17.5,1051.0,828.5,1107.0,936.5,929.5,915.0,985.0,1052.5,988.0,1143.5,282.0,18.32918014141051,77.40616614930354,0.030663277953863144,-0.030895400792360306,0.0,0.0,0.0,
0_+861681+204040,1358.0,17.5,1051.0,828.5,1104.5,946.5,931.5,915.0,985.0,1052.5,1002.0,1143.5,282.0,18.32926997293892,77.40616614930354,0.03664635494351387,-0.023885410279035568,0.0,0.0,0.0,
0_+861681+204041,1364.5,17.5,1093.0,851.5,1103.0,945.0,937.0,932.5,1008.0,1108.5,1004.0,1175.0,307.5,18.329359804467334,77.40616614930354,0.0345950648188591,-0.04254445433616638,0.0,0.0,0.0,
0_+861681+204042,1364.5,17.5,1093.0,851.5,1101.5,954.0,957.5,932.5,1008.0,1108.5,1049.5,1175.0,307.5,18.329449635995747,77.40616614930354,0.04578666388988495,-0.020370295271277428,0.0,0.0,0.0,
0_+861681+204043,1364.5,17.5,1314.5,972.0,1137.5,1002.0,1009.0,1023.0,1171.5,1297.0,1251.5,1407.0,307.5,18.329539467524157,77.40616614930354,0.10734694451093674,-0.024463029578328133,0.0,0.0,0.0,
0_+861681+204044,,,,,,,,,,,,,,18.32962929905257,77.40616614930354,,,,,,
0_+861682+204012,1378.0,17.5,1278.5,998.0,1108.5,949.5,961.5,990.5,1070.5,1181.5,1052.0,1292.0,345.5,18.32675469014339,77.40625598083196,0.045209649950265884,-0.09702840447425842,0.0,0.0,0.0,
0_+861682+204013,1378.0,17.5,1334.5,1052.5,1117.0,961.5,976.0,1012.5,1094.5,1191.0,1096.0,1310.0,345.5,18.3268445216718,77.40625598083196,0.05850183963775635,-0.09769825637340546,0.0,0.0,0.0,
0_+861682+204014,1378.0,17.5,1334.5,1052.5,1146.0,1011.0,1051.5,1012.5,1094.5,1191.0,1206.0,1310.0,345.5,18.326934353200212,77.40625598083196,0.06866448372602463,-0.05024801939725876,0.0,0.0,0.0,
0_+861682+204015,1378.0,17.5,1509.0,1179.0,1171.5,1037.5,1097.0,1109.5,1189.0,1336.5,1250.5,1432.5,345.5,18.327024184728625,77.40625598083196,0.06552699953317642,-0.09348435699939728,0.0,0.0,0.0,
0_+861682+204016,1378.0,17.5,1509.0,1179.0,1171.5,1044.5,1102.0,1109.5,1189.0,1336.5,1283.0,1432.5,345.5,18.327114016257035,77.40625598083196,0.0760212168097496,-0.08075620234012604,0.0,0.0,0.0,
0_+861682+204017,1370.5,17.5,1440.0,1129.0,1174.0,1055.5,1115.5,1075.5,1175.0,1286.0,1294.5,1425.0,327.5,18.327203847785448,77.40625598083196,0.07422616332769394,-0.05321182310581207,0.0,0.0,0.0,
0_+861682+204018,1370.5,17.5,1440.0,1129.0,1160.5,1033.0,1070.5,1075.5,1175.0,1286.0,1241.0,1425.0,327.5,18.327293679313858,77.40625598083196,0.07307644188404083,-0.07487376034259796,0.0,0.0,0.0,
0_+861682+204019,1370.5,17.5,1196.0,921.0,1116.5,967.0,983.5,950.5,1021.5,1116.0,1094.0,1211.0,327.5,18.32738351084227,77.40625598083196,0.05258306860923767,-0.04505866393446922,0.0,0.0,0.0,
0_+861682+204020,1370.5,17.5,1196.0,921.0,1111.0,944.5,942.5,950.5,1021.5,1116.0,994.0,1211.0,327.5,18.327473342370684,77.40625598083196,0.027126122266054153,-0.09220560640096664,0.0,0.0,0.0,
0_+861682+204021,1370.5,17.5,1176.5,900.0,1105.0,943.5,930.5,957.5,1047.0,1150.0,1004.5,1218.5,327.5,18.327563173899094,77.40625598083196,0.03879604861140251,-0.0779627338051796,0.0,0.0,0.0,
0_+861682+204022,1370.5,17.5,1176.5,900.0,1109.0,949.0,948.0,957.5,1047.0,1150.0,1087.5,1218.5,327.5,18.327653005427507,77.40625598083196,0.06779143959283829,-0.04015510901808739,0.0,0.0,0.0,
0_+861682+204023,1302.0,9.0,1266.0,1008.0,1076.0,966.0,965.0,1069.0,1182.0,1322.0,1198.0,1407.0,402.0,18.32774283695592,77.40625598083196,0.1077207550406456,-0.027597403153777122,0.0,0.0,0.0,
0_+861682+204024,1446.0,27.0,1304.0,962.0,1217.0,1070.0,1155.0,1061.0,1182.0,1340.0,1268.0,1401.0,278.0,18.32783266848433,77.40625598083196,0.04663640260696411,-0.013996889814734459,0.0,0.0,0.0,
0_+861682+204025,1446.0,27.0,1170.0,890.0,1186.0,1029.0,1018.0,992.0,1076.0,1147.0,1127.0,1240.0,278.0,18.327922500012743,77.40625598083196,0.050815850496292114,-0.018720069900155067,0.0,0.0,0.0,
0_+861682+204026,1374.0,18.0,1192.5,927.5,1129.0,969.0,987.5,1004.5,1092.5,1170.0,1072.5,1276.0,340.0,18.328012331541156,77.40625598083196,0.04139997810125351,-0.0528954342007637,0.0,0.0,0.0,
0_+861682+204027,1374.0,18.0,1109.0,877.5,1122.0,976.0,966.5,965.5,1019.5,1129.0,1060.5,1181.0,340.0,18.328102163069566,77.40625598083196,0.046592503786087036,-0.022354798391461372,0.0,0.0,0.0,
0_+861682+204028,1374.0,18.0,1109.0,877.5,1108.5,960.0,964.0,965.5,1019.5,1129.0,1052.5,1181.0,340.0,18.32819199459798,77.40625598083196,0.044023338705301285,-0.02618962712585926,0.0,0.0,0.0,
0_+861682+204029,1367.0,17.5,1112.5,881.5,1113.0,952.5,957.5,944.0,1035.5,1115.0,1041.5,1198.5,308.0,18.32828182612639,77.40625598083196,0.042294930666685104,-0.03289312124252319,0.0,0.0,0.0,
0_+861682+204030,1367.0,17.5,1112.5,881.5,1106.5,957.5,952.5,944.0,1035.5,1115.0,1050.5,1198.5,308.0,18.328371657654802,77.40625598083196,0.049094218760728836,-0.028656460344791412,0.0,0.0,0.0,
0_+861682+204031,1367.0,17.5,1211.0,946.5,1130.0,990.0,1016.0,1028.5,1108.5,1255.0,1108.0,1330.5,308.0,18.328461489183216,77.40625598083196,0.043399833142757416,-0.045122139155864716,0.0,0.0,0.0,
0_+861682+204032,,,,,,,,,,,,,,18.328551320711625,77.40625598083196,,,,,,
0_+861682+204033,1439.0,26.0,1130.0,855.0,1170.0,1011.0,998.0,955.0,1056.0,1139.0,1083.0,1277.0,247.0,18.32864115224004,77.40625598083196,0.04084574803709984,-0.021238138899207115,0.0,0.0,0.0,
0_+861682+204034,1367.0,17.5,1171.0,916.0,1108.5,958.5,949.0,971.5,1093.5,1151.0,1028.5,1317.5,308.0,18.328730983768452,77.40625598083196,0.04028018191456795,-0.06451725959777832,0.0,0.0,0.0,
0_+861682+204035,1358.0,17.5,1062.5,830.5,1109.0,950.5,935.0,912.0,990.0,1069.5,1031.0,1133.0,282.0,18.32882081529686,77.40625598083196,0.04910506308078766,-0.01506247092038393,0.0,0.0,0.0,
0_+861682+204036,1358.0,17.5,1062.5,830.5,1106.0,947.0,937.5,912.0,990.0,1069.5,1010.5,1133.0,282.0,18.328910646825275,77.40625598083196,0.03768821060657501,-0.02505641058087349,0.0,0.0,0.0,
0_+861682+204037,1358.0,17.5,1043.0,825.0,1101.0,944.0,940.0,911.0,978.5,1064.5,1003.5,1145.0,282.0,18.329000478353688,77.40625598083196,0.0328531414270401,-0.019304227083921432,0.0,0.0,0.0,
0_+861682+204038,1358.0,17.5,1043.0,825.0,1102.0,940.5,925.5,911.0,978.5,1064.5,989.0,1145.0,282.0,18.329090309882098,77.40625598083196,0.03343021124601364,-0.02657480351626873,0.0,0.0,0.0,
0_+861682+204039,1358.0,17.5,1051.0,828.5,1105.0,936.5,933.5,915.0,985.0,1052.5,984.0,1143.5,282.0,18.32918014141051,77.40625598083196,0.02656056545674801,-0.03292553126811981,0.0,0.0,0.0,
0_+861682+204040,1358.0,17.5,1051.0,828.5,1101.0,934.5,934.5,915.0,985.0,1052.5,1013.0,1143.5,282.0,18.32926997293892,77.40625598083196,0.040472812950611115,-0.018456000834703445,0.0,0.0,0.0,
0_+861682+204041,1364.5,17.5,1093.0,851.5,1094.0,937.5,933.0,932.5,1008.0,1108.5,1006.0,1175.0,307.5,18.329359804467334,77.40625598083196,0.03782958537340164,-0.04148689657449722,0.0,0.0,0.0,
0_+861682+204042,1364.5,17.5,1093.0,851.5,1099.0,943.0,945.5,932.5,1008.0,1108.5,1015.0,1175.0,307.5,18.329449635995747,77.40625598083196,0.03560461476445198,-0.03705304116010666,0.0,0.0,0.0,
0_+861682+204043,1364.5,17.5,1314.5,972.0,1114.5,969.5,966.0,1023.0,1171.5,1297.0,1090.5,1407.0,307.5,18.329539467524157,77.40625598083196,0.06061914563179016,-0.09305211901664734,0.0,0.0,0.0,
0_+861682+204044,1364.5,17.5,1314.5,972.0,1137.0,1010.5,1034.0,1023.0,1171.5,1297.0,1237.5,1407.0,307.5,18.32962929905257,77.40625598083196,0.08978042751550674,-0.030106546357274055,0.0,0.0,0.0,
0_+861683+204012,1397.5,17.5,1357.5,1047.5,1117.5,950.0,962.5,991.0,1099.5,1196.5,1057.0,1314.5,367.5,18.32675469014339,77.40634581236037,0.04725811630487442,-0.12447451055049896,0.0,0.0,0.0,
0_+861683+204013,1397.5,17.5,1405.0,1090.0,1112.0,966.5,969.5,1035.5,1102.5,1257.0,1113.0,1333.5,367.5,18.3268445216718,77.40634581236037,0.06945370137691498,-0.11545774340629578,0.0,0.0,0.0,
0_+861683+204014,1397.5,17.5,1405.0,1090.0,1159.0,1014.0,1061.5,1035.5,1102.5,1257.0,1227.0,1333.5,367.5,18.326934353200212,77.40634581236037,0.07251549512147903,-0.06732110679149628,0.0,0.0,0.0,
0_+861683+204015,1397.5,17.5,1611.5,1269.0,1169.5,1059.5,1116.5,1154.5,1275.5,1401.0,1308.5,1559.5,367.5,18.327024184728625,77.40634581236037,0.07925976812839508,-0.10353925824165344,0.0,0.0,0.0,
0_+861683+204016,1397.5,17.5,1611.5,1269.0,1177.5,1067.0,1142.0,1154.5,1275.5,1401.0,1345.5,1559.5,367.5,18.327114016257035,77.40634581236037,0.08189579844474792,-0.08972916752099991,0.0,0.0,0.0,
0_+861683+204017,1393.0,16.5,1555.0,1216.5,1201.0,1085.5,1159.0,1129.5,1248.0,1364.5,1374.0,1510.5,347.5,18.327203847785448,77.40634581236037,0.08495631068944931,-0.0617145411670208,0.0,0.0,0.0,
0_+861683+204018,1393.0,16.5,1555.0,1216.5,1185.5,1049.5,1115.5,1129.5,1248.0,1364.5,1292.5,1510.5,347.5,18.327293679313858,77.40634581236037,0.07294982671737671,-0.0926976352930069,0.0,0.0,0.0,
0_+861683+204019,1393.0,16.5,1229.5,960.5,1131.0,974.0,997.5,988.5,1044.5,1174.0,1106.5,1238.5,347.5,18.32738351084227,77.40634581236037,0.05092109739780426,-0.05313438922166824,0.0,0.0,0.0,
0_+861683+204020,1393.0,16.5,1229.5,960.5,1101.5,941.5,932.0,988.5,1044.5,1174.0,1019.5,1238.5,347.5,18.327473342370684,77.40634581236037,0.045135706663131714,-0.09286253154277802,0.0,0.0,0.0,
0_+861683+204021,1393.0,16.5,1143.5,879.0,1106.5,937.5,932.5,954.5,1015.0,1142.5,1014.0,1191.0,347.5,18.327563173899094,77.40634581236037,0.04221128672361374,-0.059543270617723465,0.0,0.0,0.0,
0_+861683+204022,1393.0,16.5,1143.5,879.0,1109.5,951.0,950.0,954.5,1015.0,1142.5,1053.0,1191.0,347.5,18.327653005427507,77.40634581236037,0.05124788358807564,-0.041634753346443176,0.0,0.0,0.0,
0_+861683+204023,1320.0,8.0,1239.0,983.0,1063.0,959.0,956.0,1023.0,1193.0,1264.0,1184.0,1405.0,430.0,18.32774283695592,77.40634581236037,0.10654205828905106,-0.022699132561683655,0.0,0.0,0.0,
0_+861683+204024,1456.0,26.0,1309.0,972.0,1201.0,1047.0,1055.0,1045.0,1175.0,1312.0,1168.0,1462.0,301.0,18.32783266848433,77.40634581236037,0.05083220824599266,-0.056923698633909225,0.0,0.0,0.0,
0_+861683+204025,1388.0,17.0,1230.5,947.0,1134.5,988.0,986.0,996.5,1098.0,1204.5,1087.5,1282.5,365.5,18.327922500012743,77.40634581236037,0.04877637326717377,-0.061630066484212875,0.0,0.0,0.0,
0_+861683+204026,1388.0,17.0,1230.5,947.0,1130.5,976.0,985.5,996.5,1098.0,1204.5,1079.5,1282.5,365.5,18.328012331541156,77.40634581236037,0.04579933360219002,-0.06505966186523438,0.0,0.0,0.0,
0_+861683+204027,1388.0,17.0,1168.0,911.0,1122.5,978.5,984.0,959.5,1030.0,1137.0,1080.0,1222.5,365.5,18.328102163069566,77.40634581236037,0.046640027314424515,-0.039116255939006805,0.0,0.0,0.0,
0_+861683+204028,1388.0,17.0,1168.0,911.0,1122.0,967.0,971.0,959.5,1030.0,1137.0,1059.5,1222.5,365.5,18.32819199459798,77.40634581236037,0.04368407279253006,-0.04867887124419212,0.0,0.0,0.0,
0_+861683+204029,1379.0,18.5,1220.5,922.0,1119.0,966.0,961.5,1003.5,1046.0,1128.5,1046.5,1214.0,398.5,18.32828182612639,77.40634581236037,0.04253770783543587,-0.07675226777791977,0.0,0.0,0.0,
0_+861683+204030,1379.0,18.5,1220.5,922.0,1119.0,967.5,968.5,1003.5,1046.0,1128.5,1060.0,1214.0,398.5,18.328371657654802,77.40634581236037,0.04552465304732323,-0.0703774094581604,0.0,0.0,0.0,
0_+861683+204031,1379.0,18.5,1297.5,997.5,1140.5,1001.0,1034.0,1059.5,1135.5,1254.5,1134.0,1327.5,398.5,18.328461489183216,77.40634581236037,0.04669098183512688,-0.0676838830113411,0.0,0.0,0.0,
0_+861683+204032,,,,,,,,,,,,,,18.328551320711625,77.40634581236037,,,,,,
0_+861683+204033,1442.0,27.0,1225.0,906.0,1185.0,1008.0,1023.0,1007.0,1084.0,1160.0,1111.0,1275.0,306.0,18.32864115224004,77.40634581236037,0.04123711213469505,-0.04880136996507645,0.0,0.0,0.0,
0_+861683+204034,1379.0,18.5,1269.0,955.0,1109.5,966.0,954.0,1027.0,1110.0,1233.5,1048.0,1282.0,398.5,18.328730983768452,77.40634581236037,0.04678960144519806,-0.0953146293759346,0.0,0.0,0.0,
0_+861683+204035,1360.5,18.0,1066.0,834.5,1097.0,949.0,935.5,925.0,982.0,1100.0,997.5,1130.0,288.5,18.32882081529686,77.40634581236037,0.03238479793071747,-0.03307577967643738,0.0,0.0,0.0,
0_+861683+204036,1360.5,18.0,1066.0,834.5,1104.0,949.5,930.5,925.0,982.0,1100.0,1008.0,1130.0,288.5,18.328910646825275,77.40634581236037,0.04017937555909157,-0.027853192761540413,0.0,0.0,0.0,
0_+861683+204037,1360.5,18.0,1029.0,818.5,1095.0,946.0,935.0,916.0,993.5,1068.0,1008.0,1128.5,288.5,18.329000478353688,77.40634581236037,0.03777996078133583,-0.010312180034816265,0.0,0.0,0.0,
0_+861683+204038,1360.5,18.0,1029.0,818.5,1098.5,945.5,928.0,916.0,993.5,1068.0,993.0,1128.5,288.5,18.329090309882098,77.40634581236037,0.03428376838564873,-0.0178072452545166,0.0,0.0,0.0,
0_+861683+204039,1360.5,18.0,1043.5,824.5,1096.5,944.0,937.0,916.0,980.5,1064.5,989.0,1130.0,288.5,18.32918014141051,77.40634581236037,0.02724715694785118,-0.02681642770767212,0.0,0.0,0.0,
0_+861683+204040,1360.5,18.0,1043.5,824.5,1102.0,943.5,928.0,916.0,980.5,1064.5,1007.5,1130.0,288.5,18.32926997293892,77.40634581236037,0.041333530098199844,-0.01755727268755436,0.0,0.0,0.0,
0_+861683+204041,1368.0,18.0,1057.5,829.0,1110.5,951.0,920.0,918.0,986.0,1053.5,992.5,1127.5,318.0,18.329359804467334,77.40634581236037,0.03825652226805687,-0.0317026786506176,0.0,0.0,0.0,
0_+861683+204042,1368.0,18.0,1057.5,829.0,1106.5,943.5,932.5,918.0,986.0,1053.5,997.5,1127.5,318.0,18.329449635995747,77.40634581236037,0.03386624902486801,-0.02919764071702957,0.0,0.0,0.0,
0_+861683+204043,1368.0,18.0,1187.5,902.5,1100.5,938.5,921.0,962.5,1053.0,1176.0,1012.5,1251.0,318.0,18.329539467524157,77.40634581236037,0.047428738325834274,-0.07915295660495758,0.0,0.0,0.0,
0_+861683+204044,1368.0,18.0,1187.5,902.5,1118.5,964.0,960.0,962.5,1053.0,1176.0,1103.0,1251.0,318.0,18.32962929905257,77.40634581236037,0.06966887414455414,-0.03679050877690315,0.0,0.0,0.0,
0_+861683+204045,1368.0,18.0,1524.5,1087.0,1134.0,991.5,996.5,1085.5,1273.0,1425.5,1266.5,1541.0,318.0,18.329719130580983,77.40634581236037,0.11970340460538864,-0.0919848382472992,0.0,0.0,0.0,
0_+861684+204013,1397.5,17.5,1405.0,1090.0,1104.5,971.5,984.5,1035.5,1102.5,1257.0,1111.5,1333.5,367.5,18.3268445216718,77.40643564388878,0.060826849192380905,-0.11639779806137085,0.0,0.0,0.0,
0_+861684+204014,1397.5,17.5,1405.0,1090.0,1154.0,1029.0,1082.0,1035.5,1102.5,1257.0,1246.5,1333.5,367.5,18.326934353200212,77.40643564388878,0.07121459394693375,-0.05921689420938492,0.0,0.0,0.0,
0_+861684+204015,1397.5,17.5,1611.5,1269.0,1178.0,1070.5,1147.0,1154.5,1275.5,1401.0,1345.5,1559.5,367.5,18.327024184728625,77.40643564388878,0.07961708307266235,-0.08975240588188171,0.0,0.0,0.0,
0_+861684+204016,1397.5,17.5,1611.5,1269.0,1190.5,1067.5,1155.0,1154.5,1275.5,1401.0,1361.0,1559.5,367.5,18.327114016257035,77.40643564388878,0.08194687217473984,-0.08404677361249924,0.0,0.0,0.0,
0_+861684+204017,1393.0,16.5,1555.0,1216.5,1182.5,1078.0,1160.0,1129.5,1248.0,1364.5,1387.0,1510.5,347.5,18.327203847785448,77.40643564388878,0.08920660614967346,-0.05699760466814041,0.0,0.0,0.0,
0_+861684+204018,1393.0,16.5,1555.0,1216.5,1191.0,1061.0,1135.0,1129.5,1248.0,1364.5,1317.0,1510.5,347.5,18.327293679313858,77.40643564388878,0.07362638413906097,-0.08340664952993393,0.0,0.0,0.0,
0_+861684+204019,1393.0,16.5,1229.5,960.5,1141.5,991.5,1011.0,988.5,1044.5,1174.0,1124.5,1238.5,347.5,18.32738351084227,77.40643564388878,0.05234988033771515,-0.044977568089962006,0.0,0.0,0.0,
0_+861684+204020,1393.0,16.5,1229.5,960.5,1107.0,957.0,949.0,988.5,1044.5,1174.0,1043.5,1238.5,347.5,18.327473342370684,77.40643564388878,0.04763290658593178,-0.08131789416074753,0.0,0.0,0.0,
0_+861684+204021,1393.0,16.5,1143.5,879.0,1119.0,961.0,949.5,954.5,1015.0,1142.5,1030.0,1191.0,347.5,18.327563173899094,77.40643564388878,0.040866099298000336,-0.051653578877449036,0.0,0.0,0.0,
0_+861684+204022,1393.0,16.5,1143.5,879.0,1104.0,957.0,949.5,954.5,1015.0,1142.5,1053.0,1191.0,347.5,18.327653005427507,77.40643564388878,0.05212663486599922,-0.04082736000418663,0.0,0.0,0.0,
0_+861684+204023,1320.0,8.0,1239.0,983.0,1073.0,936.0,950.0,1023.0,1193.0,1264.0,1132.0,1405.0,430.0,18.32774283695592,77.40643564388878,0.08741594851016998,-0.04512863606214523,0.0,0.0,0.0,
0_+861684+204024,1456.0,26.0,1309.0,972.0,1213.0,1055.0,1073.0,1045.0,1175.0,1312.0,1170.0,1462.0,301.0,18.32783266848433,77.40643564388878,0.04324565455317497,-0.05607099458575249,0.0,0.0,0.0,
0_+861684+204025,1388.0,17.0,1230.5,947.0,1141.5,1012.0,1039.0,996.5,1098.0,1204.5,1160.5,1282.5,365.5,18.327922500012743,77.40643564388878,0.05434662103652954,-0.029820600524544716,0.0,0.0,0.0,
0_+861684+204026,1388.0,17.0,1230.5,947.0,1144.0,998.0,1033.0,996.5,1098.0,1204.5,1121.0,1282.5,365.5,18.328012331541156,77.40643564388878,0.040876276791095734,-0.04625537991523743,0.0,0.0,0.0,
0_+861684+204027,1388.0,17.0,1168.0,911.0,1132.0,996.5,1014.5,959.5,1030.0,1137.0,1096.5,1222.5,365.5,18.328102163069566,77.40643564388878,0.0387653224170208,-0.03162200748920441,0.0,0.0,0.0,
0_+861684+204028,1388.0,17.0,1168.0,911.0,1135.5,986.0,965.5,959.5,1030.0,1137.0,1083.0,1222.5,365.5,18.32819199459798,77.40643564388878,0.05734245106577873,-0.037851545959711075,0.0,0.0,0.0,
0_+861684+204029,1379.0,18.5,1220.5,922.0,1121.0,963.0,969.5,1003.5,1046.0,1128.5,1088.5,1214.0,398.5,18.32828182612639,77.40643564388878,0.05791805312037468,-0.05716686695814133,0.0,0.0,0.0,
0_+861684+204030,1379.0,18.5,1220.5,922.0,1131.5,970.5,972.0,1003.5,1046.0,1128.5,1085.0,1214.0,398.5,18.328371657654802,77.40643564388878,0.055130381137132645,-0.05877060815691948,0.0,0.0,0.0,
0_+861684+204031,1379.0,18.5,1297.5,997.5,1130.5,999.0,1010.5,1059.5,1135.5,1254.5,1154.5,1327.5,398.5,18.328461489183216,77.40643564388878,0.06716354936361313,-0.05815400555729866,0.0,0.0,0.0,
0_+861684+204032,1379.0,18.5,1297.5,997.5,1161.0,1043.0,1093.0,1059.5,1135.5,1254.5,1290.5,1327.5,398.5,18.328551320711625,77.40643564388878,0.08294440060853958,-0.0027821939438581467,0.0,0.0,0.0,
0_+861684+204033,,,,,,,,,,,,,,18.32864115224004,77.40643564388878,,,,,,
0_+861684+204034,1379.0,18.5,1269.0,955.0,1124.0,976.5,974.5,1027.0,1110.0,1233.5,1131.0,1282.0,398.5,18.328730983768452,77.40643564388878,0.07277852296829224,-0.0586199089884758,0.0,0.0,0.0,
0_+861684+204035,1360.5,18.0,1066.0,834.5,1107.5,954.0,938.5,925.0,982.0,1100.0,1011.0,1130.0,288.5,18.32882081529686,77.40643564388878,0.03722367808222771,-0.026434671133756638,0.0,0.0,0.0,
0_+861684+204036,1360.5,18.0,1066.0,834.5,1109.0,951.5,924.5,925.0,982.0,1100.0,995.5,1130.0,288.5,18.328910646825275,77.40643564388878,0.037182629108428955,-0.034114595502614975,0.0,0.0,0.0,
0_+861684+204037,1360.5,18.0,1029.0,818.5,1108.5,945.5,929.0,916.0,993.5,1068.0,994.5,1128.5,288.5,18.329000478353688,77.40643564388878,0.03432219475507736,-0.01710812747478485,0.0,0.0,0.0,
0_+861684+204038,1360.5,18.0,1029.0,818.5,1098.5,946.5,930.0,916.0,993.5,1068.0,991.0,1128.5,288.5,18.329090309882098,77.40643564388878,0.03220087289810181,-0.018811151385307312,0.0,0.0,0.0,
0_+861684+204039,1360.5,18.0,1043.5,824.5,1104.5,950.0,933.0,916.0,980.5,1064.5,992.5,1130.0,288.5,18.32918014141051,77.40643564388878,0.03114834986627102,-0.02505403757095337,0.0,0.0,0.0,
0_+861684+204040,1360.5,18.0,1043.5,824.5,1108.5,946.5,923.5,916.0,980.5,1064.5,996.5,1130.0,288.5,18.32926997293892,77.40643564388878,0.03831277787685394,-0.023042187094688416,0.0,0.0,0.0,
0_+861684+204041,1368.0,18.0,1057.5,829.0,1092.5,944.0,915.0,918.0,986.0,1053.5,990.5,1127.5,318.0,18.329359804467334,77.40643564388878,0.03982289507985115,-0.03271547704935074,0.0,0.0,0.0,
0_+861684+204042,1368.0,18.0,1057.5,829.0,1099.5,941.5,927.5,918.0,986.0,1053.5,1000.0,1127.5,318.0,18.329449635995747,77.40643564388878,0.03773019462823868,-0.027942189946770668,0.0,0.0,0.0,
0_+861684+204043,1368.0,18.0,1187.5,902.5,1099.0,943.0,925.0,962.5,1053.0,1176.0,1018.5,1251.0,318.0,18.329539467524157,77.40643564388878,0.04829087108373642,-0.07625563442707062,0.0,0.0,0.0,
0_+861684+204044,1296.0,10.0,1142.0,916.0,1050.0,916.0,917.0,941.0,1016.0,1140.0,1079.0,1221.0,374.0,18.32962929905257,77.40643564388878,0.08116232603788376,-0.0283656008541584,0.0,0.0,0.0,
0_+861684+204045,1368.0,18.0,1524.5,1087.0,1135.5,990.5,962.5,1085.5,1273.0,1425.5,1432.0,1541.0,318.0,18.329719130580983,77.40643564388878,0.19572307169437408,-0.03198356553912163,0.0,0.0,0.0,
0_+861685+204013,1397.5,17.5,1481.5,1163.0,1118.5,964.5,1001.5,1068.0,1163.5,1292.0,1117.5,1408.5,367.5,18.3268445216718,77.4065254754172,0.055171310901641846,-0.1402086317539215,0.0,0.0,0.0,
0_+861685+204014,1397.5,17.5,1481.5,1163.0,1157.0,1038.0,1101.0,1068.0,1163.5,1292.0,1289.0,1408.5,367.5,18.326934353200212,77.4065254754172,0.07907963544130325,-0.0693965032696724,0.0,0.0,0.0,
0_+861685+204015,1397.5,17.5,1699.5,1341.5,1193.0,1079.5,1175.0,1176.0,1311.5,1428.5,1385.0,1594.0,367.5,18.327024184728625,77.4065254754172,0.0819908007979393,-0.10181204974651337,0.0,0.0,0.0,
0_+861685+204016,1397.5,17.5,1699.5,1341.5,1188.0,1074.5,1165.0,1176.0,1311.5,1428.5,1382.5,1594.0,367.5,18.327114016257035,77.4065254754172,0.08539550751447678,-0.10269574820995331,0.0,0.0,0.0,
0_+861685+204017,1393.0,16.5,1630.5,1273.5,1189.5,1064.5,1150.0,1169.5,1265.0,1420.0,1373.5,1543.5,347.5,18.327203847785448,77.4065254754172,0.08857515454292297,-0.0854024738073349,0.0,0.0,0.0,
0_+861685+204018,1393.0,16.5,1630.5,1273.5,1178.0,1055.5,1127.0,1169.5,1265.0,1420.0,1306.0,1543.5,347.5,18.327293679313858,77.4065254754172,0.073014035820961,-0.11084144562482834,0.0,0.0,0.0,
0_+861685+204019,1393.0,16.5,1271.5,1004.0,1136.0,1009.0,1018.0,1020.0,1106.5,1213.5,1184.5,1318.0,347.5,18.32738351084227,77.4065254754172,0.07442902773618698,-0.03589322045445442,0.0,0.0,0.0,
0_+861685+204020,1393.0,16.5,1271.5,1004.0,1112.5,967.5,983.0,1020.0,1106.5,1213.5,1066.5,1318.0,347.5,18.327473342370684,77.4065254754172,0.04072117060422897,-0.0870504379272461,0.0,0.0,0.0,
0_+861685+204021,1393.0,16.5,1137.0,893.0,1120.0,965.5,956.5,949.0,1031.0,1117.5,1026.0,1199.5,347.5,18.327563173899094,77.4065254754172,0.035309843719005585,-0.051080476492643356,0.0,0.0,0.0,
0_+861685+204022,1393.0,16.5,1137.0,893.0,1112.5,952.5,943.0,949.0,1031.0,1117.5,1058.5,1199.5,347.5,18.327653005427507,77.4065254754172,0.05782466009259224,-0.03568662703037262,0.0,0.0,0.0,
0_+861685+204023,1388.0,17.0,1363.5,1021.5,1142.5,1008.0,1024.5,1094.0,1202.5,1324.0,1175.0,1411.0,365.5,18.32774283695592,77.4065254754172,0.06766945868730545,-0.07505770027637482,0.0,0.0,0.0,
0_+861685+204024,1456.0,26.0,1459.0,1035.0,1227.0,1089.0,1123.0,1126.0,1250.0,1376.0,1301.0,1493.0,301.0,18.32783266848433,77.4065254754172,0.07343234121799469,-0.0572463758289814,0.0,0.0,0.0,
0_+861685+204025,1388.0,17.0,1621.5,1168.0,1184.0,1054.5,1105.0,1307.0,1431.5,1607.5,1249.5,1687.5,365.5,18.327922500012743,77.4065254754172,0.060421451926231384,-0.13022775948047638,0.0,0.0,0.0,
0_+861685+204026,1388.0,17.0,1621.5,1168.0,1183.0,1069.0,1083.0,1307.0,1431.5,1607.5,1227.5,1687.5,365.5,18.328012331541156,77.4065254754172,0.062332458794116974,-0.13834844529628754,0.0,0.0,0.0,
0_+861685+204027,1388.0,17.0,1650.5,1202.5,1174.5,1053.5,1107.5,1294.0,1526.5,1749.0,1308.0,1909.0,365.5,18.328102163069566,77.4065254754172,0.08275488018989563,-0.11603289097547531,0.0,0.0,0.0,
0_+861685+204028,1388.0,17.0,1650.5,1202.5,1188.0,1064.0,1128.0,1294.0,1526.5,1749.0,1332.5,1909.0,365.5,18.32819199459798,77.4065254754172,0.08315403759479523,-0.10679654777050018,0.0,0.0,0.0,
0_+861685+204029,1379.0,18.5,1614.0,1106.5,1199.5,1090.0,1123.5,1167.0,1623.0,1965.5,1421.0,2093.5,398.5,18.32828182612639,77.4065254754172,0.11710134148597717,-0.0637022852897644,0.0,0.0,0.0,
0_+861685+204030,1379.0,18.5,1614.0,1106.5,1178.0,1075.5,1127.0,1167.0,1623.0,1965.5,1537.5,2093.5,398.5,18.328371657654802,77.4065254754172,0.15512408316135406,-0.024168461561203003,0.0,0.0,0.0,
0_+861685+204031,1379.0,18.5,1589.0,1036.5,1159.0,1053.0,1087.0,1102.5,1616.5,1954.0,1496.0,2222.5,398.5,18.328461489183216,77.4065254754172,0.15836754441261292,-0.030567554756999016,0.0,0.0,0.0,
0_+861685+204032,1379.0,18.5,1589.0,1036.5,1169.5,1037.5,1072.0,1102.5,1616.5,1954.0,1411.5,2222.5,398.5,18.328551320711625,77.4065254754172,0.13666145503520966,-0.059034887701272964,0.0,0.0,0.0,
0_+861685+204033,1379.0,18.5,1359.0,944.5,1151.5,1023.5,1056.0,1024.5,1283.0,1431.0,1329.0,1625.0,398.5,18.32864115224004,77.4065254754172,0.11370830982923508,-0.010898090898990631,0.0,0.0,0.0,
0_+861685+204034,1379.0,18.5,1359.0,944.5,1128.5,980.5,982.0,1024.5,1283.0,1431.0,1112.5,1625.0,398.5,18.328730983768452,77.4065254754172,0.06117887794971466,-0.09984269738197327,0.0,0.0,0.0,
0_+861685+204035,1360.5,18.0,1069.5,822.5,1112.5,959.0,943.0,928.5,1015.5,1070.0,1041.5,1201.0,288.5,18.32882081529686,77.4065254754172,0.049703698605298996,-0.013073419220745564,0.0,0.0,0.0,
0_+861685+204036,1360.5,18.0,1069.5,822.5,1094.5,956.0,929.5,928.5,1015.5,1070.0,990.5,1201.0,288.5,18.328910646825275,77.4065254754172,0.03196407109498978,-0.03811320289969444,0.0,0.0,0.0,
0_+861685+204037,1360.5,18.0,1025.5,802.5,1105.5,940.0,920.5,914.5,979.5,1070.0,989.5,1124.0,288.5,18.329000478353688,77.4065254754172,0.036407794803380966,-0.017865516245365143,0.0,0.0,0.0,
0_+861685+204038,1360.5,18.0,1025.5,802.5,1106.5,952.0,925.5,914.5,979.5,1070.0,994.5,1124.0,288.5,18.329090309882098,77.4065254754172,0.03623967245221138,-0.015363874845206738,0.0,0.0,0.0,
0_+861685+204039,1360.5,18.0,1022.0,813.5,1101.5,948.5,936.5,919.5,973.0,1069.5,1003.0,1130.0,288.5,18.32918014141051,77.4065254754172,0.03467375040054321,-0.009376317262649536,0.0,0.0,0.0,
0_+861685+204040,1360.5,18.0,1022.0,813.5,1110.5,940.0,929.5,919.5,973.0,1069.5,998.5,1130.0,288.5,18.32926997293892,77.4065254754172,0.036039743572473526,-0.01162693277001381,0.0,0.0,0.0,
0_+861685+204041,1368.0,18.0,1018.5,813.5,1108.0,936.0,925.0,918.5,975.0,1060.0,995.0,1120.5,318.0,18.329359804467334,77.4065254754172,0.03662052005529404,-0.011661206372082233,0.0,0.0,0.0,
0_+861685+204042,1368.0,18.0,1018.5,813.5,1100.0,941.5,933.0,918.5,975.0,1060.0,990.0,1120.5,318.0,18.329449635995747,77.4065254754172,0.029959144070744514,-0.01418149471282959,0.0,0.0,0.0,
0_+861685+204043,1368.0,18.0,1118.0,860.0,1096.0,943.0,927.5,932.0,1037.0,1128.0,1013.0,1236.5,318.0,18.329539467524157,77.4065254754172,0.044255927205085754,-0.04861707240343094,0.0,0.0,0.0,
0_+861685+204044,1368.0,18.0,1118.0,860.0,1096.0,964.0,941.5,932.0,1037.0,1128.0,1112.5,1236.5,318.0,18.32962929905257,77.4065254754172,0.08296296000480652,-0.0023534446954727173,0.0,0.0,0.0,
0_+861685+204045,1368.0,18.0,1509.5,1088.5,1136.5,1023.0,1013.0,1093.5,1263.0,1432.5,1383.5,1557.5,318.0,18.329719130580983,77.4065254754172,0.15453094244003296,-0.04359196498990059,0.0,0.0,0.0,
0_+861686+204013,1397.5,17.5,1481.5,1163.0,1133.0,982.5,1011.5,1068.0,1163.5,1292.0,1158.5,1408.5,367.5,18.3268445216718,77.40661530694561,0.06829360127449036,-0.12199343740940094,0.0,0.0,0.0,
0_+861686+204014,1397.5,17.5,1481.5,1163.0,1168.0,1043.0,1090.0,1068.0,1163.5,1292.0,1301.5,1408.5,367.5,18.326934353200212,77.40661530694561,0.08897895365953445,-0.06463313102722168,0.0,0.0,0.0,
0_+861686+204015,1397.5,17.5,1699.5,1341.5,1207.5,1086.0,1179.5,1176.0,1311.5,1428.5,1375.5,1594.0,367.5,18.327024184728625,77.40661530694561,0.0767747163772583,-0.10519325733184814,0.0,0.0,0.0,
0_+861686+204016,1397.5,17.5,1699.5,1341.5,1212.0,1094.0,1189.0,1176.0,1311.5,1428.5,1408.5,1594.0,367.5,18.327114016257035,77.40661530694561,0.08453736454248428,-0.09346102178096771,0.0,0.0,0.0,
0_+861686+204017,1393.0,16.5,1630.5,1273.5,1207.0,1088.5,1185.0,1169.5,1265.0,1420.0,1415.0,1543.5,347.5,18.327203847785448,77.40661530694561,0.08835664391517639,-0.07068685442209244,0.0,0.0,0.0,
0_+861686+204018,1393.0,16.5,1630.5,1273.5,1184.5,1071.0,1146.5,1169.5,1265.0,1420.0,1364.5,1543.5,347.5,18.327293679313858,77.40661530694561,0.08604545146226883,-0.08941927552223206,0.0,0.0,0.0,
0_+861686+204019,1393.0,16.5,1271.5,1004.0,1148.0,1020.5,1055.5,1020.0,1106.5,1213.5,1211.5,1318.0,347.5,18.32738351084227,77.40661530694561,0.06778015196323395,-0.024725403636693954,0.0,0.0,0.0,
0_+861686+204020,1393.0,16.5,1271.5,1004.0,1126.5,981.5,995.0,1020.0,1106.5,1213.5,1082.0,1318.0,347.5,18.327473342370684,77.40661530694561,0.04193219542503357,-0.07984159886837006,0.0,0.0,0.0,
0_+861686+204021,1393.0,16.5,1137.0,893.0,1114.5,972.5,965.0,949.0,1031.0,1117.5,1055.5,1199.5,347.5,18.327563173899094,77.40661530694561,0.0448053702712059,-0.0369267575442791,0.0,0.0,0.0,
0_+861686+204022,1393.0,16.5,1137.0,893.0,1116.0,961.0,952.5,949.0,1031.0,1117.5,1044.5,1199.5,347.5,18.327653005427507,77.40661530694561,0.04615316912531853,-0.04219156503677368,0.0,0.0,0.0,
0_+861686+204023,1388.0,17.0,1363.5,1021.5,1138.0,993.5,1013.0,1094.0,1202.5,1324.0,1144.0,1411.0,365.5,18.32774283695592,77.40661530694561,0.06103949621319771,-0.08730090409517288,0.0,0.0,0.0,
0_+861686+204024,1456.0,26.0,1459.0,1035.0,1257.0,1144.0,1201.0,1126.0,1250.0,1376.0,1445.0,1493.0,301.0,18.32783266848433,77.40661530694561,0.0922146663069725,-0.0048209368251264095,0.0,0.0,0.0,
0_+861686+204025,1456.0,26.0,1649.0,1131.0,1286.0,1187.0,1357.0,1283.0,1390.0,1563.0,1610.0,1663.0,301.0,18.327922500012743,77.40661530694561,0.08527132123708725,-0.011966860853135586,0.0,0.0,0.0,
0_+861686+204026,,,,,,,,,,,,,,18.328012331541156,77.40661530694561,,,,,,
0_+861686+204027,,,,,,,,,,,,,,18.328102163069566,77.40661530694561,,,,,,
0_+861686+204028,,,,,,,,,,,,,,18.32819199459798,77.40661530694561,,,,,,
0_+861686+204029,,,,,,,,,,,,,,18.32828182612639,77.40661530694561,,,,,,
0_+861686+204030,,,,,,,,,,,,,,18.328371657654802,77.40661530694561,,,,,,
0_+861686+204031,,,,,,,,,,,,,,18.328461489183216,77.40661530694561,,,,,,
0_+861686+204032,,,,,,,,,,,,,,18.328551320711625,77.40661530694561,,,,,,
0_+861686+204033,,,,,,,,,,,,,,18.32864115224004,77.40661530694561,,,,,,
0_+861686+204034,1379.0,18.5,1359.0,944.5,1107.5,960.0,963.0,1024.5,1283.0,1431.0,1131.5,1625.0,398.5,18.328730983768452,77.40661530694561,0.07966297119855881,-0.09117944538593292,0.0,0.0,0.0,
0_+861686+204035,1360.5,18.0,1069.5,822.5,1112.0,961.0,945.0,928.5,1015.5,1070.0,1027.0,1201.0,288.5,18.32882081529686,77.40661530694561,0.041807107627391815,-0.020007645711302757,0.0,0.0,0.0,
0_+861686+204036,1360.5,18.0,1069.5,822.5,1118.0,954.0,934.5,928.5,1015.5,1070.0,1010.0,1201.0,288.5,18.328910646825275,77.40661530694561,0.03888777270913124,-0.028481509536504745,0.0,0.0,0.0,
0_+861686+204037,1360.5,18.0,1025.5,802.5,1110.5,942.5,936.0,914.5,979.5,1070.0,984.5,1124.0,288.5,18.329000478353688,77.40661530694561,0.0254631657153368,-0.020408038049936295,0.0,0.0,0.0,
0_+861686+204038,1360.5,18.0,1025.5,802.5,1102.5,949.5,926.5,914.5,979.5,1070.0,995.0,1124.0,288.5,18.329090309882098,77.40661530694561,0.03590966388583183,-0.015096934512257576,0.0,0.0,0.0,
0_+861686+204039,1431.0,26.0,1028.0,788.0,1156.0,987.0,960.0,933.0,977.0,1080.0,995.0,1133.0,237.0,18.32918014141051,77.40661530694561,0.017902813851833344,-0.016312407329678535,0.0,0.0,0.0,
0_+861686+204040,1360.5,18.0,1022.0,813.5,1102.0,941.0,924.5,919.5,973.0,1069.5,984.5,1130.0,288.5,18.32926997293892,77.40661530694561,0.031661584973335266,-0.018699239939451218,0.0,0.0,0.0,
0_+861686+204041,1368.0,18.0,1018.5,813.5,1110.0,940.5,923.0,918.5,975.0,1060.0,980.0,1120.5,318.0,18.329359804467334,77.40661530694561,0.030144795775413513,-0.019255220890045166,0.0,0.0,0.0,
0_+861686+204042,1368.0,18.0,1018.5,813.5,1100.5,945.5,923.5,918.5,975.0,1060.0,989.5,1120.5,318.0,18.329449635995747,77.40661530694561,0.034630030393600464,-0.01447712816298008,0.0,0.0,0.0,
0_+861686+204043,1368.0,18.0,1118.0,860.0,1101.5,940.0,930.5,932.0,1037.0,1128.0,1012.0,1236.5,318.0,18.329539467524157,77.40661530694561,0.042096056044101715,-0.04910798370838165,0.0,0.0,0.0,
0_+861686+204044,1368.0,18.0,1118.0,860.0,1107.0,943.5,947.0,932.0,1037.0,1128.0,1028.0,1236.5,318.0,18.32962929905257,77.40661530694561,0.04126622527837753,-0.04140660539269447,0.0,0.0,0.0,
0_+861686+204045,1368.0,18.0,1509.5,1088.5,1116.5,970.0,993.0,1093.5,1263.0,1432.5,1184.5,1557.5,318.0,18.329719130580983,77.40661530694561,0.08760333061218262,-0.12140661478042603,0.0,0.0,0.0,
0_+861687+204014,1397.5,17.5,1771.0,1321.5,1181.0,1058.5,1136.5,1178.0,1315.5,1455.5,1362.5,1602.0,367.5,18.326934353200212,77.40670513847401,0.09084099531173706,-0.13019758462905884,0.0,0.0,0.0,
0_+861687+204015,1397.5,17.5,1894.5,1460.5,1225.5,1128.0,1247.0,1318.0,1420.0,1603.5,1460.0,1703.5,367.5,18.327024184728625,77.40670513847401,0.07865166664123535,-0.12951946258544922,0.0,0.0,0.0,
0_+861687+204016,1397.5,17.5,1894.5,1460.5,1238.5,1147.0,1274.0,1318.0,1420.0,1603.5,1488.5,1703.5,367.5,18.327114016257035,77.40670513847401,0.07753615826368332,-0.12008495628833771,0.0,0.0,0.0,
0_+861687+204017,1393.0,16.5,1769.0,1380.0,1238.5,1132.0,1247.0,1279.5,1398.0,1545.5,1467.0,1689.5,347.5,18.327203847785448,77.40670513847401,0.08081807941198349,-0.09333783388137817,0.0,0.0,0.0,
0_+861687+204018,1393.0,16.5,1769.0,1380.0,1201.0,1086.5,1192.5,1279.5,1398.0,1545.5,1419.5,1689.5,347.5,18.327293679313858,77.40670513847401,0.08658983558416367,-0.10979916155338287,0.0,0.0,0.0,
0_+861687+204019,1393.0,16.5,1382.5,1060.5,1161.5,1032.0,1092.0,1071.5,1181.0,1275.0,1245.0,1406.5,347.5,18.32738351084227,77.40670513847401,0.06435523927211761,-0.052487365901470184,0.0,0.0,0.0,
0_+861687+204020,1393.0,16.5,1382.5,1060.5,1132.0,993.0,1005.5,1071.5,1181.0,1275.0,1109.5,1406.5,347.5,18.327473342370684,77.40670513847401,0.048974327743053436,-0.10842856764793396,0.0,0.0,0.0,
0_+861687+204021,1393.0,16.5,1136.0,874.0,1124.0,968.5,979.0,955.0,996.5,1116.5,1046.5,1145.5,347.5,18.327563173899094,77.40670513847401,0.03339404612779617,-0.040997326374053955,0.0,0.0,0.0,
0_+861687+204022,1393.0,16.5,1136.0,874.0,1119.0,964.0,954.0,955.0,996.5,1116.5,1046.0,1145.5,347.5,18.327653005427507,77.40670513847401,0.04622568562626839,-0.041248783469200134,0.0,0.0,0.0,
0_+861687+204023,1388.0,17.0,1370.0,1028.0,1132.0,975.0,981.0,1070.5,1234.5,1346.0,1124.0,1501.5,365.5,18.32774283695592,77.40670513847401,0.06755468249320984,-0.09766821563243866,0.0,0.0,0.0,
0_+861687+204024,1320.0,8.0,1248.0,1012.0,1110.0,1014.0,1036.0,1037.0,1154.0,1191.0,1218.0,1339.0,430.0,18.32783266848433,77.40670513847401,0.08074533939361572,-0.012165450491011143,0.0,0.0,0.0,
0_+861687+204025,,,,,,,,,,,,,,18.327922500012743,77.40670513847401,,,,,,
0_+861687+204026,,,,,,,,,,,,,,18.328012331541156,77.40670513847401,,,,,,
0_+861687+204027,,,,,,,,,,,,,,18.328102163069566,77.40670513847401,,,,,,
0_+861687+204028,,,,,,,,,,,,,,18.32819199459798,77.40670513847401,,,,,,
0_+861687+204029,,,,,,,,,,,,,,18.32828182612639,77.40670513847401,,,,,,
0_+861687+204030,,,,,,,,,,,,,,18.328371657654802,77.40670513847401,,,,,,
0_+861687+204031,,,,,,,,,,,,,,18.328461489183216,77.40670513847401,,,,,,
0_+861687+204032,,,,,,,,,,,,,,18.328551320711625,77.40670513847401,,,,,,
0_+861687+204033,,,,,,,,,,,,,,18.32864115224004,77.40670513847401,,,,,,
0_+861687+204034,1442.0,27.0,1317.0,911.0,1172.0,1015.0,975.0,1035.0,1361.0,1519.0,1187.0,1622.0,306.0,18.328730983768452,77.40670513847401,0.0980573520064354,-0.0519169345498085,0.0,0.0,0.0,
0_+861687+204035,1431.0,26.0,1059.0,803.0,1170.0,994.0,987.0,942.0,1027.0,1091.0,1022.0,1186.0,237.0,18.32882081529686,77.40670513847401,0.017421603202819824,-0.017779912799596786,0.0,0.0,0.0,
0_+861687+204036,1360.5,18.0,1107.0,837.5,1111.0,948.0,933.5,949.0,1049.0,1119.5,1018.0,1205.5,288.5,18.328910646825275,77.40670513847401,0.0432741679251194,-0.041513554751873016,0.0,0.0,0.0,
0_+861687+204037,1360.5,18.0,1020.5,801.5,1105.0,939.5,926.5,917.5,987.0,1084.0,993.0,1115.0,288.5,18.329000478353688,77.40670513847401,0.03472334146499634,-0.013747723773121834,0.0,0.0,0.0,
0_+861687+204038,1360.5,18.0,1020.5,801.5,1106.5,941.5,922.0,917.5,987.0,1084.0,977.5,1115.0,288.5,18.329090309882098,77.40670513847401,0.029411977156996727,-0.021531887352466583,0.0,0.0,0.0,
0_+861687+204039,1360.5,18.0,1019.5,803.0,1105.5,940.0,918.0,912.5,985.5,1075.0,973.0,1139.0,288.5,18.32918014141051,77.40670513847401,0.029267391189932823,-0.023328421637415886,0.0,0.0,0.0,
0_+861687+204040,1360.5,18.0,1019.5,803.0,1095.0,941.0,919.0,912.5,985.5,1075.0,973.0,1139.0,288.5,18.32926997293892,77.40670513847401,0.02875073254108429,-0.02331974171102047,0.0,0.0,0.0,
0_+861687+204041,1368.0,18.0,1037.0,813.5,1094.0,936.5,917.5,910.0,983.0,1054.0,981.5,1139.5,318.0,18.329359804467334,77.40670513847401,0.03387763351202011,-0.027496956288814545,0.0,0.0,0.0,
0_+861687+204042,1368.0,18.0,1037.0,813.5,1097.5,941.0,919.0,910.0,983.0,1054.0,991.5,1139.5,318.0,18.329449635995747,77.40670513847401,0.03829461708664894,-0.022429704666137695,0.0,0.0,0.0,
0_+861687+204043,1368.0,18.0,1100.0,835.0,1097.5,946.0,922.5,928.0,999.5,1096.0,1007.5,1143.0,318.0,18.329539467524157,77.40670513847401,0.04432562366127968,-0.0436788871884346,0.0,0.0,0.0,
0_+861687+204044,1368.0,18.0,1100.0,835.0,1107.0,943.0,938.0,928.0,999.5,1096.0,1031.0,1143.0,318.0,18.32962929905257,77.40670513847401,0.04751391336321831,-0.0322127640247345,0.0,0.0,0.0,
0_+861687+204045,1368.0,18.0,1326.5,964.0,1113.5,953.0,933.0,1016.0,1188.0,1358.5,1157.5,1460.0,318.0,18.329719130580983,77.40670513847401,0.10705330222845078,-0.06873965263366699,0.0,0.0,0.0,
0_+861688+204014,1397.5,17.5,1771.0,1321.5,1214.5,1108.5,1221.5,1178.0,1315.5,1455.5,1439.5,1602.0,367.5,18.326934353200212,77.40679497000242,0.08234229683876038,-0.10302775353193283,0.0,0.0,0.0,
0_+861688+204015,1397.5,17.5,1894.5,1460.5,1253.5,1178.5,1313.5,1318.0,1420.0,1603.5,1559.0,1703.5,367.5,18.327024184728625,77.40679497000242,0.08550268411636353,-0.09711923450231552,0.0,0.0,0.0,
0_+861688+204016,1397.5,17.5,1894.5,1460.5,1270.5,1191.5,1338.0,1318.0,1420.0,1603.5,1590.0,1703.5,367.5,18.327114016257035,77.40679497000242,0.08555135130882263,-0.08785448968410492,0.0,0.0,0.0,
0_+861688+204017,1393.0,16.5,1769.0,1380.0,1253.0,1170.0,1298.0,1279.5,1398.0,1545.5,1529.0,1689.5,347.5,18.327203847785448,77.40679497000242,0.08147046715021133,-0.07280552387237549,0.0,0.0,0.0,
0_+861688+204018,1393.0,16.5,1769.0,1380.0,1244.0,1132.0,1266.0,1279.5,1398.0,1545.5,1491.0,1689.5,347.5,18.327293679313858,77.40679497000242,0.08120120316743851,-0.08558658510446548,0.0,0.0,0.0,
0_+861688+204019,1455.0,26.0,1284.0,971.0,1201.0,1056.0,1077.0,1035.0,1127.0,1210.0,1185.0,1343.0,273.0,18.32738351084227,77.40679497000242,0.04774535819888115,-0.040097206830978394,0.0,0.0,0.0,
0_+861688+204020,1393.0,16.5,1382.5,1060.5,1139.0,979.5,1014.5,1071.5,1181.0,1275.0,1129.0,1406.5,347.5,18.327473342370684,77.40679497000242,0.05258867144584656,-0.10054580867290497,0.0,0.0,0.0,
0_+861688+204021,1393.0,16.5,1136.0,874.0,1123.5,959.5,947.0,955.0,996.5,1116.5,1016.5,1145.5,347.5,18.327563173899094,77.40679497000242,0.03534655645489693,-0.055625103414058685,0.0,0.0,0.0,
0_+861688+204022,1393.0,16.5,1136.0,874.0,1111.5,946.0,939.0,955.0,996.5,1116.5,1024.0,1145.5,347.5,18.327653005427507,77.40679497000242,0.043369777500629425,-0.051838893443346024,0.0,0.0,0.0,
0_+861688+204023,1388.0,17.0,1370.0,1028.0,1116.0,951.5,972.0,1070.5,1234.5,1346.0,1064.5,1501.5,365.5,18.32774283695592,77.40679497000242,0.04573911055922508,-0.12351082265377045,0.0,0.0,0.0,
0_+861688+204024,1320.0,8.0,1248.0,1012.0,1086.0,975.0,974.0,1037.0,1154.0,1191.0,1181.0,1339.0,430.0,18.32783266848433,77.40679497000242,0.09605568647384644,-0.027583368122577667,0.0,0.0,0.0,
0_+861688+204025,1320.0,8.0,1750.0,1255.0,1205.0,1099.0,1127.0,1236.0,1797.0,2110.0,1735.0,2215.0,430.0,18.327922500012743,77.40679497000242,0.21243885159492493,-0.004304160829633474,0.0,0.0,0.0,
0_+861688+204026,,,,,,,,,,,,,,18.328012331541156,77.40679497000242,,,,,,
0_+861688+204027,,,,,,,,,,,,,,18.328102163069566,77.40679497000242,,,,,,
0_+861688+204028,,,,,,,,,,,,,,18.32819199459798,77.40679497000242,,,,,,
0_+861688+204029,,,,,,,,,,,,,,18.32828182612639,77.40679497000242,,,,,,
0_+861688+204030,,,,,,,,,,,,,,18.328371657654802,77.40679497000242,,,,,,
0_+861688+204031,,,,,,,,,,,,,,18.328461489183216,77.40679497000242,,,,,,
0_+861688+204032,,,,,,,,,,,,,,18.328551320711625,77.40679497000242,,,,,,
0_+861688+204033,,,,,,,,,,,,,,18.32864115224004,77.40679497000242,,,,,,
0_+861688+204034,1442.0,27.0,1317.0,911.0,1179.0,1024.0,1008.0,1035.0,1361.0,1519.0,1180.0,1622.0,306.0,18.328730983768452,77.40679497000242,0.0786106064915657,-0.05486584082245827,0.0,0.0,0.0,
0_+861688+204035,1360.5,18.0,1107.0,837.5,1118.0,963.0,951.5,949.0,1049.0,1119.5,1074.0,1205.5,288.5,18.32882081529686,77.40679497000242,0.05967728793621063,-0.015440991148352623,0.0,0.0,0.0,
0_+861688+204036,1360.5,18.0,1107.0,837.5,1107.5,951.5,933.0,949.0,1049.0,1119.5,1002.0,1205.5,288.5,18.328910646825275,77.40679497000242,0.03571969270706177,-0.049293093383312225,0.0,0.0,0.0,
0_+861688+204037,1431.0,26.0,1019.0,774.0,1151.0,993.0,942.0,928.0,991.0,1085.0,990.0,1138.0,237.0,18.329000478353688,77.40679497000242,0.02484472095966339,-0.01443504262715578,0.0,0.0,0.0,
0_+861688+204038,1360.5,18.0,1020.5,801.5,1100.5,949.5,928.0,917.5,987.0,1084.0,989.0,1115.0,288.5,18.329090309882098,77.40679497000242,0.03204762190580368,-0.01568133942782879,0.0,0.0,0.0,
0_+861688+204039,1360.5,18.0,1019.5,803.0,1108.0,950.0,928.5,912.5,985.5,1075.0,998.0,1139.0,288.5,18.32918014141051,77.40679497000242,0.03642771765589714,-0.0106391916051507,0.0,0.0,0.0,
0_+861688+204040,1360.5,18.0,1019.5,803.0,1118.5,943.5,934.5,912.5,985.5,1075.0,1007.0,1139.0,288.5,18.32926997293892,77.40679497000242,0.037686754018068314,-0.006151714827865362,0.0,0.0,0.0,
0_+861688+204041,1368.0,18.0,1037.0,813.5,1113.0,949.5,928.5,910.0,983.0,1054.0,1003.0,1139.5,318.0,18.329359804467334,77.40679497000242,0.03869744762778282,-0.01673068292438984,0.0,0.0,0.0,
0_+861688+204042,1368.0,18.0,1037.0,813.5,1106.5,946.5,930.0,910.0,983.0,1054.0,1001.5,1139.5,318.0,18.329449635995747,77.40679497000242,0.03718852251768112,-0.01744658686220646,0.0,0.0,0.0,
0_+861688+204043,1368.0,18.0,1100.0,835.0,1106.0,944.5,934.0,928.0,999.5,1096.0,1015.0,1143.0,318.0,18.329539467524157,77.40679497000242,0.04174548387527466,-0.0399562269449234,0.0,0.0,0.0,
0_+861688+204044,1368.0,18.0,1100.0,835.0,1092.0,940.0,926.5,928.0,999.5,1096.0,1017.0,1143.0,318.0,18.32962929905257,77.40679497000242,0.046796347945928574,-0.03899234160780907,0.0,0.0,0.0,
0_+861688+204045,1368.0,18.0,1326.5,964.0,1108.0,956.5,932.5,1016.0,1188.0,1358.5,1138.0,1460.0,318.0,18.329719130580983,77.40679497000242,0.09757185727357864,-0.07790298759937286,0.0,0.0,0.0,
0_+861689+204015,1412.5,18.0,2033.5,1586.0,1254.0,1184.5,1341.0,1371.5,1509.0,1693.5,1636.5,1861.5,378.5,18.327024184728625,77.40688480153084,0.09934010356664658,-0.10815811157226562,0.0,0.0,0.0,
0_+861689+204016,1412.5,18.0,2033.5,1586.0,1264.0,1192.0,1348.0,1371.5,1509.0,1693.5,1643.5,1861.5,378.5,18.327114016257035,77.40688480153084,0.09825778752565384,-0.10651814937591553,0.0,0.0,0.0,
0_+861689+204017,1401.5,17.5,1893.0,1477.0,1250.5,1161.5,1305.0,1321.5,1488.5,1598.0,1573.5,1802.0,351.5,18.327203847785448,77.40688480153084,0.09314935654401779,-0.09204304218292236,0.0,0.0,0.0,
0_+861689+204018,1401.5,17.5,1893.0,1477.0,1255.0,1152.5,1311.0,1321.5,1488.5,1598.0,1534.0,1802.0,351.5,18.327293679313858,77.40688480153084,0.07838021963834763,-0.10449393093585968,0.0,0.0,0.0,
0_+861689+204019,1401.5,17.5,1479.0,1130.5,1209.5,1109.0,1196.0,1136.5,1216.5,1361.0,1434.5,1449.5,351.5,18.32738351084227,77.40688480153084,0.08958287537097931,-0.015976719558238983,0.0,0.0,0.0,
0_+861689+204020,1401.5,17.5,1479.0,1130.5,1140.5,1001.5,1030.0,1136.5,1216.5,1361.0,1130.5,1449.5,351.5,18.327473342370684,77.40688480153084,0.04547137767076492,-0.13338586688041687,0.0,0.0,0.0,
0_+861689+204021,1401.5,17.5,1123.5,886.5,1120.5,963.0,948.0,953.0,1021.0,1133.5,1037.0,1176.0,351.5,18.327563173899094,77.40688480153084,0.044645972549915314,-0.03999697417020798,0.0,0.0,0.0,
0_+861689+204022,1401.5,17.5,1123.5,886.5,1119.0,951.5,947.5,953.0,1021.0,1133.5,1010.5,1176.0,351.5,18.327653005427507,77.40688480153084,0.032309480011463165,-0.05272214487195015,0.0,0.0,0.0,
0_+861689+204023,1383.0,17.0,1258.5,944.0,1114.0,954.0,956.0,996.5,1175.5,1274.5,1049.5,1413.5,346.5,18.32774283695592,77.40688480153084,0.046780481934547424,-0.08979476988315582,0.0,0.0,0.0,
0_+861689+204024,1318.0,8.0,1191.0,947.0,1072.0,934.0,945.0,966.0,1123.0,1189.0,1148.0,1279.0,412.0,18.32783266848433,77.40688480153084,0.09698996692895889,-0.018383923918008804,0.0,0.0,0.0,
0_+861689+204025,,,,,,,,,,,,,,18.327922500012743,77.40688480153084,,,,,,
0_+861689+204026,,,,,,,,,,,,,,18.328012331541156,77.40688480153084,,,,,,
0_+861689+204027,,,,,,,,,,,,,,18.328102163069566,77.40688480153084,,,,,,
0_+861689+204028,,,,,,,,,,,,,,18.32819199459798,77.40688480153084,,,,,,
0_+861689+204029,,,,,,,,,,,,,,18.32828182612639,77.40688480153084,,,,,,
0_+861689+204030,1329.0,8.0,1373.0,1028.0,1074.0,964.0,1004.0,1069.0,1260.0,1389.0,1368.0,1518.0,430.0,18.328371657654802,77.40688480153084,0.15345700085163116,-0.00182415172457695,0.0,0.0,0.0,
0_+861689+204031,1389.5,17.0,1294.5,967.0,1139.0,1007.0,1018.5,1047.5,1207.0,1334.0,1207.5,1548.0,356.0,18.328461489183216,77.40688480153084,0.08489205688238144,-0.034830957651138306,0.0,0.0,0.0,
0_+861689+204032,1389.5,17.0,1294.5,967.0,1140.5,1001.0,1035.5,1047.5,1207.0,1334.0,1208.0,1548.0,356.0,18.328551320711625,77.40688480153084,0.07689963281154633,-0.034545451402664185,0.0,0.0,0.0,
0_+861689+204033,1389.5,17.0,1318.5,989.5,1163.0,1025.5,1049.0,1075.0,1218.0,1330.0,1268.5,1466.5,356.0,18.32864115224004,77.40688480153084,0.09541881084442139,-0.019424140453338623,0.0,0.0,0.0,
0_+861689+204034,1450.0,26.0,1315.0,974.0,1188.0,1053.0,1039.0,1075.0,1175.0,1321.0,1175.0,1446.0,282.0,18.328730983768452,77.40688480153084,0.0614272803068161,-0.05622490122914314,0.0,0.0,0.0,
0_+861689+204035,1377.0,18.0,1136.5,879.5,1128.0,974.0,985.5,986.5,1057.0,1169.0,1065.5,1191.0,312.0,18.32882081529686,77.40688480153084,0.03856850787997246,-0.032377149909734726,0.0,0.0,0.0,
0_+861689+204036,1377.0,18.0,1136.5,879.5,1123.5,967.0,949.0,986.5,1057.0,1169.0,1023.0,1191.0,312.0,18.328910646825275,77.40688480153084,0.0377180241048336,-0.05224144458770752,0.0,0.0,0.0,
0_+861689+204037,1445.0,26.0,1037.0,792.0,1176.0,1001.0,964.0,943.0,1002.0,1091.0,1012.0,1151.0,253.0,18.329000478353688,77.40688480153084,0.024291498586535454,-0.012201073579490185,0.0,0.0,0.0,
0_+861689+204038,1377.0,18.0,1036.5,824.5,1115.0,956.0,934.5,932.5,1005.0,1082.0,1024.0,1156.0,312.0,18.329090309882098,77.40688480153084,0.04586626961827278,-0.006072347052395344,0.0,0.0,0.0,
0_+861689+204039,1377.0,18.0,1069.0,834.0,1115.5,960.5,938.5,936.0,1008.5,1079.5,1024.0,1162.0,312.0,18.32918014141051,77.40688480153084,0.04380315542221069,-0.021482467651367188,0.0,0.0,0.0,
0_+861689+204040,1377.0,18.0,1069.0,834.0,1104.5,952.0,943.5,936.0,1008.5,1079.5,1016.5,1162.0,312.0,18.32926997293892,77.40688480153084,0.03745614364743233,-0.025185639038681984,0.0,0.0,0.0,
0_+861689+204041,1379.5,17.0,1129.5,870.0,1110.0,952.5,933.5,933.5,1019.0,1120.5,1008.5,1192.5,356.5,18.329359804467334,77.40688480153084,0.03881746530532837,-0.056556571274995804,0.0,0.0,0.0,
0_+861689+204042,1379.5,17.0,1129.5,870.0,1112.5,951.5,935.0,933.5,1019.0,1120.5,1016.5,1192.5,356.5,18.329449635995747,77.40688480153084,0.04193340241909027,-0.05261274427175522,0.0,0.0,0.0,
0_+861689+204043,1379.5,17.0,1310.0,961.5,1116.5,939.0,938.0,1006.0,1136.0,1262.0,1043.5,1330.0,356.5,18.329539467524157,77.40688480153084,0.05355308577418327,-0.11269795149564743,0.0,0.0,0.0,
0_+861689+204044,1379.5,17.0,1310.0,961.5,1103.5,953.5,921.0,1006.0,1136.0,1262.0,1114.0,1330.0,356.5,18.32962929905257,77.40688480153084,0.09500238299369812,-0.08032912015914917,0.0,0.0,0.0,
0_+861689+204045,1379.5,17.0,1556.0,1109.5,1115.0,972.0,958.0,1127.0,1399.5,1547.5,1327.0,1724.0,356.5,18.329719130580983,77.40688480153084,0.16166475415229797,-0.07935777306556702,0.0,0.0,0.0,
0_+861690+204015,1412.5,18.0,2033.5,1586.0,1251.0,1163.5,1321.5,1371.5,1509.0,1693.5,1664.5,1861.5,378.5,18.327024184728625,77.40697463305925,0.11497057229280472,-0.09976564347743988,0.0,0.0,0.0,
0_+861690+204016,1412.5,18.0,2033.5,1586.0,1264.0,1181.5,1323.5,1371.5,1509.0,1693.5,1636.5,1861.5,378.5,18.327114016257035,77.40697463305925,0.1051805168390274,-0.10868142545223236,0.0,0.0,0.0,
0_+861690+204017,1401.5,17.5,1893.0,1477.0,1250.0,1140.5,1283.5,1321.5,1488.5,1598.0,1544.5,1802.0,351.5,18.327203847785448,77.40697463305925,0.09187397360801697,-0.10151165723800659,0.0,0.0,0.0,
0_+861690+204018,1401.5,17.5,1893.0,1477.0,1242.5,1160.0,1291.5,1321.5,1488.5,1598.0,1549.0,1802.0,351.5,18.327293679313858,77.40697463305925,0.0906253382563591,-0.0997210294008255,0.0,0.0,0.0,
0_+861690+204019,1401.5,17.5,1479.0,1130.5,1217.5,1122.0,1232.0,1136.5,1216.5,1361.0,1445.5,1449.5,351.5,18.32738351084227,77.40697463305925,0.07865528762340546,-0.012491310946643353,0.0,0.0,0.0,
0_+861690+204020,1401.5,17.5,1479.0,1130.5,1161.0,1028.0,1052.5,1136.5,1216.5,1361.0,1158.0,1449.5,351.5,18.327473342370684,77.40697463305925,0.04644389823079109,-0.12170690298080444,0.0,0.0,0.0,
0_+861690+204021,1401.5,17.5,1123.5,886.5,1122.0,973.0,978.5,953.0,1021.0,1133.5,1054.0,1176.0,351.5,18.327563173899094,77.40697463305925,0.03707448020577431,-0.031766749918460846,0.0,0.0,0.0,
0_+861690+204022,1401.5,17.5,1123.5,886.5,1130.5,964.0,973.0,953.0,1021.0,1133.5,1042.0,1176.0,351.5,18.327653005427507,77.40697463305925,0.034413356333971024,-0.03740668669342995,0.0,0.0,0.0,
0_+861690+204023,1383.0,17.0,1258.5,944.0,1124.5,983.5,987.0,996.5,1175.5,1274.5,1078.5,1413.5,346.5,18.32774283695592,77.40697463305925,0.044346507638692856,-0.0762571468949318,0.0,0.0,0.0,
0_+861690+204024,1383.0,17.0,1258.5,944.0,1150.5,1007.0,1032.5,996.5,1175.5,1274.5,1204.0,1413.5,346.5,18.32783266848433,77.40697463305925,0.07557081431150436,-0.02290421538054943,0.0,0.0,0.0,
0_+861690+204025,1383.0,17.0,1552.0,1077.5,1166.0,1076.0,1107.0,1120.5,1477.5,1797.0,1440.0,1893.5,346.5,18.327922500012743,77.40697463305925,0.13035018742084503,-0.037808313965797424,0.0,0.0,0.0,
0_+861690+204026,1383.0,17.0,1552.0,1077.5,1194.0,1089.5,1173.5,1120.5,1477.5,1797.0,1395.0,1893.5,346.5,18.328012331541156,77.40697463305925,0.08620261400938034,-0.05306261032819748,0.0,0.0,0.0,
0_+861690+204027,1383.0,17.0,1509.5,1049.0,1193.0,1102.5,1159.0,1110.5,1507.0,1754.5,1334.0,1890.5,346.5,18.328102163069566,77.40697463305925,0.07012735307216644,-0.06172707676887512,0.0,0.0,0.0,
0_+861690+204028,1383.0,17.0,1509.5,1049.0,1173.5,1057.5,1119.0,1110.5,1507.0,1754.5,1276.5,1890.5,346.5,18.32819199459798,77.40697463305925,0.06558018177747726,-0.08373121172189713,0.0,0.0,0.0,
0_+861690+204029,1389.5,17.0,1348.0,979.0,1158.5,1027.0,1068.0,1056.0,1273.5,1452.0,1195.0,1566.0,356.0,18.32828182612639,77.40697463305925,0.056080203503370285,-0.0601181834936142,0.0,0.0,0.0,
0_+861690+204030,1389.5,17.0,1348.0,979.0,1147.0,1019.0,1051.5,1056.0,1273.5,1452.0,1163.0,1566.0,356.0,18.328371657654802,77.40697463305925,0.050344329327344894,-0.07360686361789703,0.0,0.0,0.0,
0_+861690+204031,1389.5,17.0,1294.5,967.0,1157.0,1033.5,1067.5,1047.5,1207.0,1334.0,1205.5,1548.0,356.0,18.328461489183216,77.40697463305925,0.06078818440437317,-0.03558574244379997,0.0,0.0,0.0,
0_+861690+204032,1389.5,17.0,1294.5,967.0,1166.5,1026.5,1073.0,1047.5,1207.0,1334.0,1184.0,1548.0,356.0,18.328551320711625,77.40697463305925,0.04889705777168274,-0.044828277081251144,0.0,0.0,0.0,
0_+861690+204033,1389.5,17.0,1318.5,989.5,1147.5,1028.0,1058.0,1075.0,1218.0,1330.0,1214.0,1466.5,356.0,18.32864115224004,77.40697463305925,0.06893724948167801,-0.041313536465168,0.0,0.0,0.0,
0_+861690+204034,1389.5,17.0,1318.5,989.5,1170.0,1043.0,1106.0,1075.0,1218.0,1330.0,1241.0,1466.5,356.0,18.328730983768452,77.40697463305925,0.05743727087974548,-0.030354376882314682,0.0,0.0,0.0,
0_+861690+204035,1445.0,26.0,1097.0,827.0,1194.0,1009.0,999.0,977.0,1043.0,1142.0,1047.0,1155.0,253.0,18.32882081529686,77.40697463305925,0.02346041053533554,-0.023320894688367844,0.0,0.0,0.0,
0_+861690+204036,1377.0,18.0,1136.5,879.5,1134.0,967.0,961.0,986.5,1057.0,1169.0,1047.5,1191.0,312.0,18.328910646825275,77.40697463305925,0.0432315431535244,-0.04044732451438904,0.0,0.0,0.0,
0_+861690+204037,1445.0,26.0,1037.0,792.0,1177.0,1004.0,988.0,943.0,1002.0,1091.0,1013.0,1151.0,253.0,18.329000478353688,77.40697463305925,0.012493752874433994,-0.01170731708407402,0.0,0.0,0.0,
0_+861690+204038,1377.0,18.0,1036.5,824.5,1113.0,959.0,954.5,932.5,1005.0,1082.0,1013.5,1156.0,312.0,18.329090309882098,77.40697463305925,0.030054664239287376,-0.011251246556639671,0.0,0.0,0.0,
0_+861690+204039,1377.0,18.0,1069.0,834.0,1109.0,963.5,952.0,936.0,1008.5,1079.5,1013.5,1162.0,312.0,18.32918014141051,77.40697463305925,0.03138621896505356,-0.02663259580731392,0.0,0.0,0.0,
0_+861690+204040,1377.0,18.0,1069.0,834.0,1106.0,953.5,946.0,936.0,1008.5,1079.5,1026.5,1162.0,312.0,18.32926997293892,77.40697463305925,0.04089807718992233,-0.020270055159926414,0.0,0.0,0.0,
0_+861690+204041,1379.5,17.0,1129.5,870.0,1108.5,942.5,927.5,933.5,1019.0,1120.5,1043.5,1192.5,356.5,18.329359804467334,77.40697463305925,0.05908873304724693,-0.039533987641334534,0.0,0.0,0.0,
0_+861690+204042,1379.5,17.0,1129.5,870.0,1109.0,954.0,944.0,933.5,1019.0,1120.5,1056.5,1192.5,356.5,18.329449635995747,77.40697463305925,0.05646767467260361,-0.033353738486766815,0.0,0.0,0.0,
0_+861690+204043,1379.5,17.0,1310.0,961.5,1117.5,961.5,988.0,1006.0,1136.0,1262.0,1154.0,1330.0,356.5,18.329539467524157,77.40697463305925,0.07739649713039398,-0.06316828727722168,0.0,0.0,0.0,
0_+861691+204016,1412.5,18.0,2014.5,1564.0,1264.0,1179.5,1329.0,1288.0,1443.5,1584.0,1637.0,1780.5,378.5,18.327114016257035,77.40706446458766,0.10354870557785034,-0.10329202562570572,0.0,0.0,0.0,
0_+861691+204017,1401.5,17.5,1918.5,1469.0,1240.5,1138.0,1263.0,1302.5,1419.0,1592.0,1526.0,1744.0,351.5,18.327203847785448,77.40706446458766,0.093447744846344,-0.11457854509353638,0.0,0.0,0.0,
0_+861691+204018,1401.5,17.5,1918.5,1469.0,1234.5,1145.5,1241.5,1302.5,1419.0,1592.0,1526.5,1744.0,351.5,18.327293679313858,77.40706446458766,0.10300205647945404,-0.11360381543636322,0.0,0.0,0.0,
0_+861691+204019,1401.5,17.5,1490.5,1158.5,1222.5,1114.0,1223.0,1151.0,1230.5,1386.5,1396.0,1461.5,351.5,18.32738351084227,77.40706446458766,0.0650406926870346,-0.0331902951002121,0.0,0.0,0.0,
0_+861691+204020,1401.5,17.5,1490.5,1158.5,1151.5,1026.5,1038.0,1151.0,1230.5,1386.5,1181.0,1461.5,351.5,18.327473342370684,77.40706446458766,0.06310296803712845,-0.1163003221154213,0.0,0.0,0.0,
0_+861691+204021,1401.5,17.5,1190.5,934.0,1138.5,992.0,1001.5,1000.0,1106.5,1164.5,1072.5,1270.0,351.5,18.327563173899094,77.40706446458766,0.034298717975616455,-0.0521094910800457,0.0,0.0,0.0,
0_+861691+204022,1401.5,17.5,1190.5,934.0,1144.5,1007.0,1021.5,1000.0,1106.5,1164.5,1106.5,1270.0,351.5,18.327653005427507,77.40706446458766,0.04016880691051483,-0.03653785586357117,0.0,0.0,0.0,
0_+861691+204023,1383.0,17.0,1230.5,938.0,1140.0,1009.5,1033.0,1039.5,1104.5,1215.0,1107.5,1258.5,346.5,18.32774283695592,77.40706446458766,0.034852031618356705,-0.052160073071718216,0.0,0.0,0.0,
0_+861691+204024,1383.0,17.0,1230.5,938.0,1144.5,1014.0,1043.0,1039.5,1104.5,1215.0,1162.5,1258.5,346.5,18.32783266848433,77.40706446458766,0.05437936633825302,-0.02812633290886879,0.0,0.0,0.0,
0_+861691+204025,1383.0,17.0,1364.5,1038.0,1165.0,1053.5,1131.0,1109.5,1199.0,1329.0,1267.5,1405.5,346.5,18.327922500012743,77.40706446458766,0.0567503422498703,-0.037104763090610504,0.0,0.0,0.0,
0_+861691+204026,1448.0,26.0,1399.0,1018.0,1210.0,1106.0,1160.0,1121.0,1205.0,1378.0,1252.0,1423.0,281.0,18.328012331541156,77.40706446458766,0.038142621517181396,-0.05545077472925186,0.0,0.0,0.0,
0_+861691+204027,1383.0,17.0,1351.5,1045.0,1182.5,1075.0,1140.5,1119.5,1205.0,1299.5,1270.5,1412.0,346.5,18.328102163069566,77.40706446458766,0.0538393072783947,-0.03089526668190956,0.0,0.0,0.0,
0_+861691+204028,1383.0,17.0,1351.5,1045.0,1170.5,1060.5,1108.5,1119.5,1205.0,1299.5,1224.0,1412.0,346.5,18.32819199459798,77.40706446458766,0.049180734902620316,-0.04976218193769455,0.0,0.0,0.0,
0_+861691+204029,1389.5,17.0,1269.5,1002.0,1148.5,1026.5,1072.0,1064.0,1178.0,1260.5,1186.0,1342.5,356.0,18.32828182612639,77.40706446458766,0.05000561103224754,-0.03445205092430115,0.0,0.0,0.0,
0_+861691+204030,1389.5,17.0,1269.5,1002.0,1151.5,1029.0,1067.0,1064.0,1178.0,1260.5,1177.0,1342.5,356.0,18.328371657654802,77.40706446458766,0.049088507890701294,-0.037826284766197205,0.0,0.0,0.0,
0_+861691+204031,1389.5,17.0,1274.5,989.0,1168.5,1057.0,1101.5,1094.5,1163.5,1267.0,1209.0,1300.0,356.0,18.328461489183216,77.40706446458766,0.0466277040541172,-0.026381999254226685,0.0,0.0,0.0,
0_+861691+204032,1389.5,17.0,1274.5,989.0,1169.5,1053.0,1102.5,1094.5,1163.5,1267.0,1201.0,1300.0,356.0,18.328551320711625,77.40706446458766,0.0423956997692585,-0.030031368136405945,0.0,0.0,0.0,
0_+861691+204033,1389.5,17.0,1283.0,994.5,1151.0,1030.0,1083.0,1093.5,1155.0,1300.0,1207.5,1352.0,356.0,18.32864115224004,77.40706446458766,0.0543968565762043,-0.03033011592924595,0.0,0.0,0.0,
0_+861691+204034,1389.5,17.0,1283.0,994.5,1177.0,1045.0,1092.0,1093.5,1155.0,1300.0,1222.5,1352.0,356.0,18.328730983768452,77.40706446458766,0.05641034245491028,-0.024172205477952957,0.0,0.0,0.0,
0_+861691+204035,1377.0,18.0,1215.0,945.5,1144.0,1015.0,1029.5,1026.5,1129.5,1214.5,1145.5,1303.0,312.0,18.32882081529686,77.40706446458766,0.05259360000491142,-0.030169740319252014,0.0,0.0,0.0,
0_+861691+204036,1377.0,18.0,1215.0,945.5,1128.0,972.5,998.5,1026.5,1129.5,1214.5,1038.0,1303.0,312.0,18.328910646825275,77.40706446458766,0.019455362111330032,-0.07845145463943481,0.0,0.0,0.0,
0_+861691+204037,1377.0,18.0,1185.5,926.0,1127.5,971.0,988.5,994.0,1077.0,1163.5,1048.0,1226.5,312.0,18.329000478353688,77.40706446458766,0.02914394810795784,-0.061630770564079285,0.0,0.0,0.0,
0_+861691+204038,1377.0,18.0,1185.5,926.0,1121.0,967.5,977.5,994.0,1077.0,1163.5,1047.0,1226.5,312.0,18.329090309882098,77.40706446458766,0.034430183470249176,-0.06201891601085663,0.0,0.0,0.0,
0_+861691+204039,1377.0,18.0,1319.5,1023.5,1116.0,977.5,979.0,1027.5,1126.5,1234.5,1054.5,1339.5,312.0,18.32918014141051,77.40706446458766,0.0372483916580677,-0.11142559349536896,0.0,0.0,0.0,
0_+861691+204040,1377.0,18.0,1319.5,1023.5,1129.0,979.5,979.0,1027.5,1126.5,1234.5,1104.0,1339.5,312.0,18.32926997293892,77.40706446458766,0.060013994574546814,-0.0887308120727539,0.0,0.0,0.0,
0_+861692+204016,1412.5,18.0,2014.5,1564.0,1239.5,1154.0,1286.5,1288.0,1443.5,1584.0,1589.5,1780.5,378.5,18.327114016257035,77.40715429611608,0.105335533618927,-0.11760871857404709,0.0,0.0,0.0,
0_+861692+204017,1401.5,17.5,1918.5,1469.0,1221.5,1117.0,1241.5,1302.5,1419.0,1592.0,1532.0,1744.0,351.5,18.327203847785448,77.40715429611608,0.1038689911365509,-0.11276273429393768,0.0,0.0,0.0,
0_+861692+204018,1401.5,17.5,1918.5,1469.0,1209.0,1102.5,1211.5,1302.5,1419.0,1592.0,1473.0,1744.0,351.5,18.327293679313858,77.40715429611608,0.09735506772994995,-0.1312507539987564,0.0,0.0,0.0,
0_+861692+204019,1401.5,17.5,1490.5,1158.5,1200.5,1096.0,1167.0,1151.0,1230.5,1386.5,1388.5,1461.5,351.5,18.32738351084227,77.40715429611608,0.08561741560697556,-0.035528358072042465,0.0,0.0,0.0,
0_+861692+204020,1401.5,17.5,1490.5,1158.5,1155.0,1028.5,1067.0,1151.0,1230.5,1386.5,1185.5,1461.5,351.5,18.327473342370684,77.40715429611608,0.05170251429080963,-0.11394846439361572,0.0,0.0,0.0,
0_+861692+204021,1401.5,17.5,1190.5,934.0,1144.5,1010.0,1033.0,1000.0,1106.5,1164.5,1099.5,1270.0,351.5,18.327563173899094,77.40715429611608,0.031333502382040024,-0.039707764983177185,0.0,0.0,0.0,
0_+861692+204022,1401.5,17.5,1190.5,934.0,1150.5,1002.5,1041.5,1000.0,1106.5,1164.5,1131.5,1270.0,351.5,18.327653005427507,77.40715429611608,0.04154008626937866,-0.025402801111340523,0.0,0.0,0.0,
0_+861692+204023,1383.0,17.0,1230.5,938.0,1145.0,998.0,1020.0,1039.5,1104.5,1215.0,1111.5,1258.5,346.5,18.32774283695592,77.40715429611608,0.04288265109062195,-0.05039417743682861,0.0,0.0,0.0,
0_+861692+204024,1383.0,17.0,1230.5,938.0,1126.5,996.0,997.5,1039.5,1104.5,1215.0,1105.5,1258.5,346.5,18.32783266848433,77.40715429611608,0.05136546865105629,-0.05323552340269089,0.0,0.0,0.0,
0_+861692+204025,1383.0,17.0,1364.5,1038.0,1158.5,1017.0,1063.5,1109.5,1199.0,1329.0,1197.0,1405.5,346.5,18.327922500012743,77.40715429611608,0.059592198580503464,-0.0656624510884285,0.0,0.0,0.0,
0_+861692+204026,1383.0,17.0,1364.5,1038.0,1163.0,1046.5,1097.5,1109.5,1199.0,1329.0,1282.0,1405.5,346.5,18.328012331541156,77.40715429611608,0.07751110941171646,-0.03114057146012783,0.0,0.0,0.0,
0_+861692+204027,1383.0,17.0,1351.5,1045.0,1174.0,1060.0,1134.5,1119.5,1205.0,1299.5,1255.0,1412.0,346.5,18.328102163069566,77.40715429611608,0.0504690483212471,-0.036959208548069,0.0,0.0,0.0,
0_+861692+204028,1383.0,17.0,1351.5,1045.0,1177.5,1075.5,1129.0,1119.5,1205.0,1299.5,1251.0,1412.0,346.5,18.32819199459798,77.40715429611608,0.05111156404018402,-0.038684405386447906,0.0,0.0,0.0,
0_+861692+204029,1389.5,17.0,1269.5,1002.0,1168.0,1052.0,1096.0,1064.0,1178.0,1260.5,1207.0,1342.5,356.0,18.32828182612639,77.40715429611608,0.04795694351196289,-0.02547878958284855,0.0,0.0,0.0,
0_+861692+204030,1389.5,17.0,1269.5,1002.0,1161.5,1040.5,1084.5,1064.0,1178.0,1260.5,1192.0,1342.5,356.0,18.328371657654802,77.40715429611608,0.047209229320287704,-0.0315052792429924,0.0,0.0,0.0,
0_+861692+204031,1389.5,17.0,1274.5,989.0,1171.5,1060.0,1099.0,1094.5,1163.5,1267.0,1211.5,1300.0,356.0,18.328461489183216,77.40715429611608,0.04869784042239189,-0.025330595672130585,0.0,0.0,0.0,
0_+861692+204032,1389.5,17.0,1274.5,989.0,1171.5,1044.0,1092.5,1094.5,1163.5,1267.0,1190.5,1300.0,356.0,18.328551320711625,77.40715429611608,0.04289819672703743,-0.034122075885534286,0.0,0.0,0.0,
0_+861692+204033,1389.5,17.0,1283.0,994.5,1163.0,1026.5,1080.5,1093.5,1155.0,1300.0,1151.0,1352.0,356.0,18.32864115224004,77.40715429611608,0.03169425204396248,-0.0542638897895813,0.0,0.0,0.0,
0_+861692+204034,1389.5,17.0,1283.0,994.5,1172.0,1056.0,1088.5,1093.5,1155.0,1300.0,1230.0,1352.0,356.0,18.328730983768452,77.40715429611608,0.061203137040138245,-0.02108664996922016,0.0,0.0,0.0,
0_+861692+204035,1377.0,18.0,1215.0,945.5,1159.0,1028.0,1048.5,1026.5,1129.5,1214.5,1171.5,1303.0,312.0,18.32882081529686,77.40715429611608,0.05478503555059433,-0.018828967586159706,0.0,0.0,0.0,
0_+861692+204036,1377.0,18.0,1215.0,945.5,1139.0,1002.5,1011.5,1026.5,1129.5,1214.5,1088.0,1303.0,312.0,18.328910646825275,77.40715429611608,0.03638087958097458,-0.05510792136192322,0.0,0.0,0.0,
0_+861692+204037,1377.0,18.0,1185.5,926.0,1140.0,993.5,1017.5,994.0,1077.0,1163.5,1100.0,1226.5,312.0,18.329000478353688,77.40715429611608,0.03893860802054405,-0.03739141672849655,0.0,0.0,0.0,
0_+861692+204038,1377.0,18.0,1185.5,926.0,1154.0,997.0,1023.5,994.0,1077.0,1163.5,1130.5,1226.5,312.0,18.329090309882098,77.40715429611608,0.04976462945342064,-0.023713821545243263,0.0,0.0,0.0,
0_+861693+204017,1401.5,17.5,1881.5,1467.0,1232.5,1141.0,1274.5,1278.5,1413.0,1573.5,1569.5,1743.5,351.5,18.327203847785448,77.40724412764449,0.10329252481460571,-0.09088508039712906,0.0,0.0,0.0,
0_+861693+204018,1401.5,17.5,1881.5,1467.0,1228.5,1123.5,1268.0,1278.5,1413.0,1573.5,1493.0,1743.5,351.5,18.327293679313858,77.40724412764449,0.08141535520553589,-0.11516629904508591,0.0,0.0,0.0,
0_+861693+204019,1401.5,17.5,1507.5,1155.5,1215.0,1118.5,1210.0,1144.5,1269.5,1383.0,1446.0,1492.5,351.5,18.32738351084227,77.40724412764449,0.08797232806682587,-0.021113481372594833,0.0,0.0,0.0,
0_+861693+204020,1401.5,17.5,1507.5,1155.5,1173.0,1034.0,1096.5,1144.5,1269.5,1383.0,1211.5,1492.5,351.5,18.327473342370684,77.40724412764449,0.0484619103372097,-0.10940340906381607,0.0,0.0,0.0,
0_+861693+204021,1401.5,17.5,1174.5,897.0,1133.0,1007.5,1026.5,980.0,1069.5,1146.0,1109.5,1213.0,351.5,18.327563173899094,77.40724412764449,0.03872234374284744,-0.02844437211751938,0.0,0.0,0.0,
0_+861693+204022,1401.5,17.5,1174.5,897.0,1130.5,990.0,1006.5,980.0,1069.5,1146.0,1068.5,1213.0,351.5,18.327653005427507,77.40724412764449,0.02993132919073105,-0.04710530489683151,0.0,0.0,0.0,
0_+861693+204023,1383.0,17.0,1133.0,872.5,1124.5,968.5,979.0,972.0,1027.0,1159.5,1050.5,1195.5,346.5,18.32774283695592,77.40724412764449,0.03538309037685394,-0.037258025258779526,0.0,0.0,0.0,
0_+861693+204024,1383.0,17.0,1133.0,872.5,1111.0,971.0,965.0,972.0,1027.0,1159.5,1085.5,1195.5,346.5,18.32783266848433,77.40724412764449,0.05863241106271744,-0.021218087524175644,0.0,0.0,0.0,
0_+861693+204025,1383.0,17.0,1382.0,1050.5,1127.5,989.0,1005.5,1094.5,1243.0,1334.0,1203.0,1489.0,346.5,18.327922500012743,77.40724412764449,0.08930549770593643,-0.0693378895521164,0.0,0.0,0.0,
0_+861693+204026,1448.0,26.0,1453.0,1064.0,1213.0,1071.0,1111.0,1112.0,1272.0,1358.0,1317.0,1530.0,281.0,18.328012331541156,77.40724412764449,0.08484349399805069,-0.04909747466444969,0.0,0.0,0.0,
0_+861693+204027,1383.0,17.0,1427.5,1063.0,1172.0,1057.0,1127.0,1167.0,1218.5,1388.5,1293.5,1430.5,346.5,18.328102163069566,77.40724412764449,0.06838002800941467,-0.04945284128189087,0.0,0.0,0.0,
0_+861693+204028,1383.0,17.0,1427.5,1063.0,1168.0,1054.0,1114.0,1167.0,1218.5,1388.5,1223.0,1430.5,346.5,18.32819199459798,77.40724412764449,0.04665347933769226,-0.07702290266752243,0.0,0.0,0.0,
0_+861693+204029,1389.5,17.0,1290.5,1002.0,1173.0,1048.0,1092.0,1087.5,1164.5,1293.5,1206.0,1360.0,356.0,18.32828182612639,77.40724412764449,0.049542300403118134,-0.03395785763859749,0.0,0.0,0.0,
0_+861693+204030,1389.5,17.0,1290.5,1002.0,1173.0,1050.0,1077.5,1087.5,1164.5,1293.5,1179.0,1360.0,356.0,18.328371657654802,77.40724412764449,0.04495173692703247,-0.045211032032966614,0.0,0.0,0.0,
0_+861693+204031,1389.5,17.0,1300.5,1001.5,1155.5,1027.5,1054.5,1081.0,1177.0,1289.0,1152.5,1373.5,356.0,18.328461489183216,77.40724412764449,0.04435383528470993,-0.06030585989356041,0.0,0.0,0.0,
0_+861693+204032,1389.5,17.0,1300.5,1001.5,1141.0,1016.5,1053.0,1081.0,1177.0,1289.0,1138.0,1373.5,356.0,18.328551320711625,77.40724412764449,0.03878176957368851,-0.06659553200006485,0.0,0.0,0.0,
0_+861693+204033,1389.5,17.0,1323.0,1034.5,1171.0,1044.0,1097.5,1126.5,1205.5,1318.5,1187.0,1396.0,356.0,18.32864115224004,77.40724412764449,0.0393437035381794,-0.054214801639318466,0.0,0.0,0.0,
0_+861693+204034,1389.5,17.0,1323.0,1034.5,1175.0,1082.0,1123.0,1126.5,1205.5,1318.5,1269.0,1396.0,356.0,18.328730983768452,77.40724412764449,0.06096121668815613,-0.02087203599512577,0.0,0.0,0.0,
0_+861693+204035,1377.0,18.0,1291.0,1013.0,1174.5,1043.5,1107.5,1053.5,1150.0,1257.0,1248.0,1349.0,312.0,18.32882081529686,77.40724412764449,0.059105999767780304,-0.017450053244829178,0.0,0.0,0.0,
0_+861694+204017,1401.5,17.5,1881.5,1467.0,1231.0,1136.5,1272.5,1278.5,1413.0,1573.5,1529.5,1743.5,351.5,18.327203847785448,77.4073339591729,0.09171274304389954,-0.10316196084022522,0.0,0.0,0.0,
0_+861694+204018,1401.5,17.5,1881.5,1467.0,1248.0,1147.5,1290.5,1278.5,1413.0,1573.5,1526.5,1743.5,351.5,18.327293679313858,77.4073339591729,0.08356943726539612,-0.10431081801652908,0.0,0.0,0.0,
0_+861694+204019,1401.5,17.5,1507.5,1155.5,1218.5,1118.5,1238.5,1144.5,1269.5,1383.0,1443.0,1492.5,351.5,18.32738351084227,77.4073339591729,0.07519396394491196,-0.022181933745741844,0.0,0.0,0.0,
0_+861694+204020,1401.5,17.5,1507.5,1155.5,1159.0,1031.5,1070.0,1144.5,1269.5,1383.0,1194.5,1492.5,351.5,18.327473342370684,77.4073339591729,0.05346423014998436,-0.11645442992448807,0.0,0.0,0.0,
0_+861694+204021,1401.5,17.5,1174.5,897.0,1119.5,979.5,995.5,980.0,1069.5,1146.0,1076.0,1213.0,351.5,18.327563173899094,77.4073339591729,0.038889795541763306,-0.04361812025308609,0.0,0.0,0.0,
0_+861694+204022,1401.5,17.5,1174.5,897.0,1118.5,956.5,970.5,980.0,1069.5,1146.0,1025.5,1213.0,351.5,18.327653005427507,77.4073339591729,0.02771005965769291,-0.06751064211130142,0.0,0.0,0.0,
0_+861694+204023,1383.0,17.0,1133.0,872.5,1110.5,953.5,944.0,972.0,1027.0,1159.5,1008.5,1195.5,346.5,18.32774283695592,77.4073339591729,0.033319808542728424,-0.057624928653240204,0.0,0.0,0.0,
0_+861694+204024,1383.0,17.0,1133.0,872.5,1107.5,955.5,952.0,972.0,1027.0,1159.5,1057.0,1195.5,346.5,18.32783266848433,77.4073339591729,0.05245270952582359,-0.034670088440179825,0.0,0.0,0.0,
0_+861694+204025,1383.0,17.0,1382.0,1050.5,1161.0,1008.5,1058.0,1094.5,1243.0,1334.0,1220.0,1489.0,346.5,18.327922500012743,77.4073339591729,0.07045826315879822,-0.06410617381334305,0.0,0.0,0.0,
0_+861694+204026,,,,,,,,,,,,,,18.328012331541156,77.4073339591729,,,,,,
0_+861694+204027,1448.0,26.0,1390.0,1009.0,1207.0,1055.0,1100.0,1125.0,1199.0,1339.0,1206.0,1392.0,281.0,18.328102163069566,77.4073339591729,0.045967042446136475,-0.0708782747387886,0.0,0.0,0.0,
0_+861694+204028,1383.0,17.0,1427.5,1063.0,1140.5,1006.5,1053.5,1167.0,1218.5,1388.5,1148.0,1430.5,346.5,18.32819199459798,77.4073339591729,0.0430089607834816,-0.10834388434886932,0.0,0.0,0.0,
0_+861694+204029,1389.5,17.0,1290.5,1002.0,1146.0,1010.0,1052.0,1087.5,1164.5,1293.5,1143.0,1360.0,356.0,18.32828182612639,77.4073339591729,0.041665446013212204,-0.06061306223273277,0.0,0.0,0.0,
0_+861694+204030,1389.5,17.0,1290.5,1002.0,1158.5,1024.5,1060.0,1087.5,1164.5,1293.5,1180.5,1360.0,356.0,18.328371657654802,77.4073339591729,0.053779006004333496,-0.04457328841090202,0.0,0.0,0.0,
0_+861694+204031,1389.5,17.0,1300.5,1001.5,1166.0,1025.0,1098.5,1081.0,1177.0,1289.0,1204.0,1373.5,356.0,18.328461489183216,77.4073339591729,0.04583152383565903,-0.03850644826889038,0.0,0.0,0.0,
0_+861695+204018,1374.5,17.5,1675.5,1308.5,1210.5,1111.5,1210.5,1181.0,1267.0,1449.5,1453.5,1559.5,324.0,18.327293679313858,77.40742379070132,0.09107198566198349,-0.07103773951530457,0.0,0.0,0.0,
0_+861695+204019,1374.5,17.5,1391.0,1059.5,1187.5,1068.0,1145.5,1070.0,1180.0,1286.5,1352.0,1426.0,324.0,18.32738351084227,77.40742379070132,0.08177553117275238,-0.014522915706038475,0.0,0.0,0.0,
0_+861695+204020,1374.5,17.5,1391.0,1059.5,1139.5,1004.5,1036.0,1070.0,1180.0,1286.5,1158.0,1426.0,324.0,18.327473342370684,77.40742379070132,0.054450660943984985,-0.09191770851612091,0.0,0.0,0.0,
0_+861695+204021,1374.5,17.5,1103.5,837.0,1112.0,965.0,968.0,942.5,994.5,1102.0,1029.5,1161.5,324.0,18.327563173899094,77.40742379070132,0.030955739319324493,-0.03459520637989044,0.0,0.0,0.0,
0_+861695+204022,1374.5,17.5,1103.5,837.0,1099.0,946.0,924.5,942.5,994.5,1102.0,1000.0,1161.5,324.0,18.327653005427507,77.40742379070132,0.03955488279461861,-0.04909355938434601,0.0,0.0,0.0,
0_+861695+204023,1368.0,17.0,1083.0,829.5,1094.5,939.5,920.5,935.5,1009.5,1098.5,975.0,1184.5,306.0,18.32774283695592,77.40742379070132,0.029370762407779694,-0.052024032920598984,0.0,0.0,0.0,
0_+861695+204024,1368.0,17.0,1083.0,829.5,1095.5,935.5,930.5,935.5,1009.5,1098.5,1000.0,1184.5,306.0,18.32783266848433,77.40742379070132,0.03613625094294548,-0.03958145156502724,0.0,0.0,0.0,
0_+861695+204025,1368.0,17.0,1295.5,971.0,1127.5,981.5,1020.5,1048.5,1159.5,1263.0,1133.5,1376.0,306.0,18.327922500012743,77.40742379070132,0.052752863615751266,-0.06875541806221008,0.0,0.0,0.0,
0_+861695+204026,,,,,,,,,,,,,,18.328012331541156,77.40742379070132,,,,,,
0_+861695+204027,1437.0,24.0,1360.0,993.0,1213.0,1053.0,1121.0,1101.0,1175.0,1417.0,1227.0,1468.0,251.0,18.328102163069566,77.40742379070132,0.04514480382204056,-0.05141090229153633,0.0,0.0,0.0,
0_+861696+204018,1374.5,17.5,1675.5,1308.5,1174.5,1043.5,1111.0,1181.0,1267.0,1449.5,1328.5,1559.5,324.0,18.327293679313858,77.40751362222973,0.08963676542043686,-0.11544018983840942,0.0,0.0,0.0,
0_+861696+204019,1374.5,17.5,1391.0,1059.5,1167.5,1043.5,1109.0,1070.0,1180.0,1286.5,1316.0,1426.0,324.0,18.32738351084227,77.40751362222973,0.08490518480539322,-0.02751096710562706,0.0,0.0,0.0,
0_+861696+204020,1374.5,17.5,1391.0,1059.5,1132.5,993.5,1019.5,1070.0,1180.0,1286.5,1139.0,1426.0,324.0,18.327473342370684,77.40751362222973,0.054793331772089005,-0.09953122586011887,0.0,0.0,0.0,
1_+861783+203994,1388.0,17.0,1392.5,1078.5,1164.0,1048.0,1074.5,1066.5,1187.5,1306.5,1254.5,1429.5,339.0,18.325137722631972,77.41532896520157,0.07811765372753143,-0.05208836868405342,0.0,0.0,0.0,
1_+861783+203995,1388.0,17.0,1576.0,1192.0,1174.0,1073.0,1105.5,1135.5,1272.5,1416.5,1323.0,1561.5,339.0,18.325227554160385,77.41532896520157,0.08995404839515686,-0.0871785581111908,0.0,0.0,0.0,
1_+861783+203996,1388.0,17.0,1576.0,1192.0,1179.5,1067.5,1123.0,1135.5,1272.5,1416.5,1406.0,1561.5,339.0,18.325317385688795,77.41532896520157,0.1116563081741333,-0.05720031261444092,0.0,0.0,0.0,
1_+861783+203997,1404.5,17.0,1750.5,1293.0,1184.0,1083.5,1142.5,1213.5,1380.0,1534.5,1563.0,1702.5,366.5,18.325407217217208,77.41532896520157,0.15587665140628815,-0.056720070540905,0.0,0.0,0.0,
1_+861783+203998,1404.5,17.0,1750.5,1293.0,1200.0,1115.0,1201.5,1213.5,1380.0,1534.5,1581.5,1702.5,366.5,18.32549704874562,77.41532896520157,0.1366533786058426,-0.05072605609893799,0.0,0.0,0.0,
1_+861784+203994,1388.0,17.0,1392.5,1078.5,1139.0,1012.0,1033.0,1066.5,1187.5,1306.5,1162.0,1429.5,339.0,18.325137722631972,77.41541879672998,0.05927518010139465,-0.0901864767074585,0.0,0.0,0.0,
1_+861784+203995,1388.0,17.0,1576.0,1192.0,1170.0,1050.0,1099.5,1135.5,1272.5,1416.5,1253.0,1561.5,339.0,18.325227554160385,77.41541879672998,0.06545232236385345,-0.11411303281784058,0.0,0.0,0.0,
1_+861784+203996,1388.0,17.0,1576.0,1192.0,1181.5,1070.5,1129.5,1135.5,1272.5,1416.5,1296.5,1561.5,339.0,18.325317385688795,77.41541879672998,0.06894712150096893,-0.09712864458560944,0.0,0.0,0.0,
1_+861784+203997,1404.5,17.0,1750.5,1293.0,1193.0,1085.5,1158.0,1213.5,1380.0,1534.5,1351.5,1702.5,366.5,18.325407217217208,77.41541879672998,0.0771331787109375,-0.12855860590934753,0.0,0.0,0.0,
1_+861784+203998,1404.5,17.0,1750.5,1293.0,1210.0,1106.0,1188.5,1213.5,1380.0,1534.5,1412.0,1702.5,366.5,18.32549704874562,77.41541879672998,0.0860656276345253,-0.10694640874862671,0.0,0.0,0.0,
1_+861784+203999,1404.5,17.0,1738.0,1312.5,1195.5,1098.5,1169.0,1218.0,1328.0,1499.5,1381.5,1634.0,366.5,18.32558688027403,77.41541879672998,0.08327215164899826,-0.11431755125522614,0.0,0.0,0.0,
1_+861784+204000,1404.5,17.0,1738.0,1312.5,1188.0,1075.5,1143.0,1218.0,1328.0,1499.5,1334.0,1634.0,366.5,18.325676711802444,77.41541879672998,0.07707693427801132,-0.1315372884273529,0.0,0.0,0.0,
1_+861784+204001,1404.5,17.0,1662.5,1265.0,1187.5,1064.5,1129.5,1157.0,1300.5,1454.0,1324.5,1607.0,366.5,18.325766543330857,77.41541879672998,0.07949529588222504,-0.11311446130275726,0.0,0.0,0.0,
1_+861784+204002,1404.5,17.0,1662.5,1265.0,1192.5,1084.0,1136.5,1157.0,1300.5,1454.0,1376.5,1607.0,366.5,18.325856374859267,77.41541879672998,0.09545643627643585,-0.0940963476896286,0.0,0.0,0.0,
1_+861784+204003,1415.5,17.5,1742.5,1322.5,1193.5,1079.5,1125.5,1176.5,1341.5,1474.0,1371.5,1669.0,399.0,18.32594620638768,77.41541879672998,0.09856820106506348,-0.11876801401376724,0.0,0.0,0.0,
1_+861784+204004,1415.5,17.5,1742.5,1322.5,1184.0,1078.0,1155.5,1176.5,1341.5,1474.0,1494.5,1669.0,399.0,18.326036037916094,77.41541879672998,0.12770245969295502,-0.07649222016334534,0.0,0.0,0.0,
1_+861784+204005,1415.5,17.5,1873.0,1386.0,1192.5,1076.5,1166.0,1220.0,1392.0,1584.0,1556.5,1776.0,399.0,18.326125869444503,77.41541879672998,0.14335499703884125,-0.0922057181596756,0.0,0.0,0.0,
1_+861785+203994,1388.0,17.0,1278.5,1008.0,1147.5,1012.0,1042.0,1020.0,1089.0,1201.5,1155.0,1284.0,339.0,18.325137722631972,77.4155086282584,0.051670920103788376,-0.05075734108686447,0.0,0.0,0.0,
1_+861785+203995,1388.0,17.0,1463.5,1157.0,1175.0,1050.0,1097.0,1099.5,1179.0,1305.5,1254.5,1430.5,339.0,18.325227554160385,77.4155086282584,0.06684111803770065,-0.0768507868051529,0.0,0.0,0.0,
1_+861785+203996,1388.0,17.0,1463.5,1157.0,1183.0,1063.0,1126.0,1099.5,1179.0,1305.5,1285.5,1430.5,339.0,18.325317385688795,77.4155086282584,0.06530601531267166,-0.0653567835688591,0.0,0.0,0.0,
1_+861785+203997,1404.5,17.0,1563.5,1244.5,1182.5,1065.0,1123.5,1126.0,1232.5,1367.0,1304.5,1513.5,366.5,18.325407217217208,77.4155086282584,0.07422270625829697,-0.0905274748802185,0.0,0.0,0.0,
1_+861785+203998,1404.5,17.0,1750.5,1293.0,1210.0,1106.0,1188.5,1213.5,1380.0,1534.5,1412.0,1702.5,366.5,18.32549704874562,77.4155086282584,0.0860656276345253,-0.10694640874862671,0.0,0.0,0.0,
1_+861785+203999,1404.5,17.0,1738.0,1312.5,1195.5,1098.5,1169.0,1218.0,1328.0,1499.5,1381.5,1634.0,366.5,18.32558688027403,77.4155086282584,0.08327215164899826,-0.11431755125522614,0.0,0.0,0.0,
1_+861785+204000,1404.5,17.0,1738.0,1312.5,1188.0,1075.5,1143.0,1218.0,1328.0,1499.5,1334.0,1634.0,366.5,18.325676711802444,77.4155086282584,0.07707693427801132,-0.1315372884273529,0.0,0.0,0.0,
1_+861785+204001,1404.5,17.0,1662.5,1265.0,1187.5,1064.5,1129.5,1157.0,1300.5,1454.0,1324.5,1607.0,366.5,18.325766543330857,77.4155086282584,0.07949529588222504,-0.11311446130275726,0.0,0.0,0.0,
1_+861785+204002,1404.5,17.0,1662.5,1265.0,1191.0,1057.5,1125.0,1157.0,1300.5,1454.0,1311.0,1607.0,366.5,18.325856374859267,77.4155086282584,0.07638537883758545,-0.11819785833358765,0.0,0.0,0.0,
1_+861785+204003,1415.5,17.5,1742.5,1322.5,1196.0,1073.5,1152.0,1176.5,1341.5,1474.0,1337.5,1669.0,399.0,18.32594620638768,77.4155086282584,0.074805349111557,-0.13114674389362335,0.0,0.0,0.0,
1_+861785+204004,1415.5,17.5,1742.5,1322.5,1203.5,1098.5,1176.0,1176.5,1341.5,1474.0,1447.0,1669.0,399.0,18.326036037916094,77.4155086282584,0.10335720330476761,-0.09228432923555374,0.0,0.0,0.0,
1_+861785+204005,1415.5,17.5,1873.0,1386.0,1207.0,1096.5,1181.0,1220.0,1392.0,1584.0,1508.0,1776.0,399.0,18.326125869444503,77.4155086282584,0.1215820163488388,-0.10782374441623688,0.0,0.0,0.0,
1_+861785+204006,1415.5,17.5,1873.0,1386.0,1206.5,1094.5,1209.5,1220.0,1392.0,1584.0,1546.0,1776.0,399.0,18.326215700972917,77.4155086282584,0.122166208922863,-0.09550020098686218,0.0,0.0,0.0,
1_+861785+204007,1415.5,17.5,1885.0,1365.0,1216.0,1114.0,1226.0,1213.5,1421.0,1621.0,1587.5,1812.0,399.0,18.326305532501326,77.4155086282584,0.1284630298614502,-0.08570373058319092,0.0,0.0,0.0,
1_+861786+203993,1388.0,17.0,1278.5,1008.0,1143.0,988.0,991.0,1020.0,1089.0,1201.5,1116.5,1284.0,339.0,18.325047891103562,77.4155984597868,0.05976027250289917,-0.06764815002679825,0.0,0.0,0.0,
1_+861786+203994,1388.0,17.0,1278.5,1008.0,1147.5,1012.0,1042.0,1020.0,1089.0,1201.5,1155.0,1284.0,339.0,18.325137722631972,77.4155984597868,0.051670920103788376,-0.05075734108686447,0.0,0.0,0.0,
1_+861786+203995,1388.0,17.0,1463.5,1157.0,1175.0,1050.0,1097.0,1099.5,1179.0,1305.5,1254.5,1430.5,339.0,18.325227554160385,77.4155984597868,0.06684111803770065,-0.0768507868051529,0.0,0.0,0.0,
1_+861786+203996,1388.0,17.0,1463.5,1157.0,1183.0,1063.0,1126.0,1099.5,1179.0,1305.5,1285.5,1430.5,339.0,18.325317385688795,77.4155984597868,0.06530601531267166,-0.0653567835688591,0.0,0.0,0.0,
1_+861786+203997,1404.5,17.0,1563.5,1244.5,1182.5,1065.0,1123.5,1126.0,1232.5,1367.0,1304.5,1513.5,366.5,18.325407217217208,77.4155984597868,0.07422270625829697,-0.0905274748802185,0.0,0.0,0.0,
1_+861786+203998,1404.5,17.0,1563.5,1244.5,1189.5,1070.5,1145.5,1126.0,1232.5,1367.0,1333.0,1513.5,366.5,18.32549704874562,77.4155984597868,0.075755275785923,-0.07949130237102509,0.0,0.0,0.0,
1_+861786+203999,1404.5,17.0,1596.0,1255.0,1185.5,1075.0,1145.0,1125.0,1246.5,1380.5,1322.5,1528.0,366.5,18.32558688027403,77.4155984597868,0.0719660297036171,-0.09363651275634766,0.0,0.0,0.0,
1_+861786+204000,1404.5,17.0,1596.0,1255.0,1172.0,1065.5,1127.5,1125.0,1246.5,1380.5,1319.0,1528.0,366.5,18.325676711802444,77.4155984597868,0.0781785249710083,-0.09502573311328888,0.0,0.0,0.0,
1_+861786+204001,1404.5,17.0,1610.0,1273.5,1175.0,1059.0,1125.5,1143.0,1238.0,1376.0,1305.5,1522.0,366.5,18.325766543330857,77.4155984597868,0.07413074374198914,-0.10429801046848297,0.0,0.0,0.0,
1_+861786+204002,1404.5,17.0,1610.0,1273.5,1180.5,1061.5,1132.5,1143.0,1238.0,1376.0,1325.5,1522.0,366.5,18.325856374859267,77.4155984597868,0.07859928905963898,-0.09677226841449738,0.0,0.0,0.0,
1_+861786+204003,1415.5,17.5,1777.0,1376.0,1193.0,1068.0,1149.5,1188.5,1292.0,1419.0,1364.5,1594.5,399.0,18.32594620638768,77.4155984597868,0.08574553579092026,-0.13089999556541443,0.0,0.0,0.0,
1_+861786+204004,1415.5,17.5,1777.0,1376.0,1201.0,1080.5,1166.5,1188.5,1292.0,1419.0,1423.5,1594.5,399.0,18.326036037916094,77.4155984597868,0.09924134612083435,-0.1099739819765091,0.0,0.0,0.0,
1_+861786+204005,1415.5,17.5,1961.0,1481.5,1190.0,1066.5,1150.5,1255.0,1340.0,1543.5,1409.5,1708.5,399.0,18.326125869444503,77.4155984597868,0.10105748474597931,-0.1634407639503479,0.0,0.0,0.0,
1_+861786+204006,1415.5,17.5,1961.0,1481.5,1186.5,1081.0,1171.5,1255.0,1340.0,1543.5,1450.5,1708.5,399.0,18.326215700972917,77.4155984597868,0.10655265301465988,-0.14943772554397583,0.0,0.0,0.0,
1_+861786+204007,1415.5,17.5,2087.0,1541.0,1219.5,1117.0,1221.0,1304.0,1455.0,1646.5,1573.0,1906.5,399.0,18.326305532501326,77.4155984597868,0.12592516839504242,-0.14046847820281982,0.0,0.0,0.0,
1_+861786+204008,1415.5,17.5,2087.0,1541.0,1222.0,1113.0,1240.5,1304.0,1455.0,1646.5,1603.0,1906.5,399.0,18.32639536402974,77.4155984597868,0.12754260003566742,-0.1311427652835846,0.0,0.0,0.0,
1_+861786+204009,1403.0,16.5,2052.5,1497.5,1208.5,1119.0,1205.5,1278.0,1478.5,1651.5,1581.0,1885.5,384.5,18.326485195558153,77.4155984597868,0.1344595104455948,-0.13008955121040344,0.0,0.0,0.0,
1_+861787+203993,1388.0,17.0,1278.5,1008.0,1143.0,988.0,991.0,1020.0,1089.0,1201.5,1116.5,1284.0,339.0,18.325047891103562,77.4156882913152,0.05976027250289917,-0.06764815002679825,0.0,0.0,0.0,
1_+861787+203994,1388.0,17.0,1278.5,1008.0,1157.5,1012.0,1042.0,1020.0,1089.0,1201.5,1169.5,1284.0,339.0,18.325137722631972,77.4156882913152,0.05781988799571991,-0.04452614486217499,0.0,0.0,0.0,
1_+861787+203995,1388.0,17.0,1463.5,1157.0,1175.5,1040.5,1089.0,1099.5,1179.0,1305.5,1217.0,1430.5,339.0,18.325227554160385,77.4156882913152,0.055100731551647186,-0.09217080473899841,0.0,0.0,0.0,
1_+861787+203996,1388.0,17.0,1463.5,1157.0,1184.5,1051.5,1111.0,1099.5,1179.0,1305.5,1260.5,1430.5,339.0,18.325317385688795,77.4156882913152,0.062369637191295624,-0.0750105232000351,0.0,0.0,0.0,
1_+861787+203997,1404.5,17.0,1563.5,1244.5,1184.5,1059.0,1114.0,1126.0,1232.5,1367.0,1279.5,1513.5,366.5,18.325407217217208,77.4156882913152,0.06871293485164642,-0.10019628703594208,0.0,0.0,0.0,
1_+861787+203998,1404.5,17.0,1563.5,1244.5,1177.0,1062.5,1125.5,1126.0,1232.5,1367.0,1309.5,1513.5,366.5,18.32549704874562,77.4156882913152,0.07564185559749603,-0.08836464583873749,0.0,0.0,0.0,
1_+861787+203999,1404.5,17.0,1596.0,1255.0,1183.0,1056.0,1122.0,1125.0,1246.5,1380.5,1312.5,1528.0,366.5,18.32558688027403,77.4156882913152,0.07841579616069794,-0.0973956435918808,0.0,0.0,0.0,
1_+861787+204000,1404.5,17.0,1596.0,1255.0,1177.5,1056.5,1129.5,1125.0,1246.5,1380.5,1316.5,1528.0,366.5,18.325676711802444,77.4156882913152,0.07656079530715942,-0.09589211642742157,0.0,0.0,0.0,
1_+861787+204001,1404.5,17.0,1610.0,1273.5,1172.5,1062.5,1135.0,1143.0,1238.0,1376.0,1318.5,1522.0,366.5,18.325766543330857,77.4156882913152,0.07486478984355927,-0.09939602762460709,0.0,0.0,0.0,
1_+861787+204002,1404.5,17.0,1610.0,1273.5,1178.5,1055.5,1140.0,1143.0,1238.0,1376.0,1312.0,1522.0,366.5,18.325856374859267,77.4156882913152,0.07032547891139984,-0.10183944553136826,0.0,0.0,0.0,
1_+861787+204003,1415.5,17.5,1777.0,1376.0,1177.5,1064.5,1152.5,1188.5,1292.0,1419.0,1365.5,1594.5,399.0,18.32594620638768,77.4156882913152,0.08475010842084885,-0.1305399388074875,0.0,0.0,0.0,
1_+861787+204004,1415.5,17.5,1777.0,1376.0,1184.0,1083.5,1179.5,1188.5,1292.0,1419.0,1440.5,1594.5,399.0,18.326036037916094,77.4156882913152,0.09961248934268951,-0.10410524159669876,0.0,0.0,0.0,
1_+861787+204005,1415.5,17.5,1961.0,1481.5,1200.0,1075.5,1170.5,1255.0,1340.0,1543.5,1436.5,1708.5,399.0,18.326125869444503,77.4156882913152,0.10189393907785416,-0.15420542657375336,0.0,0.0,0.0,
1_+861787+204006,1415.5,17.5,1961.0,1481.5,1208.0,1099.0,1223.5,1255.0,1340.0,1543.5,1503.0,1708.5,399.0,18.326215700972917,77.4156882913152,0.1027275025844574,-0.13203847408294678,0.0,0.0,0.0,
1_+861787+204007,1415.5,17.5,2087.0,1541.0,1219.0,1134.5,1295.0,1304.0,1455.0,1646.5,1661.5,1906.5,399.0,18.326305532501326,77.4156882913152,0.12390867620706558,-0.11352004110813141,0.0,0.0,0.0,
1_+861787+204008,1415.5,17.5,2087.0,1541.0,1240.5,1153.0,1305.5,1304.0,1455.0,1646.5,1650.0,1906.5,399.0,18.32639536402974,77.4156882913152,0.11641082167625427,-0.11713344603776932,0.0,0.0,0.0,
1_+861787+204009,1403.0,16.5,2052.5,1497.5,1232.0,1155.0,1271.5,1278.0,1478.5,1651.5,1653.0,1885.5,384.5,18.326485195558153,77.4156882913152,0.13045728206634521,-0.10784155130386353,0.0,0.0,0.0,
1_+861787+204010,1403.0,16.5,2052.5,1497.5,1225.5,1132.5,1249.5,1278.0,1478.5,1651.5,1688.5,1885.5,384.5,18.326575027086562,77.4156882913152,0.14950458705425262,-0.0973425805568695,0.0,0.0,0.0,
1_+861787+204011,1403.0,16.5,1911.5,1397.0,1226.5,1131.5,1234.5,1214.0,1402.0,1577.0,1648.5,1762.5,384.5,18.326664858614976,77.4156882913152,0.14280010759830475,-0.07450085878372192,0.0,0.0,0.0,
1_+861788+203993,1388.0,17.0,1335.0,1046.5,1141.0,1004.0,1002.0,1072.5,1154.0,1252.5,1128.5,1369.0,339.0,18.325047891103562,77.41577812284362,0.059769049286842346,-0.08384191989898682,0.0,0.0,0.0,
1_+861788+203994,1388.0,17.0,1335.0,1046.5,1152.5,1020.0,1048.0,1072.5,1154.0,1252.5,1187.0,1369.0,339.0,18.325137722631972,77.41577812284362,0.06237780302762985,-0.05867951363325119,0.0,0.0,0.0,
1_+861788+203995,1388.0,17.0,1494.0,1162.0,1173.5,1040.0,1078.0,1135.0,1201.5,1355.5,1227.5,1450.5,339.0,18.325227554160385,77.41577812284362,0.06412186473608017,-0.0982179045677185,0.0,0.0,0.0,
1_+861788+203996,1388.0,17.0,1494.0,1162.0,1175.0,1052.0,1100.0,1135.0,1201.5,1355.5,1253.0,1450.5,339.0,18.325317385688795,77.41577812284362,0.06425302475690842,-0.08818057924509048,0.0,0.0,0.0,
1_+861788+203997,1404.5,17.0,1561.0,1213.0,1183.5,1051.0,1105.0,1132.5,1210.5,1370.5,1267.0,1493.0,366.5,18.325407217217208,77.41577812284362,0.0680825263261795,-0.10410571098327637,0.0,0.0,0.0,
1_+861788+203998,1404.5,17.0,1561.0,1213.0,1175.5,1050.0,1103.5,1132.5,1210.5,1370.5,1289.5,1493.0,366.5,18.32549704874562,77.41577812284362,0.0779133215546608,-0.09519379585981369,0.0,0.0,0.0,
1_+861788+203999,1404.5,17.0,1591.0,1220.5,1175.0,1051.0,1104.5,1122.0,1215.5,1366.5,1298.5,1494.0,366.5,18.32558688027403,77.41577812284362,0.08086101710796356,-0.10116061568260193,0.0,0.0,0.0,
1_+861788+204000,1404.5,17.0,1591.0,1220.5,1187.0,1055.0,1118.5,1122.0,1215.5,1366.5,1315.0,1494.0,366.5,18.325676711802444,77.41577812284362,0.08084801584482193,-0.0949149802327156,0.0,0.0,0.0,
1_+861788+204001,1404.5,17.0,1652.0,1277.0,1184.0,1062.0,1130.0,1142.5,1253.5,1388.5,1332.0,1527.5,366.5,18.325766543330857,77.41577812284362,0.08208493888378143,-0.10694560408592224,0.0,0.0,0.0,
1_+861788+204002,1404.5,17.0,1652.0,1277.0,1192.0,1063.5,1127.5,1142.5,1253.5,1388.5,1311.5,1527.5,366.5,18.325856374859267,77.41577812284362,0.07550834864377975,-0.11461815237998962,0.0,0.0,0.0,
1_+861788+204003,1415.5,17.5,1843.0,1408.5,1180.5,1066.0,1144.0,1205.5,1319.0,1469.5,1351.5,1634.5,399.0,18.32594620638768,77.41577812284362,0.0831616073846817,-0.15361082553863525,0.0,0.0,0.0,
1_+861788+204004,1415.5,17.5,1843.0,1408.5,1190.0,1076.5,1182.5,1205.5,1319.0,1469.5,1435.5,1634.5,399.0,18.326036037916094,77.41577812284362,0.0966331735253334,-0.12392314523458481,0.0,0.0,0.0,
1_+861788+204005,1415.5,17.5,1989.5,1531.5,1198.0,1088.0,1189.0,1279.5,1400.5,1575.0,1461.0,1778.0,399.0,18.326125869444503,77.41577812284362,0.10254163295030594,-0.15311190485954285,0.0,0.0,0.0,
1_+861788+204006,1415.5,17.5,1989.5,1531.5,1233.0,1119.5,1250.5,1279.5,1400.5,1575.0,1531.0,1778.0,399.0,18.326215700972917,77.41577812284362,0.10094349831342697,-0.1301950216293335,0.0,0.0,0.0,
1_+861788+204007,1415.5,17.5,2104.5,1593.0,1236.5,1154.0,1307.0,1328.5,1483.5,1647.5,1642.0,1867.5,399.0,18.326305532501326,77.41577812284362,0.11364620923995972,-0.12331748008728027,0.0,0.0,0.0,
1_+861788+204008,1415.5,17.5,2104.5,1593.0,1237.0,1157.5,1299.5,1328.5,1483.5,1647.5,1628.5,1867.5,399.0,18.32639536402974,77.41577812284362,0.11231845617294312,-0.12739424407482147,0.0,0.0,0.0,
1_+861788+204009,1403.0,16.5,2164.5,1613.5,1236.5,1132.0,1285.5,1318.0,1457.0,1642.0,1606.5,1844.0,384.5,18.326485195558153,77.41577812284362,0.1110135167837143,-0.14776277542114258,0.0,0.0,0.0,
1_+861788+204010,1403.0,16.5,2164.5,1613.5,1230.5,1135.0,1292.0,1318.0,1457.0,1642.0,1634.0,1844.0,384.5,18.326575027086562,77.41577812284362,0.11692102998495102,-0.13945510983467102,0.0,0.0,0.0,
1_+861788+204011,1403.0,16.5,2166.0,1615.5,1242.5,1138.0,1294.5,1293.0,1434.0,1640.5,1626.0,1852.0,384.5,18.326664858614976,77.41577812284362,0.11351360380649567,-0.14232319593429565,0.0,0.0,0.0,
1_+861788+204012,1403.0,16.5,2166.0,1615.5,1225.0,1129.0,1260.5,1293.0,1434.0,1640.5,1603.0,1852.0,384.5,18.32675469014339,77.41577812284362,0.11961992084980011,-0.1492917537689209,0.0,0.0,0.0,
1_+861788+204013,1403.0,16.5,2093.0,1510.5,1212.5,1094.5,1201.0,1276.5,1431.0,1608.5,1542.0,1837.5,384.5,18.3268445216718,77.41577812284362,0.12433066964149475,-0.15154239535331726,0.0,0.0,0.0,
1_+861789+203993,1388.0,17.0,1335.0,1046.5,1156.5,1041.0,1065.5,1072.5,1154.0,1252.5,1230.5,1369.0,339.0,18.325047891103562,77.41586795437203,0.07221435755491257,-0.040731776505708694,0.0,0.0,0.0,
1_+861789+203994,1388.0,17.0,1335.0,1046.5,1172.5,1050.5,1117.0,1072.5,1154.0,1252.5,1286.5,1369.0,339.0,18.325137722631972,77.41586795437203,0.07061545550823212,-0.018502479419112206,0.0,0.0,0.0,
1_+861789+203995,1388.0,17.0,1494.0,1162.0,1180.0,1062.5,1102.0,1135.0,1201.5,1355.5,1320.5,1450.5,339.0,18.325227554160385,77.41586795437203,0.08900492638349533,-0.062390513718128204,0.0,0.0,0.0,
1_+861789+203996,1388.0,17.0,1494.0,1162.0,1183.5,1070.0,1119.5,1135.0,1201.5,1355.5,1319.0,1450.5,339.0,18.325317385688795,77.41586795437203,0.08089844882488251,-0.06282530725002289,0.0,0.0,0.0,
1_+861789+203997,1404.5,17.0,1561.0,1213.0,1187.0,1060.0,1111.0,1132.5,1210.5,1370.5,1316.5,1493.0,366.5,18.325407217217208,77.41586795437203,0.08410662412643433,-0.08540721237659454,0.0,0.0,0.0,
1_+861789+203998,1404.5,17.0,1561.0,1213.0,1175.5,1051.5,1098.5,1132.5,1210.5,1370.5,1285.5,1493.0,366.5,18.32549704874562,77.41586795437203,0.07856759428977966,-0.09675201028585434,0.0,0.0,0.0,
1_+861789+203999,1404.5,17.0,1591.0,1220.5,1177.0,1058.0,1100.5,1122.0,1215.5,1366.5,1263.5,1494.0,366.5,18.32558688027403,77.41586795437203,0.06914308667182922,-0.11468568444252014,0.0,0.0,0.0,
1_+861789+204000,1404.5,17.0,1591.0,1220.5,1190.0,1059.0,1118.5,1122.0,1215.5,1366.5,1299.5,1494.0,366.5,18.325676711802444,77.41586795437203,0.07498004287481308,-0.10083125531673431,0.0,0.0,0.0,
1_+861789+204001,1404.5,17.0,1652.0,1277.0,1185.5,1065.0,1134.0,1142.5,1253.5,1388.5,1315.0,1527.5,366.5,18.325766543330857,77.41586795437203,0.07406799495220184,-0.11328775435686111,0.0,0.0,0.0,
1_+861789+204002,1404.5,17.0,1652.0,1277.0,1193.5,1070.5,1137.5,1142.5,1253.5,1388.5,1336.5,1527.5,366.5,18.325856374859267,77.41586795437203,0.08056122809648514,-0.10528142005205154,0.0,0.0,0.0,
1_+861789+204003,1415.5,17.5,1843.0,1408.5,1203.5,1079.5,1171.0,1205.5,1319.0,1469.5,1440.0,1634.5,399.0,18.32594620638768,77.41586795437203,0.10295137763023376,-0.12251240760087967,0.0,0.0,0.0,
1_+861789+204004,1415.5,17.5,1843.0,1408.5,1208.5,1094.5,1200.5,1205.5,1319.0,1469.5,1490.5,1634.5,399.0,18.326036037916094,77.41586795437203,0.10767345130443573,-0.10542790591716766,0.0,0.0,0.0,
1_+861789+204005,1415.5,17.5,1989.5,1531.5,1204.5,1108.0,1214.0,1279.5,1400.5,1575.0,1486.0,1778.0,399.0,18.326125869444503,77.41586795437203,0.100592240691185,-0.1448495090007782,0.0,0.0,0.0,
1_+861789+204006,1415.5,17.5,1989.5,1531.5,1236.5,1136.5,1261.0,1279.5,1400.5,1575.0,1530.0,1778.0,399.0,18.326215700972917,77.41586795437203,0.09636764228343964,-0.13045068085193634,0.0,0.0,0.0,
1_+861789+204007,1415.5,17.5,2104.5,1593.0,1246.0,1162.0,1307.0,1328.5,1483.5,1647.5,1606.5,1867.5,399.0,18.326305532501326,77.41586795437203,0.10271118581295013,-0.13410168886184692,0.0,0.0,0.0,
1_+861789+204008,1415.5,17.5,2104.5,1593.0,1227.0,1135.5,1280.0,1328.5,1483.5,1647.5,1571.0,1867.5,399.0,18.32639536402974,77.41586795437203,0.10206503421068192,-0.14506188035011292,0.0,0.0,0.0,
1_+861789+204009,1403.0,16.5,2164.5,1613.5,1216.0,1109.5,1245.0,1318.0,1457.0,1642.0,1547.5,1844.0,384.5,18.326485195558153,77.41586795437203,0.10836265236139297,-0.16600750386714935,0.0,0.0,0.0,
1_+861789+204010,1403.0,16.5,2164.5,1613.5,1216.5,1118.5,1234.5,1318.0,1457.0,1642.0,1563.0,1844.0,384.5,18.326575027086562,77.41586795437203,0.11741729080677032,-0.16114994883537292,0.0,0.0,0.0,
1_+861789+204011,1403.0,16.5,2166.0,1615.5,1218.5,1117.5,1231.0,1293.0,1434.0,1640.5,1539.0,1852.0,384.5,18.326664858614976,77.41586795437203,0.11123954504728317,-0.16915802657604218,0.0,0.0,0.0,
1_+861789+204012,1403.0,16.5,2166.0,1615.5,1220.0,1119.0,1249.0,1293.0,1434.0,1640.5,1604.0,1852.0,384.5,18.32675469014339,77.41586795437203,0.12450115382671356,-0.14909783005714417,0.0,0.0,0.0,
1_+861789+204013,1403.0,16.5,2093.0,1510.5,1222.0,1123.5,1261.5,1276.5,1431.0,1608.5,1607.0,1837.5,384.5,18.3268445216718,77.41586795437203,0.12041233479976654,-0.1311713457107544,0.0,0.0,0.0,
1_+861789+204014,1403.0,16.5,2093.0,1510.5,1222.0,1124.5,1274.5,1276.5,1431.0,1608.5,1577.5,1837.5,384.5,18.326934353200212,77.41586795437203,0.1062319353222847,-0.14027857780456543,0.0,0.0,0.0,
1_+861789+204015,1380.5,16.5,1898.5,1337.5,1214.0,1120.0,1234.0,1231.0,1383.0,1533.0,1557.0,1711.0,348.0,18.327024184728625,77.41586795437203,0.11596322804689407,-0.09804324060678482,0.0,0.0,0.0,
1_+861790+203992,1385.5,15.5,1264.0,1000.0,1154.5,1003.0,1041.5,1018.0,1124.0,1237.0,1137.5,1335.0,338.5,18.32495805957515,77.41595778590045,0.04415268450975418,-0.05267459154129028,0.0,0.0,0.0,
1_+861790+203993,1385.5,15.5,1348.0,1080.0,1158.0,1038.5,1051.0,1069.5,1186.0,1298.5,1182.5,1414.5,338.5,18.325047891103562,77.41595778590045,0.059023912996053696,-0.06554016470909119,0.0,0.0,0.0,
1_+861790+203994,1385.5,15.5,1348.0,1080.0,1187.0,1064.0,1116.5,1069.5,1186.0,1298.5,1267.5,1414.5,338.5,18.325137722631972,77.41595778590045,0.06364940851926804,-0.030801892280578613,0.0,0.0,0.0,
1_+861790+203995,1385.5,15.5,1484.0,1164.0,1182.0,1087.5,1132.0,1137.5,1243.5,1392.5,1335.5,1501.5,338.5,18.325227554160385,77.41595778590045,0.08236531913280487,-0.05276971682906151,0.0,0.0,0.0,
1_+861790+203996,1385.5,15.5,1484.0,1164.0,1194.5,1089.0,1132.0,1137.5,1243.5,1392.5,1357.5,1501.5,338.5,18.325317385688795,77.41595778590045,0.09045203775167465,-0.04457747936248779,0.0,0.0,0.0,
1_+861790+203997,1416.5,17.5,1611.0,1248.5,1202.0,1091.5,1139.5,1162.0,1288.5,1414.0,1395.0,1575.0,384.5,18.325407217217208,77.41595778590045,0.10083817690610886,-0.0717906802892685,0.0,0.0,0.0,
1_+861790+203998,1416.5,17.5,1611.0,1248.5,1189.5,1075.0,1122.0,1162.0,1288.5,1414.0,1394.0,1575.0,384.5,18.32549704874562,77.41595778590045,0.10758578777313232,-0.07249481976032257,0.0,0.0,0.0,
1_+861790+203999,1416.5,17.5,1654.5,1293.0,1177.0,1055.0,1116.0,1152.0,1264.0,1408.5,1334.5,1546.0,384.5,18.32558688027403,77.41595778590045,0.08877541869878769,-0.10729160904884338,0.0,0.0,0.0,
1_+861790+204000,1416.5,17.5,1654.5,1293.0,1176.0,1050.0,1113.0,1152.0,1264.0,1408.5,1296.0,1546.0,384.5,18.325676711802444,77.41595778590045,0.07603318989276886,-0.12145541608333588,0.0,0.0,0.0,
1_+861790+204001,1416.5,17.5,1765.0,1347.5,1177.0,1055.0,1127.5,1176.5,1328.0,1466.0,1314.0,1640.5,384.5,18.325766543330857,77.41595778590045,0.07648379355669022,-0.1460665762424469,0.0,0.0,0.0,
1_+861790+204002,1416.5,17.5,1765.0,1347.5,1186.0,1073.5,1161.5,1176.5,1328.0,1466.0,1354.5,1640.5,384.5,18.325856374859267,77.41595778590045,0.0768873542547226,-0.1312834620475769,0.0,0.0,0.0,
1_+861790+204003,1446.0,17.5,1988.0,1505.5,1208.0,1105.5,1215.0,1272.0,1421.5,1595.0,1475.5,1788.5,438.5,18.32594620638768,77.41595778590045,0.09688187390565872,-0.14773248136043549,0.0,0.0,0.0,
1_+861790+204004,1446.0,17.5,1988.0,1505.5,1220.0,1110.5,1221.0,1272.0,1421.5,1595.0,1525.5,1788.5,438.5,18.326036037916094,77.41595778590045,0.11066669225692749,-0.13141793012619019,0.0,0.0,0.0,
1_+861790+204005,1446.0,17.5,2068.0,1568.0,1212.0,1109.5,1220.5,1276.5,1437.5,1611.5,1488.5,1817.0,438.5,18.326125869444503,77.41595778590045,0.09885837137699127,-0.16299685835838318,0.0,0.0,0.0,
1_+861790+204006,1446.0,17.5,2068.0,1568.0,1235.5,1152.5,1274.5,1276.5,1437.5,1611.5,1532.5,1817.0,438.5,18.326215700972917,77.41595778590045,0.09191577881574631,-0.14872944355010986,0.0,0.0,0.0,
1_+861790+204007,1446.0,17.5,2041.5,1562.5,1243.0,1160.0,1293.5,1263.0,1415.0,1580.5,1585.0,1795.5,438.5,18.326305532501326,77.41595778590045,0.10125651210546494,-0.12587332725524902,0.0,0.0,0.0,
1_+861790+204008,1446.0,17.5,2041.5,1562.5,1231.5,1126.0,1259.5,1263.0,1415.0,1580.5,1537.0,1795.5,438.5,18.32639536402974,77.41595778590045,0.09932352602481842,-0.14097508788108826,0.0,0.0,0.0,
1_+861790+204009,1416.0,17.0,2030.5,1538.0,1216.5,1108.5,1217.0,1244.0,1348.0,1544.5,1513.5,1753.5,416.5,18.326485195558153,77.41595778590045,0.10864584147930145,-0.14575330913066864,0.0,0.0,0.0,
1_+861790+204010,1416.0,17.0,2030.5,1538.0,1200.0,1083.5,1194.0,1244.0,1348.0,1544.5,1507.0,1753.5,416.5,18.326575027086562,77.41595778590045,0.115883007645607,-0.1478017270565033,0.0,0.0,0.0,
1_+861790+204011,1416.0,17.0,2057.5,1536.0,1185.0,1071.0,1188.5,1222.0,1390.0,1596.5,1479.0,1832.0,416.5,18.326664858614976,77.41595778590045,0.10889357328414917,-0.16336974501609802,0.0,0.0,0.0,
1_+861790+204012,1416.0,17.0,2057.5,1536.0,1201.0,1075.0,1198.0,1222.0,1390.0,1596.5,1565.0,1832.0,416.5,18.32675469014339,77.41595778590045,0.13269641995429993,-0.13609996438026428,0.0,0.0,0.0,
1_+861790+204013,1416.0,17.0,2083.5,1500.0,1185.5,1073.5,1146.0,1237.5,1501.0,1678.5,1660.0,1941.0,416.5,18.3268445216718,77.41595778590045,0.1837252676486969,-0.11202657222747803,0.0,0.0,0.0,
1_+861790+204014,1416.0,17.0,2083.5,1500.0,1218.0,1092.5,1215.5,1237.5,1501.0,1678.5,1682.0,1941.0,416.5,18.326934353200212,77.41595778590045,0.1623821258544922,-0.10552848875522614,0.0,0.0,0.0,
1_+861790+204015,1397.5,16.5,2028.0,1452.5,1212.5,1111.0,1255.5,1246.5,1359.0,1630.0,1643.5,1804.5,385.0,18.327024184728625,77.41595778590045,0.13476407527923584,-0.09957107901573181,0.0,0.0,0.0,
1_+861791+203992,1385.5,15.5,1264.0,1000.0,1141.5,1004.5,1033.5,1018.0,1124.0,1237.0,1134.0,1335.0,338.5,18.32495805957515,77.41604761742886,0.04647308588027954,-0.05421870946884155,0.0,0.0,0.0,
1_+861791+203993,1385.5,15.5,1348.0,1080.0,1146.0,1030.0,1055.0,1069.5,1186.0,1298.5,1192.5,1414.5,338.5,18.325047891103562,77.41604761742886,0.06135384365916252,-0.06125372648239136,0.0,0.0,0.0,
1_+861791+203994,1385.5,15.5,1348.0,1080.0,1175.0,1059.0,1108.5,1069.5,1186.0,1298.5,1230.0,1414.5,338.5,18.325137722631972,77.41604761742886,0.0522979274392128,-0.04573679715394974,0.0,0.0,0.0,
1_+861791+203995,1385.5,15.5,1484.0,1164.0,1187.0,1076.0,1132.0,1137.5,1243.5,1392.5,1260.5,1501.5,338.5,18.325227554160385,77.41604761742886,0.053753290325403214,-0.0813935399055481,0.0,0.0,0.0,
1_+861791+203996,1385.5,15.5,1484.0,1164.0,1186.5,1059.5,1114.0,1137.5,1243.5,1392.5,1249.5,1501.5,338.5,18.325317385688795,77.41604761742886,0.05720047280192375,-0.08600795269012451,0.0,0.0,0.0,
1_+861791+203997,1416.5,17.5,1611.0,1248.5,1190.0,1063.5,1133.0,1162.0,1288.5,1414.0,1330.5,1575.0,384.5,18.325407217217208,77.41604761742886,0.08062749356031418,-0.09566448628902435,0.0,0.0,0.0,
1_+861791+203998,1416.5,17.5,1611.0,1248.5,1193.5,1082.5,1160.5,1162.0,1288.5,1414.0,1403.0,1575.0,384.5,18.32549704874562,77.41604761742886,0.09474832564592361,-0.0688851848244667,0.0,0.0,0.0,
1_+861791+203999,1416.5,17.5,1654.5,1293.0,1210.5,1087.5,1168.5,1152.0,1264.0,1408.5,1389.0,1546.0,384.5,18.32558688027403,77.41604761742886,0.08590247482061386,-0.08742986619472504,0.0,0.0,0.0,
1_+861791+204000,1416.5,17.5,1654.5,1293.0,1206.5,1085.0,1151.0,1152.0,1264.0,1408.5,1362.0,1546.0,384.5,18.325676711802444,77.41604761742886,0.08391416072845459,-0.09698034822940826,0.0,0.0,0.0,
1_+861791+204001,1416.5,17.5,1765.0,1347.5,1202.5,1083.0,1156.5,1176.5,1328.0,1466.0,1369.0,1640.5,384.5,18.325766543330857,77.41604761742886,0.08418543636798859,-0.12595249712467194,0.0,0.0,0.0,
1_+861791+204002,1416.5,17.5,1765.0,1347.5,1187.5,1095.5,1182.5,1176.5,1328.0,1466.0,1445.5,1640.5,384.5,18.325856374859267,77.41604761742886,0.10029828548431396,-0.0991704910993576,0.0,0.0,0.0,
1_+861791+204003,1446.0,17.5,1988.0,1505.5,1214.0,1128.0,1270.0,1272.0,1421.5,1595.0,1538.5,1788.5,438.5,18.32594620638768,77.41604761742886,0.0955427959561348,-0.12733568251132965,0.0,0.0,0.0,
1_+861791+204004,1446.0,17.5,1988.0,1505.5,1244.5,1142.0,1273.0,1272.0,1421.5,1595.0,1591.5,1788.5,438.5,18.326036037916094,77.41604761742886,0.11107482761144638,-0.11071476340293884,0.0,0.0,0.0,
1_+861791+204005,1446.0,17.5,2068.0,1568.0,1219.5,1124.5,1232.0,1276.5,1437.5,1611.5,1528.5,1817.0,438.5,18.326125869444503,77.41604761742886,0.10737326741218567,-0.15023484826087952,0.0,0.0,0.0,
1_+861791+204006,1446.0,17.5,2068.0,1568.0,1206.5,1122.0,1228.0,1276.5,1437.5,1611.5,1529.5,1817.0,438.5,18.326215700972917,77.41604761742886,0.10922037810087204,-0.1498064249753952,0.0,0.0,0.0,
1_+861791+204007,1446.0,17.5,2041.5,1562.5,1223.5,1124.5,1234.0,1263.0,1415.0,1580.5,1525.5,1795.5,438.5,18.326305532501326,77.41604761742886,0.10559207201004028,-0.14464478194713593,0.0,0.0,0.0,
1_+861791+204008,1446.0,17.5,2041.5,1562.5,1219.0,1098.5,1217.5,1263.0,1415.0,1580.5,1505.0,1795.5,438.5,18.32639536402974,77.41604761742886,0.10562865436077118,-0.1512320190668106,0.0,0.0,0.0,
1_+861791+204009,1416.0,17.0,2030.5,1538.0,1204.0,1103.5,1217.5,1244.0,1348.0,1544.5,1520.5,1753.5,416.5,18.326485195558153,77.41604761742886,0.11071290075778961,-0.14367322623729706,0.0,0.0,0.0,
1_+861791+204010,1416.0,17.0,2030.5,1538.0,1217.5,1083.5,1200.0,1244.0,1348.0,1544.5,1493.5,1753.5,416.5,18.326575027086562,77.41604761742886,0.10897671431303024,-0.15227264165878296,0.0,0.0,0.0,
1_+861791+204011,1416.0,17.0,2057.5,1536.0,1195.5,1071.5,1171.5,1222.0,1390.0,1596.5,1467.0,1832.0,416.5,18.326664858614976,77.41604761742886,0.11195535212755203,-0.16739240288734436,0.0,0.0,0.0,
1_+861791+204012,1416.0,17.0,2057.5,1536.0,1184.0,1055.5,1135.5,1222.0,1390.0,1596.5,1606.5,1832.0,416.5,18.32675469014339,77.41604761742886,0.1698467880487442,-0.1245424896478653,0.0,0.0,0.0,
1_+861791+204013,1357.0,9.0,1952.0,1471.0,1094.0,1008.0,1050.0,1188.0,1465.0,1609.0,1671.0,1823.0,505.0,18.3268445216718,77.41604761742886,0.22822491824626923,-0.07756002992391586,0.0,0.0,0.0,
1_+861791+204014,1416.0,17.0,2083.5,1500.0,1162.5,1044.0,1154.0,1237.5,1501.0,1678.5,1714.5,1941.0,416.5,18.326934353200212,77.41604761742886,0.19648157060146332,-0.09606337547302246,0.0,0.0,0.0,
1_+861791+204015,1397.5,16.5,2028.0,1452.5,1177.5,1068.5,1159.0,1246.5,1359.0,1630.0,1509.0,1804.5,385.0,18.327024184728625,77.41604761742886,0.1325845718383789,-0.13999506831169128,0.0,0.0,0.0,
1_+861792+203992,1385.5,15.5,1241.0,966.0,1148.5,1013.0,1041.5,1015.0,1058.5,1189.0,1147.0,1226.5,338.5,18.32495805957515,77.41613744895727,0.048491381108760834,-0.03927260637283325,0.0,0.0,0.0,
1_+861792+203993,1385.5,15.5,1304.5,1047.0,1163.0,1035.0,1081.0,1061.0,1132.0,1227.5,1204.5,1324.0,338.5,18.325047891103562,77.41613744895727,0.05425291135907173,-0.039674147963523865,0.0,0.0,0.0,
1_+861792+203994,1385.5,15.5,1304.5,1047.0,1167.5,1052.0,1099.0,1061.0,1132.0,1227.5,1221.5,1324.0,338.5,18.325137722631972,77.41613744895727,0.052838440984487534,-0.03270528092980385,0.0,0.0,0.0,
1_+861792+203995,1385.5,15.5,1405.0,1116.0,1173.0,1053.0,1082.5,1078.0,1160.5,1276.0,1212.0,1359.5,338.5,18.325227554160385,77.41613744895727,0.056441642343997955,-0.07321787625551224,0.0,0.0,0.0,
1_+861792+203996,1385.5,15.5,1405.0,1116.0,1169.5,1047.0,1087.5,1078.0,1160.5,1276.0,1222.0,1359.5,338.5,18.325317385688795,77.41613744895727,0.05852711573243141,-0.0692131370306015,0.0,0.0,0.0,
1_+861792+203997,1416.5,17.5,1629.0,1267.5,1175.5,1054.0,1115.5,1160.0,1250.0,1388.5,1297.0,1524.5,384.5,18.325407217217208,77.41613744895727,0.07557860761880875,-0.11268297582864761,0.0,0.0,0.0,
1_+861792+203998,1416.5,17.5,1629.0,1267.5,1187.5,1084.5,1172.5,1160.0,1250.0,1388.5,1373.5,1524.5,384.5,18.32549704874562,77.41613744895727,0.07911273837089539,-0.08421625196933746,0.0,0.0,0.0,
1_+861792+203999,1416.5,17.5,1758.5,1361.5,1203.0,1107.0,1197.5,1209.5,1303.0,1475.0,1394.0,1620.0,384.5,18.32558688027403,77.41613744895727,0.0758153423666954,-0.11542405188083649,0.0,0.0,0.0,
1_+861792+204000,1416.5,17.5,1758.5,1361.5,1207.5,1103.0,1182.5,1209.5,1303.0,1475.0,1387.5,1620.0,384.5,18.325676711802444,77.41613744895727,0.079644575715065,-0.11776302754878998,0.0,0.0,0.0,
1_+861792+204001,1416.5,17.5,1911.0,1447.0,1191.5,1099.0,1180.0,1257.5,1423.5,1597.0,1479.5,1767.5,384.5,18.325766543330857,77.41613744895727,0.11255161464214325,-0.12667891383171082,0.0,0.0,0.0,
1_+861792+204002,1416.5,17.5,1911.0,1447.0,1201.5,1118.5,1178.0,1257.5,1423.5,1597.0,1652.0,1767.5,384.5,18.325856374859267,77.41613744895727,0.16756123304367065,-0.07205893844366074,0.0,0.0,0.0,
1_+861792+204003,1446.0,17.5,2196.5,1660.0,1260.0,1177.0,1300.0,1431.0,1613.0,1815.0,1764.0,1999.5,438.5,18.32594620638768,77.41613744895727,0.15156133472919464,-0.10914556682109833,0.0,0.0,0.0,
1_+861792+204004,1446.0,17.5,2196.5,1660.0,1300.0,1233.5,1416.0,1431.0,1613.0,1815.0,1752.5,1999.5,438.5,18.326036037916094,77.41613744895727,0.10610257834196091,-0.11211435496807098,0.0,0.0,0.0,
1_+861792+204005,1446.0,17.5,2256.0,1682.5,1277.0,1200.5,1362.5,1420.5,1583.5,1786.5,1738.0,1989.5,438.5,18.326125869444503,77.41613744895727,0.12144339829683304,-0.13002315163612366,0.0,0.0,0.0,
1_+861792+204006,1446.0,17.5,2256.0,1682.5,1228.0,1140.0,1261.0,1420.5,1583.5,1786.5,1679.5,1989.5,438.5,18.326215700972917,77.41613744895727,0.14083969593048096,-0.14777103066444397,0.0,0.0,0.0,
1_+861792+204007,1446.0,17.5,2105.0,1593.0,1215.5,1123.0,1218.0,1304.0,1450.5,1627.5,1539.5,1848.5,438.5,18.326305532501326,77.41613744895727,0.11579063534736633,-0.15586021542549133,0.0,0.0,0.0,
1_+861792+204008,1446.0,17.5,2105.0,1593.0,1212.5,1091.5,1198.0,1304.0,1450.5,1627.5,1471.0,1848.5,438.5,18.32639536402974,77.41613744895727,0.10226600617170334,-0.17731913924217224,0.0,0.0,0.0,
1_+861792+204009,1416.0,17.0,1970.5,1498.5,1203.5,1095.5,1190.5,1225.5,1332.0,1502.5,1483.0,1688.5,416.5,18.326485195558153,77.41613744895727,0.10941359400749207,-0.14115124940872192,0.0,0.0,0.0,
1_+861792+204010,1416.0,17.0,1970.5,1498.5,1205.5,1092.0,1176.5,1225.5,1332.0,1502.5,1448.0,1688.5,416.5,18.326575027086562,77.41613744895727,0.10347751528024673,-0.15280750393867493,0.0,0.0,0.0,
1_+861792+204011,1416.0,17.0,1906.5,1436.0,1186.5,1061.0,1143.5,1155.5,1315.0,1473.0,1419.0,1718.0,416.5,18.326664858614976,77.41613744895727,0.10751643031835556,-0.14652177691459656,0.0,0.0,0.0,
1_+861792+204012,1416.0,17.0,1906.5,1436.0,1181.0,1064.0,1145.5,1155.5,1315.0,1473.0,1454.5,1718.0,416.5,18.32675469014339,77.41613744895727,0.11859335005283356,-0.1346709281206131,0.0,0.0,0.0,
1_+861792+204013,1416.0,17.0,1845.0,1354.0,1185.5,1066.5,1144.0,1139.0,1312.5,1470.5,1557.5,1706.0,416.5,18.3268445216718,77.41613744895727,0.152601957321167,-0.08444197475910187,0.0,0.0,0.0,
1_+861792+204014,1416.0,17.0,1845.0,1354.0,1199.0,1058.5,1151.0,1139.0,1312.5,1470.5,1478.0,1706.0,416.5,18.326934353200212,77.41613744895727,0.12477732449769974,-0.10987378656864166,0.0,0.0,0.0,
1_+861793+203992,1385.5,15.5,1241.0,966.0,1144.0,1010.0,1037.5,1015.0,1058.5,1189.0,1147.5,1226.5,338.5,18.32495805957515,77.41622728048569,0.050873514264822006,-0.03908970579504967,0.0,0.0,0.0,
1_+861793+203993,1385.5,15.5,1304.5,1047.0,1158.5,1033.0,1065.0,1061.0,1132.0,1227.5,1191.5,1324.0,338.5,18.325047891103562,77.41622728048569,0.05617991462349892,-0.04508160054683685,0.0,0.0,0.0,
1_+861793+203994,1385.5,15.5,1304.5,1047.0,1151.5,1035.0,1057.5,1061.0,1132.0,1227.5,1172.0,1324.0,338.5,18.325137722631972,77.41622728048569,0.051440153270959854,-0.053319402039051056,0.0,0.0,0.0,
1_+861793+203995,1385.5,15.5,1405.0,1116.0,1165.5,1031.5,1053.5,1078.0,1160.5,1276.0,1178.5,1359.5,338.5,18.325227554160385,77.41622728048569,0.05612451210618019,-0.08712480962276459,0.0,0.0,0.0,
1_+861793+203996,1385.5,15.5,1405.0,1116.0,1170.5,1034.5,1087.5,1078.0,1160.5,1276.0,1223.0,1359.5,338.5,18.325317385688795,77.41622728048569,0.059104494750499725,-0.06882980465888977,0.0,0.0,0.0,
1_+861793+203997,1416.5,17.5,1629.0,1267.5,1177.5,1062.5,1127.0,1160.0,1250.0,1388.5,1312.5,1524.5,384.5,18.325407217217208,77.41622728048569,0.07627402245998383,-0.10676480829715729,0.0,0.0,0.0,
1_+861793+203998,1416.5,17.5,1629.0,1267.5,1200.5,1076.0,1156.0,1160.0,1250.0,1388.5,1347.0,1524.5,384.5,18.32549704874562,77.41622728048569,0.0765925794839859,-0.0938478335738182,0.0,0.0,0.0,
1_+861793+203999,1416.5,17.5,1758.5,1361.5,1201.5,1102.5,1201.5,1209.5,1303.0,1475.0,1401.0,1620.0,384.5,18.32558688027403,77.41622728048569,0.07668785750865936,-0.11293445527553558,0.0,0.0,0.0,
1_+861793+204000,1416.5,17.5,1758.5,1361.5,1201.0,1097.5,1191.5,1209.5,1303.0,1475.0,1383.5,1620.0,384.5,18.325676711802444,77.41622728048569,0.0744616910815239,-0.11917539685964584,0.0,0.0,0.0,
1_+861793+204001,1416.5,17.5,1911.0,1447.0,1179.5,1083.5,1153.5,1257.5,1423.5,1597.0,1441.0,1767.5,384.5,18.325766543330857,77.41622728048569,0.11049996316432953,-0.1400517076253891,0.0,0.0,0.0,
1_+861793+204002,1416.5,17.5,1911.0,1447.0,1214.0,1125.0,1234.5,1257.5,1423.5,1597.0,1590.5,1767.5,384.5,18.325856374859267,77.41622728048569,0.12568356096744537,-0.0915311723947525,0.0,0.0,0.0,
1_+861793+204003,1446.0,17.5,2196.5,1660.0,1275.0,1217.5,1401.5,1431.0,1613.0,1815.0,1754.0,1999.5,438.5,18.32594620638768,77.41622728048569,0.1121569499373436,-0.11164011806249619,0.0,0.0,0.0,
1_+861793+204004,1446.0,17.5,2196.5,1660.0,1309.0,1284.5,1498.0,1431.0,1613.0,1815.0,1810.5,1999.5,438.5,18.326036037916094,77.41622728048569,0.09441494941711426,-0.09593136608600616,0.0,0.0,0.0,
1_+861793+204005,1446.0,17.5,2256.0,1682.5,1324.0,1271.5,1482.5,1420.5,1583.5,1786.5,1832.0,1989.5,438.5,18.326125869444503,77.41622728048569,0.10563827306032181,-0.1038646399974823,0.0,0.0,0.0,
1_+861793+204006,1446.0,17.5,2256.0,1682.5,1285.5,1230.0,1426.0,1420.5,1583.5,1786.5,1766.5,1989.5,438.5,18.326215700972917,77.41622728048569,0.10661670565605164,-0.121970996260643,0.0,0.0,0.0,
1_+861793+204007,1446.0,17.5,2105.0,1593.0,1260.5,1197.5,1378.5,1304.0,1450.5,1627.5,1658.5,1848.5,438.5,18.326305532501326,77.41622728048569,0.09209022670984268,-0.11895698308944702,0.0,0.0,0.0,
1_+861793+204008,1446.0,17.5,2105.0,1593.0,1249.0,1148.0,1299.5,1304.0,1450.5,1627.5,1568.0,1848.5,438.5,18.32639536402974,77.41622728048569,0.09366276115179062,-0.14623549580574036,0.0,0.0,0.0,
1_+861793+204009,1416.0,17.0,1970.5,1498.5,1199.5,1100.5,1193.5,1225.5,1332.0,1502.5,1472.5,1688.5,416.5,18.326485195558153,77.41622728048569,0.10465286672115326,-0.1446012258529663,0.0,0.0,0.0,
1_+861793+204010,1416.0,17.0,1970.5,1498.5,1189.5,1069.5,1145.5,1225.5,1332.0,1502.5,1409.0,1688.5,416.5,18.326575027086562,77.41622728048569,0.10311590880155563,-0.16612371802330017,0.0,0.0,0.0,
1_+861793+204011,1416.0,17.0,1906.5,1436.0,1183.0,1042.0,1128.5,1155.5,1315.0,1473.0,1373.5,1718.0,416.5,18.326664858614976,77.41622728048569,0.0979836955666542,-0.1624232530593872,0.0,0.0,0.0,
1_+861793+204012,1416.0,17.0,1906.5,1436.0,1170.5,1048.0,1117.0,1155.5,1315.0,1473.0,1377.5,1718.0,416.5,18.32675469014339,77.41622728048569,0.10456031560897827,-0.1609874963760376,0.0,0.0,0.0,
1_+861793+204013,1416.0,17.0,1845.0,1354.0,1172.0,1045.5,1132.5,1139.0,1312.5,1470.5,1401.0,1706.0,416.5,18.3268445216718,77.41622728048569,0.10610616952180862,-0.13620464503765106,0.0,0.0,0.0,
1_+861793+204014,1416.0,17.0,1845.0,1354.0,1177.5,1055.0,1113.0,1139.0,1312.5,1470.5,1329.5,1706.0,416.5,18.326934353200212,77.41622728048569,0.08896858990192413,-0.16191373765468597,0.0,0.0,0.0,
1_+861794+203991,1385.5,15.5,1276.5,955.0,1115.5,976.5,970.0,1003.0,1183.0,1286.5,1038.5,1471.0,338.5,18.324868228046736,77.4163171120141,0.034538596868515015,-0.10281623899936676,0.0,0.0,0.0,
1_+861794+203992,1385.5,15.5,1276.5,955.0,1122.0,999.0,1003.0,1003.0,1183.0,1286.5,1125.0,1471.0,338.5,18.32495805957515,77.4163171120141,0.05788411572575569,-0.06327603757381439,0.0,0.0,0.0,
1_+861794+203993,1385.5,15.5,1352.0,999.5,1144.5,1020.5,1037.5,1037.0,1213.0,1336.5,1170.0,1452.0,338.5,18.325047891103562,77.4163171120141,0.06023756414651871,-0.07213620841503143,0.0,0.0,0.0,
1_+861794+203994,1385.5,15.5,1352.0,999.5,1149.5,1013.5,1041.5,1037.0,1213.0,1336.5,1144.0,1452.0,338.5,18.325137722631972,77.4163171120141,0.047149352729320526,-0.08331813663244247,0.0,0.0,0.0,
1_+861794+203995,1385.5,15.5,1450.0,1079.0,1136.5,1012.5,1045.5,1088.5,1211.0,1358.0,1150.5,1419.5,338.5,18.325227554160385,77.4163171120141,0.047932371497154236,-0.11490872502326965,0.0,0.0,0.0,
1_+861794+203996,1385.5,15.5,1450.0,1079.0,1168.5,1036.0,1075.0,1088.5,1211.0,1358.0,1234.0,1419.5,338.5,18.325317385688795,77.4163171120141,0.0693347305059433,-0.08030965924263,0.0,0.0,0.0,
1_+861794+203997,1416.5,17.5,1635.0,1252.5,1184.5,1061.0,1119.0,1168.0,1264.0,1445.0,1320.0,1555.0,384.5,18.325407217217208,77.4163171120141,0.08286547660827637,-0.10618904232978821,0.0,0.0,0.0,
1_+861794+203998,1416.5,17.5,1635.0,1252.5,1204.5,1092.5,1187.5,1168.0,1264.0,1445.0,1379.5,1555.0,384.5,18.32549704874562,77.4163171120141,0.0752444863319397,-0.0843171775341034,0.0,0.0,0.0,
1_+861794+203999,1416.5,17.5,1757.5,1359.0,1225.0,1131.5,1231.5,1206.5,1336.5,1458.5,1469.0,1643.0,384.5,18.32558688027403,77.4163171120141,0.08781824260950089,-0.08931683748960495,0.0,0.0,0.0,
1_+861794+204000,1416.5,17.5,1757.5,1359.0,1213.0,1105.0,1200.0,1206.5,1336.5,1458.5,1419.5,1643.0,384.5,18.325676711802444,77.4163171120141,0.08368604630231857,-0.10633193701505661,0.0,0.0,0.0,
1_+861794+204001,1416.5,17.5,1953.0,1486.5,1184.5,1083.0,1170.5,1279.5,1359.5,1561.5,1384.0,1717.0,384.5,18.325766543330857,77.4163171120141,0.08378772437572479,-0.1698097288608551,0.0,0.0,0.0,
1_+861794+204002,1416.5,17.5,1953.0,1486.5,1228.5,1138.0,1268.5,1279.5,1359.5,1561.5,1514.0,1717.0,384.5,18.325856374859267,77.4163171120141,0.08841899782419205,-0.1264295130968094,0.0,0.0,0.0,
1_+861794+204003,1446.0,17.5,2274.0,1726.5,1295.0,1223.5,1425.0,1483.0,1631.5,1818.0,1711.0,2059.0,438.5,18.32594620638768,77.4163171120141,0.09148239344358444,-0.14095544815063477,0.0,0.0,0.0,
1_+861794+204004,1446.0,17.5,2274.0,1726.5,1327.0,1287.5,1520.0,1483.0,1631.5,1818.0,1811.0,2059.0,438.5,18.326036037916094,77.4163171120141,0.08732279390096664,-0.11293590813875198,0.0,0.0,0.0,
1_+861794+204005,1446.0,17.5,2372.0,1763.0,1335.5,1272.0,1499.5,1557.5,1671.0,1872.5,1799.0,2076.5,438.5,18.326125869444503,77.4163171120141,0.09062429517507553,-0.13755783438682556,0.0,0.0,0.0,
1_+861794+204006,1446.0,17.5,2372.0,1763.0,1314.0,1255.5,1457.5,1557.5,1671.0,1872.5,1756.0,2076.5,438.5,18.326215700972917,77.4163171120141,0.09241505712270737,-0.14962029457092285,0.0,0.0,0.0,
1_+861794+204007,1446.0,17.5,2249.0,1676.5,1302.5,1253.5,1428.5,1432.0,1571.0,1756.5,1735.0,1983.0,438.5,18.326305532501326,77.4163171120141,0.09654058516025543,-0.1293010413646698,0.0,0.0,0.0,
1_+861794+204008,1446.0,17.5,2249.0,1676.5,1287.0,1211.0,1379.5,1432.0,1571.0,1756.5,1669.5,1983.0,438.5,18.32639536402974,77.4163171120141,0.0950692892074585,-0.14808133244514465,0.0,0.0,0.0,
1_+861794+204009,1416.0,17.0,2099.0,1564.0,1218.0,1125.5,1232.0,1270.5,1412.0,1575.5,1527.0,1793.0,416.5,18.326485195558153,77.4163171120141,0.10674258321523666,-0.15788771212100983,0.0,0.0,0.0,
1_+861794+204010,1416.0,17.0,2099.0,1564.0,1192.0,1067.5,1166.0,1270.5,1412.0,1575.5,1434.5,1793.0,416.5,18.326575027086562,77.4163171120141,0.1032266840338707,-0.18804612755775452,0.0,0.0,0.0,
1_+861794+204011,1416.0,17.0,1983.5,1510.5,1200.5,1077.5,1184.0,1222.5,1343.0,1525.0,1435.0,1729.5,416.5,18.326664858614976,77.4163171120141,0.0958576649427414,-0.16037261486053467,0.0,0.0,0.0,
1_+861794+204012,1416.0,17.0,1983.5,1510.5,1195.0,1082.0,1179.0,1222.5,1343.0,1525.0,1456.5,1729.5,416.5,18.32675469014339,77.4163171120141,0.10526279360055923,-0.15313246846199036,0.0,0.0,0.0,
1_+861794+204013,1416.0,17.0,1768.5,1342.0,1201.5,1058.0,1160.5,1141.5,1240.0,1393.0,1404.5,1559.0,416.5,18.3268445216718,77.4163171120141,0.0951567217707634,-0.11434710025787354,0.0,0.0,0.0,
1_+861794+204014,1416.0,17.0,1768.5,1342.0,1163.0,1045.0,1093.5,1141.5,1240.0,1393.0,1290.0,1559.0,416.5,18.326934353200212,77.4163171120141,0.08300664275884628,-0.15620267391204834,0.0,0.0,0.0,
1_+861795+203991,1453.0,23.0,1287.0,948.0,1181.0,1017.0,996.0,1009.0,1161.0,1332.0,1189.0,1456.0,270.0,18.324868228046736,77.41640694354251,0.08832951635122299,-0.03957996889948845,0.0,0.0,0.0,
1_+861795+203992,1385.5,15.5,1276.5,955.0,1137.5,1009.0,1009.0,1003.0,1183.0,1286.5,1228.5,1471.0,338.5,18.32495805957515,77.41640694354251,0.09903223812580109,-0.019150888547301292,0.0,0.0,0.0,
1_+861795+203993,1385.5,15.5,1352.0,999.5,1147.5,1014.0,1008.0,1037.0,1213.0,1336.5,1253.0,1452.0,338.5,18.325047891103562,77.41640694354251,0.10843000560998917,-0.038046639412641525,0.0,0.0,0.0,
1_+861795+203994,1453.0,23.0,1366.0,991.0,1181.0,1040.0,1010.0,1053.0,1183.0,1329.0,1252.0,1451.0,270.0,18.325137722631972,77.41640694354251,0.10698496550321579,-0.04354469105601311,0.0,0.0,0.0,
1_+861795+203995,1385.5,15.5,1450.0,1079.0,1126.0,1008.5,1007.5,1088.5,1211.0,1358.0,1254.5,1419.5,338.5,18.325227554160385,77.41640694354251,0.110453762114048,-0.07195715606212616,0.0,0.0,0.0,
1_+861795+203996,1385.5,15.5,1450.0,1079.0,1163.5,1035.5,1084.5,1088.5,1211.0,1358.0,1279.0,1419.5,338.5,18.325317385688795,77.41640694354251,0.08261717855930328,-0.062362976372241974,0.0,0.0,0.0,
1_+861795+203997,1416.5,17.5,1635.0,1252.5,1164.0,1044.5,1104.5,1168.0,1264.0,1445.0,1337.0,1555.0,384.5,18.325407217217208,77.41640694354251,0.09559455513954163,-0.09977343678474426,0.0,0.0,0.0,
1_+861795+203998,1416.5,17.5,1635.0,1252.5,1190.0,1086.0,1185.5,1168.0,1264.0,1445.0,1370.5,1555.0,384.5,18.32549704874562,77.41640694354251,0.07252988964319229,-0.08794260025024414,0.0,0.0,0.0,
1_+861795+203999,1416.5,17.5,1757.5,1359.0,1224.0,1129.0,1225.5,1206.5,1336.5,1458.5,1434.5,1643.0,384.5,18.32558688027403,77.41640694354251,0.07863988727331161,-0.10100623220205307,0.0,0.0,0.0,
1_+861795+204000,1416.5,17.5,1757.5,1359.0,1208.5,1103.0,1184.5,1206.5,1336.5,1458.5,1391.5,1643.0,384.5,18.325676711802444,77.41640694354251,0.08016549795866013,-0.11616116017103195,0.0,0.0,0.0,
1_+861795+204001,1416.5,17.5,1953.0,1486.5,1197.5,1084.0,1159.0,1279.5,1359.5,1561.5,1372.0,1717.0,384.5,18.325766543330857,77.41640694354251,0.08426462113857269,-0.1741955578327179,0.0,0.0,0.0,
1_+861795+204002,1416.5,17.5,1953.0,1486.5,1228.5,1137.0,1265.0,1279.5,1359.5,1561.5,1500.0,1717.0,384.5,18.325856374859267,77.41640694354251,0.08515719324350357,-0.13123205304145813,0.0,0.0,0.0,
1_+861795+204003,1446.0,17.5,2274.0,1726.5,1294.0,1233.0,1409.0,1483.0,1631.5,1818.0,1721.5,2059.0,438.5,18.32594620638768,77.41640694354251,0.09995532035827637,-0.1378706395626068,0.0,0.0,0.0,
1_+861795+204004,1446.0,17.5,2274.0,1726.5,1324.5,1276.5,1495.0,1483.0,1631.5,1818.0,1822.0,2059.0,438.5,18.326036037916094,77.41640694354251,0.09854631125926971,-0.10995325446128845,0.0,0.0,0.0,
1_+861795+204005,1446.0,17.5,2372.0,1763.0,1323.5,1249.0,1499.0,1557.5,1671.0,1872.5,1814.0,2076.5,438.5,18.326125869444503,77.41640694354251,0.09505106508731842,-0.13336996734142303,0.0,0.0,0.0,
1_+861795+204006,1446.0,17.5,2372.0,1763.0,1306.5,1258.5,1469.5,1557.5,1671.0,1872.5,1771.0,2076.5,438.5,18.326215700972917,77.41640694354251,0.09267628192901611,-0.1453869342803955,0.0,0.0,0.0,
1_+861795+204007,1446.0,17.5,2249.0,1676.5,1305.0,1254.5,1448.5,1432.0,1571.0,1756.5,1746.0,1983.0,438.5,18.326305532501326,77.41640694354251,0.09305614233016968,-0.1260274350643158,0.0,0.0,0.0,
1_+861795+204008,1446.0,17.5,2249.0,1676.5,1278.5,1212.0,1380.0,1432.0,1571.0,1756.5,1707.0,1983.0,438.5,18.32639536402974,77.41640694354251,0.105808787047863,-0.13726264238357544,0.0,0.0,0.0,
1_+861795+204009,1416.0,17.0,2099.0,1564.0,1222.5,1132.5,1264.0,1270.5,1412.0,1575.5,1605.5,1793.0,416.5,18.326485195558153,77.41640694354251,0.11851360648870468,-0.133640319108963,0.0,0.0,0.0,
1_+861795+204010,1416.0,17.0,2099.0,1564.0,1191.0,1086.0,1198.0,1270.5,1412.0,1575.5,1539.0,1793.0,416.5,18.326575027086562,77.41640694354251,0.12470241636037827,-0.15391454100608826,0.0,0.0,0.0,
1_+861795+204011,1416.0,17.0,1983.5,1510.5,1205.5,1088.5,1208.0,1222.5,1343.0,1525.0,1555.0,1729.5,416.5,18.326664858614976,77.41640694354251,0.1257113516330719,-0.12103522568941116,0.0,0.0,0.0,
1_+861795+204012,1416.0,17.0,1983.5,1510.5,1203.5,1102.0,1202.5,1222.5,1343.0,1525.0,1541.5,1729.5,416.5,18.32675469014339,77.41640694354251,0.12349659204483032,-0.125370591878891,0.0,0.0,0.0,
1_+861795+204013,1416.0,17.0,1768.5,1342.0,1202.0,1083.5,1185.0,1141.5,1240.0,1393.0,1435.5,1559.0,416.5,18.3268445216718,77.41640694354251,0.09562435746192932,-0.10355591773986816,0.0,0.0,0.0,
1_+861796+203991,,,,,,,,,,,,,,18.324868228046736,77.41649677507093,,,,,,
1_+861796+203992,1457.0,24.0,1552.0,1051.0,1205.0,1080.0,1091.0,1148.0,1403.0,1483.0,1465.0,1641.0,277.0,18.32495805957515,77.41649677507093,0.14632238447666168,-0.02883659303188324,0.0,0.0,0.0,
1_+861796+203993,,,,,,,,,,,,,,18.325047891103562,77.41649677507093,,,,,,
1_+861796+203994,,,,,,,,,,,,,,18.325137722631972,77.41649677507093,,,,,,
1_+861796+203995,1457.0,24.0,1495.0,1070.0,1220.0,1089.0,1146.0,1116.0,1302.0,1492.0,1390.0,1671.0,277.0,18.325227554160385,77.41649677507093,0.09621451050043106,-0.03639514744281769,0.0,0.0,0.0,
1_+861796+203996,1457.0,24.0,1495.0,1070.0,1208.0,1088.0,1109.0,1116.0,1302.0,1492.0,1435.0,1671.0,277.0,18.325317385688795,77.41649677507093,0.12814465165138245,-0.020477816462516785,0.0,0.0,0.0,
1_+861796+203997,1479.0,25.0,1632.0,1188.0,1199.0,1063.0,1061.0,1143.0,1313.0,1505.0,1405.0,1683.0,303.0,18.325407217217208,77.41649677507093,0.13949716091156006,-0.074744813144207,0.0,0.0,0.0,
1_+861796+203998,1479.0,25.0,1632.0,1188.0,1237.0,1106.0,1158.0,1143.0,1313.0,1505.0,1337.0,1683.0,303.0,18.32549704874562,77.41649677507093,0.07174348831176758,-0.09936005622148514,0.0,0.0,0.0,
1_+861796+203999,1416.5,17.5,1745.0,1330.0,1203.5,1100.0,1176.0,1190.0,1340.0,1487.0,1400.5,1654.0,386.0,18.32558688027403,77.41649677507093,0.08706476539373398,-0.10917407274246216,0.0,0.0,0.0,
1_+861796+204000,1416.5,17.5,1745.0,1330.0,1196.5,1098.0,1178.0,1190.0,1340.0,1487.0,1380.0,1654.0,386.0,18.325676711802444,77.41649677507093,0.07886618375778198,-0.11644673347473145,0.0,0.0,0.0,
1_+861796+204001,1416.5,17.5,2014.5,1528.5,1208.0,1097.5,1186.0,1346.0,1434.5,1633.5,1396.0,1764.5,386.0,18.325766543330857,77.41649677507093,0.08140004426240921,-0.1808784306049347,0.0,0.0,0.0,
1_+861796+204002,1416.5,17.5,2014.5,1528.5,1240.0,1168.0,1297.0,1346.0,1434.5,1633.5,1594.0,1764.5,386.0,18.325856374859267,77.41649677507093,0.1032150536775589,-0.11619265377521515,0.0,0.0,0.0,
1_+861796+204003,1441.5,18.0,2290.0,1715.0,1308.0,1256.5,1467.0,1500.0,1676.5,1827.0,1814.0,2062.5,435.0,18.32594620638768,77.41649677507093,0.1058126762509346,-0.1158180683851242,0.0,0.0,0.0,
1_+861796+204004,1441.5,18.0,2290.0,1715.0,1348.5,1301.0,1533.5,1500.0,1676.5,1827.0,1852.0,2062.5,435.0,18.326036037916094,77.41649677507093,0.09384556114673615,-0.10575933754444122,0.0,0.0,0.0,
1_+861796+204005,1441.5,18.0,2314.0,1724.0,1343.0,1304.5,1525.0,1526.5,1658.5,1856.0,1816.5,2052.5,435.0,18.326125869444503,77.41649677507093,0.08718232810497284,-0.12059573084115982,0.0,0.0,0.0,
1_+861796+204006,1441.5,18.0,2314.0,1724.0,1317.0,1276.0,1492.5,1526.5,1658.5,1856.0,1775.5,2052.5,435.0,18.326215700972917,77.41649677507093,0.08626899868249893,-0.1320604830980301,0.0,0.0,0.0,
1_+861796+204007,1441.5,18.0,2231.0,1639.0,1294.5,1247.5,1441.0,1404.0,1558.0,1742.0,1713.5,1949.0,435.0,18.326305532501326,77.41649677507093,0.08621900528669357,-0.13142983615398407,0.0,0.0,0.0,
1_+861796+204008,1441.5,18.0,2231.0,1639.0,1260.5,1171.5,1331.0,1404.0,1558.0,1742.0,1682.5,1949.0,435.0,18.32639536402974,77.41649677507093,0.1164197102189064,-0.14038777351379395,0.0,0.0,0.0,
1_+861796+204009,1400.0,18.0,2129.5,1551.5,1208.0,1096.5,1226.5,1265.5,1437.5,1634.5,1632.5,1830.0,396.5,18.326485195558153,77.41649677507093,0.1416155844926834,-0.13229672610759735,0.0,0.0,0.0,
1_+861796+204010,1400.0,18.0,2129.5,1551.5,1182.0,1073.5,1196.0,1265.5,1437.5,1634.5,1609.5,1830.0,396.5,18.326575027086562,77.41649677507093,0.14755456149578094,-0.13900461792945862,0.0,0.0,0.0,
1_+861796+204011,1400.0,18.0,2020.5,1513.0,1192.5,1075.5,1195.0,1226.5,1405.0,1578.0,1598.0,1842.5,396.5,18.326664858614976,77.41649677507093,0.1442997008562088,-0.11668190360069275,0.0,0.0,0.0,
1_+861796+204012,1400.0,18.0,2020.5,1513.0,1202.0,1081.5,1202.5,1226.5,1405.0,1578.0,1584.0,1842.5,396.5,18.32675469014339,77.41649677507093,0.13694344460964203,-0.1209913119673729,0.0,0.0,0.0,
1_+861796+204013,1400.0,18.0,1763.5,1313.0,1199.5,1082.5,1178.5,1145.0,1248.0,1423.5,1466.5,1559.5,396.5,18.3268445216718,77.41649677507093,0.1088133454322815,-0.09144040942192078,0.0,0.0,0.0,
1_+861797+203991,1385.0,16.5,1488.5,1058.5,1173.5,1067.0,1115.0,1139.0,1343.5,1493.0,1406.0,1602.0,338.0,18.324868228046736,77.41658660659934,0.11492764949798584,-0.028816092759370804,0.0,0.0,0.0,
1_+861797+203992,1385.0,16.5,1488.5,1058.5,1143.0,1019.0,1029.0,1139.0,1343.5,1493.0,1248.0,1602.0,338.0,18.32495805957515,77.41658660659934,0.09615553915500641,-0.08740502595901489,0.0,0.0,0.0,
1_+861797+203993,1385.0,16.5,1376.0,996.5,1130.0,992.5,985.5,1045.0,1271.0,1464.5,1271.0,1549.0,338.0,18.325047891103562,77.41658660659934,0.12649132311344147,-0.03974912315607071,0.0,0.0,0.0,
1_+861797+203994,1385.0,16.5,1376.0,996.5,1122.0,995.5,982.5,1045.0,1271.0,1464.5,1306.0,1549.0,338.0,18.325137722631972,77.41658660659934,0.1415524184703827,-0.026053879410028458,0.0,0.0,0.0,
1_+861797+203995,1385.0,16.5,1446.5,1052.5,1141.0,987.5,1026.0,1085.0,1312.0,1435.5,1254.5,1630.0,338.0,18.325227554160385,77.41658660659934,0.10075797885656357,-0.07107734680175781,0.0,0.0,0.0,
1_+861797+203996,1385.0,16.5,1446.5,1052.5,1157.5,1026.0,1052.0,1085.0,1312.0,1435.5,1352.5,1630.0,338.0,18.325317385688795,77.41658660659934,0.12420634925365448,-0.03438921645283699,0.0,0.0,0.0,
1_+861797+203997,1416.5,17.5,1575.5,1176.5,1164.0,1044.0,1064.0,1136.0,1332.0,1477.0,1479.5,1654.5,386.0,18.325407217217208,77.41658660659934,0.1629403680562973,-0.03159192204475403,0.0,0.0,0.0,
1_+861797+203998,1416.5,17.5,1575.5,1176.5,1175.0,1063.0,1114.5,1136.0,1332.0,1477.0,1420.0,1654.5,386.0,18.32549704874562,77.41658660659934,0.12106943130493164,-0.05157295614480972,0.0,0.0,0.0,
1_+861797+203999,1416.5,17.5,1745.0,1330.0,1209.5,1094.0,1177.0,1190.0,1340.0,1487.0,1420.5,1654.0,386.0,18.32558688027403,77.41658660659934,0.09388124197721481,-0.10212339460849762,0.0,0.0,0.0,
1_+861797+204000,1416.5,17.5,1745.0,1330.0,1211.5,1117.5,1206.5,1190.0,1340.0,1487.0,1416.5,1654.0,386.0,18.325676711802444,77.41658660659934,0.08012720942497253,-0.10351583361625671,0.0,0.0,0.0,
1_+861797+204001,1416.5,17.5,2014.5,1528.5,1237.0,1142.0,1263.5,1346.0,1434.5,1633.5,1514.5,1764.5,386.0,18.325766543330857,77.41658660659934,0.09069520235061646,-0.1412176489830017,0.0,0.0,0.0,
1_+861797+204002,1416.5,17.5,2014.5,1528.5,1279.5,1210.5,1372.0,1346.0,1434.5,1633.5,1667.5,1764.5,386.0,18.325856374859267,77.41658660659934,0.0974501371383667,-0.09381179511547089,0.0,0.0,0.0,
1_+861797+204003,1441.5,18.0,2290.0,1715.0,1319.0,1274.5,1484.0,1500.0,1676.5,1827.0,1795.5,2062.5,435.0,18.32594620638768,77.41658660659934,0.0949753075838089,-0.12087219953536987,0.0,0.0,0.0,
1_+861797+204004,1441.5,18.0,2290.0,1715.0,1344.5,1289.0,1518.0,1500.0,1676.5,1827.0,1819.5,2062.5,435.0,18.326036037916094,77.41658660659934,0.09008608758449554,-0.11450091004371643,0.0,0.0,0.0,
1_+861797+204005,1441.5,18.0,2314.0,1724.0,1329.0,1277.0,1488.0,1526.5,1658.5,1856.0,1785.5,2052.5,435.0,18.326125869444503,77.41658660659934,0.09074362367391586,-0.12911371886730194,0.0,0.0,0.0,
1_+861797+204006,1441.5,18.0,2314.0,1724.0,1310.5,1258.5,1465.0,1526.5,1658.5,1856.0,1743.0,2052.5,435.0,18.326215700972917,77.41658660659934,0.08660943061113358,-0.14082583785057068,0.0,0.0,0.0,
1_+861797+204007,1441.5,18.0,2231.0,1639.0,1306.0,1231.0,1415.0,1404.0,1558.0,1742.0,1684.5,1949.0,435.0,18.326305532501326,77.41658660659934,0.0868665799498558,-0.1397160291671753,0.0,0.0,0.0,
1_+861797+204008,1441.5,18.0,2231.0,1639.0,1244.5,1143.0,1277.5,1404.0,1558.0,1742.0,1639.5,1949.0,435.0,18.32639536402974,77.41658660659934,0.12398228794336319,-0.152991384267807,0.0,0.0,0.0,
1_+861797+204009,1400.0,18.0,2129.5,1551.5,1184.0,1078.0,1172.5,1265.5,1437.5,1634.5,1576.5,1830.0,396.5,18.326485195558153,77.41658660659934,0.14673784375190735,-0.14928807318210602,0.0,0.0,0.0,
1_+861797+204010,1400.0,18.0,2129.5,1551.5,1179.0,1076.5,1157.0,1265.5,1437.5,1634.5,1555.5,1830.0,396.5,18.326575027086562,77.41658660659934,0.14712145924568176,-0.15569545328617096,0.0,0.0,0.0,
1_+861797+204011,1400.0,18.0,2020.5,1513.0,1184.0,1075.0,1162.0,1226.5,1405.0,1578.0,1572.0,1842.5,396.5,18.326664858614976,77.41658660659934,0.1502189189195633,-0.12467387318611145,0.0,0.0,0.0,
1_+861797+204012,1400.0,18.0,2020.5,1513.0,1192.0,1073.5,1179.5,1226.5,1405.0,1578.0,1539.5,1842.5,396.5,18.32675469014339,77.41658660659934,0.13241057097911835,-0.13499027490615845,0.0,0.0,0.0,
1_+861797+204013,1400.0,18.0,1763.5,1313.0,1190.0,1065.5,1152.5,1145.0,1248.0,1423.5,1425.5,1559.5,396.5,18.3268445216718,77.41658660659934,0.10592056065797806,-0.1054474264383316,0.0,0.0,0.0,
1_+861798+203990,1384.0,16.0,1584.0,1226.0,1191.0,1097.5,1195.5,1160.0,1295.0,1430.0,1389.5,1582.0,329.5,18.324778396518326,77.41667643812774,0.07544343173503876,-0.060776058584451675,0.0,0.0,0.0,
1_+861798+203991,1385.0,16.5,1365.5,1065.0,1157.5,1032.0,1083.5,1056.0,1135.0,1261.0,1246.0,1366.5,338.0,18.324868228046736,77.41667643812774,0.06982176005840302,-0.045625098049640656,0.0,0.0,0.0,
1_+861798+203992,1385.0,16.5,1365.5,1065.0,1132.5,987.0,1008.0,1056.0,1135.0,1261.0,1138.5,1366.5,338.0,18.32495805957515,77.41667643812774,0.06071947515010834,-0.0905686765909195,0.0,0.0,0.0,
1_+861798+203993,1385.0,16.5,1302.5,986.0,1125.5,983.0,981.0,1019.5,1097.0,1201.0,1111.5,1296.5,338.0,18.325047891103562,77.41667643812774,0.062401507049798965,-0.07911939918994904,0.0,0.0,0.0,
1_+861798+203994,1385.0,16.5,1302.5,986.0,1133.5,986.5,988.0,1019.5,1097.0,1201.0,1130.5,1296.5,338.0,18.325137722631972,77.41667643812774,0.06746739149093628,-0.07069027423858643,0.0,0.0,0.0,
1_+861798+203995,1385.0,16.5,1370.5,1031.0,1145.5,1000.0,1014.0,1078.5,1165.5,1292.5,1182.5,1363.5,338.0,18.325227554160385,77.41667643812774,0.07712794840335846,-0.07354211062192917,0.0,0.0,0.0,
1_+861798+203996,1385.0,16.5,1370.5,1031.0,1163.5,1034.0,1075.0,1078.5,1165.5,1292.5,1215.5,1363.5,338.0,18.325317385688795,77.41667643812774,0.0614740252494812,-0.059858232736587524,0.0,0.0,0.0,
1_+861798+203997,1416.5,17.5,1507.0,1146.5,1171.5,1049.0,1095.5,1119.5,1225.5,1337.0,1241.0,1466.5,386.0,18.325407217217208,77.41667643812774,0.06234892085194588,-0.0961223840713501,0.0,0.0,0.0,
1_+861798+203998,1416.5,17.5,1507.0,1146.5,1170.5,1041.0,1094.0,1119.5,1225.5,1337.0,1260.0,1466.5,386.0,18.32549704874562,77.41667643812774,0.07062570005655289,-0.088766910135746,0.0,0.0,0.0,
1_+861798+203999,1416.5,17.5,1813.5,1380.5,1178.5,1073.5,1156.5,1223.0,1329.0,1503.0,1390.5,1650.0,386.0,18.32558688027403,77.41667643812774,0.09205377101898193,-0.13134877383708954,0.0,0.0,0.0,
1_+861798+204000,1416.5,17.5,1813.5,1380.5,1204.5,1109.5,1209.5,1223.0,1329.0,1503.0,1443.5,1650.0,386.0,18.325676711802444,77.41667643812774,0.08830082416534424,-0.11274723708629608,0.0,0.0,0.0,
1_+861798+204001,1416.5,17.5,2084.0,1569.0,1234.0,1142.0,1280.0,1363.0,1479.0,1677.0,1532.5,1851.5,386.0,18.325766543330857,77.41667643812774,0.08995535969734192,-0.15230116248130798,0.0,0.0,0.0,
1_+861798+204002,1416.5,17.5,2084.0,1569.0,1274.5,1217.0,1402.5,1363.0,1479.0,1677.0,1666.5,1851.5,386.0,18.325856374859267,77.41667643812774,0.08610576391220093,-0.11099693924188614,0.0,0.0,0.0,
1_+861798+204003,1441.5,18.0,2208.0,1634.5,1308.0,1251.5,1468.5,1477.0,1596.0,1780.0,1744.5,1980.0,435.0,18.32594620638768,77.41667643812774,0.08583374321460724,-0.11726213991641998,0.0,0.0,0.0,
1_+861798+204004,1441.5,18.0,2208.0,1634.5,1322.0,1252.5,1457.0,1477.0,1596.0,1780.0,1746.0,1980.0,435.0,18.326036037916094,77.41667643812774,0.08996457606554031,-0.11701137572526932,0.0,0.0,0.0,
1_+861798+204005,1441.5,18.0,2177.0,1615.5,1311.0,1233.5,1426.5,1459.5,1576.0,1780.0,1721.0,1966.5,435.0,18.326125869444503,77.41667643812774,0.09346014261245728,-0.11711152642965317,0.0,0.0,0.0,
1_+861798+204006,1441.5,18.0,2177.0,1615.5,1293.5,1222.0,1409.5,1459.5,1576.0,1780.0,1693.0,1966.5,435.0,18.326215700972917,77.41667643812774,0.09135885536670685,-0.12507909536361694,0.0,0.0,0.0,
1_+861798+204007,1441.5,18.0,2126.5,1557.0,1295.5,1200.5,1369.5,1324.0,1490.0,1657.0,1674.0,1881.0,435.0,18.326305532501326,77.41667643812774,0.0999845340847969,-0.11920763552188873,0.0,0.0,0.0,
1_+861798+204008,1441.5,18.0,2126.5,1557.0,1222.5,1126.0,1244.5,1324.0,1490.0,1657.0,1590.0,1881.0,435.0,18.32639536402974,77.41667643812774,0.12196185439825058,-0.14454787969589233,0.0,0.0,0.0,
1_+861798+204009,1400.0,18.0,2043.5,1480.0,1174.5,1059.5,1149.5,1224.5,1382.5,1590.0,1513.0,1776.5,396.5,18.326485195558153,77.41667643812774,0.1364726573228836,-0.14915695786476135,0.0,0.0,0.0,
1_+861798+204010,1400.0,18.0,2043.5,1480.0,1180.0,1060.0,1143.0,1224.5,1382.5,1590.0,1522.5,1776.5,396.5,18.326575027086562,77.41667643812774,0.14246177673339844,-0.14611634612083435,0.0,0.0,0.0,
1_+861798+204011,1400.0,18.0,1962.5,1438.0,1189.0,1071.0,1156.5,1187.5,1376.0,1532.5,1559.0,1762.0,396.5,18.326664858614976,77.41667643812774,0.14832007884979248,-0.11446663737297058,0.0,0.0,0.0,
1_+861798+204012,1400.0,18.0,1962.5,1438.0,1183.5,1075.0,1168.5,1187.5,1376.0,1532.5,1520.0,1762.0,396.5,18.32675469014339,77.41667643812774,0.13053962588310242,-0.12708404660224915,0.0,0.0,0.0,
1_+861798+204013,1400.0,18.0,1674.0,1260.5,1169.5,1056.5,1121.5,1099.5,1192.0,1362.5,1364.5,1489.5,396.5,18.3268445216718,77.41667643812774,0.09806337207555771,-0.10065741091966629,0.0,0.0,0.0,
1_+861799+203990,1384.0,16.0,1584.0,1226.0,1177.0,1053.0,1116.5,1160.0,1295.0,1430.0,1299.5,1582.0,329.5,18.324778396518326,77.41676626965615,0.07534629851579666,-0.09476500749588013,0.0,0.0,0.0,
1_+861799+203991,1385.0,16.5,1365.5,1065.0,1142.0,998.0,1038.5,1056.0,1135.0,1261.0,1176.5,1366.5,338.0,18.324868228046736,77.41676626965615,0.062415920197963715,-0.07422370463609695,0.0,0.0,0.0,
1_+861799+203992,1385.0,16.5,1365.5,1065.0,1129.0,995.5,1006.5,1056.0,1135.0,1261.0,1123.5,1366.5,338.0,18.32495805957515,77.41676626965615,0.05488372594118118,-0.09712739288806915,0.0,0.0,0.0,
1_+861799+203993,1385.0,16.5,1302.5,986.0,1135.5,991.5,999.0,1019.5,1097.0,1201.0,1109.0,1296.5,338.0,18.325047891103562,77.41676626965615,0.05237911269068718,-0.08023194968700409,0.0,0.0,0.0,
1_+861799+203994,1385.0,16.5,1302.5,986.0,1139.0,999.0,1033.0,1019.5,1097.0,1201.0,1176.0,1296.5,338.0,18.325137722631972,77.41676626965615,0.06495579332113266,-0.051056377589702606,0.0,0.0,0.0,
1_+861799+203995,1385.0,16.5,1370.5,1031.0,1159.0,1027.5,1080.5,1078.5,1165.5,1292.5,1228.5,1363.5,338.0,18.325227554160385,77.41676626965615,0.06424391269683838,-0.05455082282423973,0.0,0.0,0.0,
1_+861799+203996,1385.0,16.5,1370.5,1031.0,1174.0,1059.0,1095.5,1078.5,1165.5,1292.5,1231.0,1363.5,338.0,18.325317385688795,77.41676626965615,0.05815986543893814,-0.05359740927815437,0.0,0.0,0.0,
1_+861799+203997,1416.5,17.5,1507.0,1146.5,1169.5,1049.5,1085.0,1119.5,1225.5,1337.0,1211.5,1466.5,386.0,18.325407217217208,77.41676626965615,0.05508795008063316,-0.10804290324449539,0.0,0.0,0.0,
1_+861799+203998,1416.5,17.5,1507.0,1146.5,1166.0,1044.5,1086.0,1119.5,1225.5,1337.0,1250.5,1466.5,386.0,18.32549704874562,77.41676626965615,0.07059140503406525,-0.09253707528114319,0.0,0.0,0.0,
1_+861799+203999,1416.5,17.5,1813.5,1380.5,1193.5,1086.0,1172.5,1223.0,1329.0,1503.0,1399.5,1650.0,386.0,18.32558688027403,77.41676626965615,0.08806003630161285,-0.12844549119472504,0.0,0.0,0.0,
1_+861799+204000,1416.5,17.5,1813.5,1380.5,1225.5,1118.5,1234.0,1223.0,1329.0,1503.0,1513.0,1650.0,386.0,18.325676711802444,77.41676626965615,0.10162771493196487,-0.08949962258338928,0.0,0.0,0.0,
1_+861799+204001,1416.5,17.5,2084.0,1569.0,1233.0,1141.5,1271.5,1363.0,1479.0,1677.0,1571.5,1851.5,386.0,18.325766543330857,77.41676626965615,0.10567216575145721,-0.1398688703775406,0.0,0.0,0.0,
1_+861799+204002,1416.5,17.5,2084.0,1569.0,1259.0,1196.5,1343.5,1363.0,1479.0,1677.0,1650.5,1851.5,386.0,18.325856374859267,77.41676626965615,0.10252975672483444,-0.1157696470618248,0.0,0.0,0.0,
1_+861799+204003,1441.5,18.0,2208.0,1634.5,1296.0,1224.5,1418.5,1477.0,1596.0,1780.0,1693.5,1980.0,435.0,18.32594620638768,77.41676626965615,0.08832009881734848,-0.13185365498065948,0.0,0.0,0.0,
1_+861799+204004,1441.5,18.0,2208.0,1634.5,1307.0,1244.0,1425.5,1477.0,1596.0,1780.0,1701.0,1980.0,435.0,18.326036037916094,77.41676626965615,0.08796808868646622,-0.12975138425827026,0.0,0.0,0.0,
1_+861799+204005,1441.5,18.0,2177.0,1615.5,1295.5,1224.5,1410.0,1459.5,1576.0,1780.0,1684.0,1966.5,435.0,18.326125869444503,77.41676626965615,0.08845430612564087,-0.1277727335691452,0.0,0.0,0.0,
1_+861799+204006,1441.5,18.0,2177.0,1615.5,1293.5,1228.0,1391.0,1459.5,1576.0,1780.0,1667.0,1966.5,435.0,18.326215700972917,77.41676626965615,0.09010593593120575,-0.13278311491012573,0.0,0.0,0.0,
1_+861799+204007,1441.5,18.0,2126.5,1557.0,1265.5,1185.0,1320.5,1324.0,1490.0,1657.0,1656.5,1881.0,435.0,18.326305532501326,77.41676626965615,0.11260952055454254,-0.12454085052013397,0.0,0.0,0.0,
1_+861799+204008,1441.5,18.0,2126.5,1557.0,1214.5,1105.5,1202.5,1324.0,1490.0,1657.0,1560.0,1881.0,435.0,18.32639536402974,77.41676626965615,0.12932676076889038,-0.15386468172073364,0.0,0.0,0.0,
1_+861799+204009,1400.0,18.0,2043.5,1480.0,1191.5,1058.5,1137.0,1224.5,1382.5,1590.0,1501.5,1776.5,396.5,18.326485195558153,77.41676626965615,0.13819357752799988,-0.1528525948524475,0.0,0.0,0.0,
1_+861799+204010,1400.0,18.0,2043.5,1480.0,1175.5,1070.5,1140.0,1224.5,1382.5,1590.0,1540.5,1776.5,396.5,18.326575027086562,77.41676626965615,0.14950458705425262,-0.14033347368240356,0.0,0.0,0.0,
1_+861799+204011,1400.0,18.0,1962.5,1438.0,1182.5,1071.0,1154.5,1187.5,1376.0,1532.5,1541.5,1762.0,396.5,18.326664858614976,77.41676626965615,0.1436566412448883,-0.12001524865627289,0.0,0.0,0.0,
1_+861799+204012,1400.0,18.0,1962.5,1438.0,1187.0,1064.0,1159.5,1187.5,1376.0,1532.5,1484.0,1762.0,396.5,18.32675469014339,77.41676626965615,0.12271782755851746,-0.13876917958259583,0.0,0.0,0.0,
1_+861800+203990,1384.0,16.0,1385.0,1058.5,1163.5,1023.0,1066.0,1058.0,1155.5,1251.5,1224.0,1373.0,329.5,18.324778396518326,77.41685610118456,0.06904732435941696,-0.06021323800086975,0.0,0.0,0.0,
1_+861800+203991,1385.0,16.5,1320.0,1022.5,1133.0,1001.0,1018.5,1027.5,1103.5,1226.0,1135.5,1317.0,338.0,18.324868228046736,77.41685610118456,0.054423246532678604,-0.07487732172012329,0.0,0.0,0.0,
1_+861800+203992,1385.0,16.5,1320.0,1022.5,1144.0,1013.5,1026.0,1027.5,1103.5,1226.0,1122.5,1317.0,338.0,18.32495805957515,77.41685610118456,0.044978708028793335,-0.08054058253765106,0.0,0.0,0.0,
1_+861800+203993,1385.0,16.5,1319.5,1017.0,1145.0,1010.0,1031.0,1048.0,1149.5,1269.0,1143.5,1381.5,338.0,18.325047891103562,77.41685610118456,0.05177881941199303,-0.07147152721881866,0.0,0.0,0.0,
1_+861800+203994,1385.0,16.5,1319.5,1017.0,1145.5,1023.0,1048.5,1048.0,1149.5,1269.0,1198.0,1381.5,338.0,18.325137722631972,77.41685610118456,0.06676162779331207,-0.04828973859548569,0.0,0.0,0.0,
1_+861800+203995,1385.0,16.5,1343.0,1039.5,1174.5,1050.5,1092.0,1063.0,1182.0,1303.0,1235.5,1395.5,338.0,18.325227554160385,77.41685610118456,0.06184625253081322,-0.04171053320169449,0.0,0.0,0.0,
1_+861800+203996,1385.0,16.5,1343.0,1039.5,1169.0,1057.5,1094.0,1063.0,1182.0,1303.0,1228.5,1395.5,338.0,18.325317385688795,77.41685610118456,0.057677652686834335,-0.04473244771361351,0.0,0.0,0.0,
1_+861800+203997,1416.5,17.5,1518.5,1163.5,1152.0,1037.0,1072.0,1113.5,1214.5,1324.5,1190.5,1453.5,386.0,18.325407217217208,77.41685610118456,0.05226878076791763,-0.12039781361818314,0.0,0.0,0.0,
1_+861800+203998,1416.5,17.5,1518.5,1163.5,1163.0,1044.5,1102.0,1113.5,1214.5,1324.5,1288.5,1453.5,386.0,18.32549704874562,77.41685610118456,0.07823614031076431,-0.08173343539237976,0.0,0.0,0.0,
1_+861800+203999,1416.5,17.5,1823.5,1410.5,1219.0,1101.0,1211.5,1239.0,1343.5,1540.5,1438.0,1674.0,386.0,18.32558688027403,77.41685610118456,0.08549123257398605,-0.11760703474283218,0.0,0.0,0.0,
1_+861800+204000,1416.5,17.5,1823.5,1410.5,1212.0,1117.5,1236.0,1239.0,1343.5,1540.5,1504.0,1674.0,386.0,18.325676711802444,77.41685610118456,0.09777072817087173,-0.09530435502529144,0.0,0.0,0.0,
1_+861800+204001,1416.5,17.5,1999.5,1531.0,1203.5,1116.0,1246.0,1279.5,1409.5,1572.0,1500.5,1786.5,386.0,18.325766543330857,77.41685610118456,0.09278420358896255,-0.14243543148040771,0.0,0.0,0.0,
1_+861800+204002,1416.5,17.5,1999.5,1531.0,1227.5,1146.5,1266.0,1279.5,1409.5,1572.0,1530.5,1786.5,386.0,18.325856374859267,77.41685610118456,0.09484187513589859,-0.13271282613277435,0.0,0.0,0.0,
1_+861800+204003,1441.5,18.0,2027.0,1506.0,1246.5,1174.5,1306.5,1318.0,1477.5,1648.0,1568.0,1864.5,435.0,18.32594620638768,77.41685610118456,0.09145303815603256,-0.1276492476463318,0.0,0.0,0.0,
1_+861800+204004,1441.5,18.0,2027.0,1506.0,1271.0,1187.0,1348.0,1318.0,1477.5,1648.0,1649.5,1864.5,435.0,18.326036037916094,77.41685610118456,0.1006675586104393,-0.10265955328941345,0.0,0.0,0.0,
1_+861800+204005,1441.5,18.0,2036.0,1468.0,1227.5,1159.5,1283.5,1318.0,1555.5,1766.0,1679.0,1957.0,435.0,18.326125869444503,77.41685610118456,0.13344664871692657,-0.09606833755970001,0.0,0.0,0.0,
1_+861800+204006,1441.5,18.0,2036.0,1468.0,1226.0,1135.5,1295.5,1318.0,1555.5,1766.0,1672.0,1957.0,435.0,18.326215700972917,77.41685610118456,0.1270851045846939,-0.0981275662779808,0.0,0.0,0.0,
1_+861800+204007,1441.5,18.0,2075.5,1488.0,1258.0,1164.0,1302.5,1285.5,1474.0,1623.5,1643.0,1869.0,435.0,18.326305532501326,77.41685610118456,0.1151924729347229,-0.11669360846281052,0.0,0.0,0.0,
1_+861800+204008,1441.5,18.0,2075.5,1488.0,1212.0,1100.5,1208.0,1285.5,1474.0,1623.5,1530.0,1869.0,435.0,18.32639536402974,77.41685610118456,0.11714297533035278,-0.15173964202404022,0.0,0.0,0.0,
1_+861800+204009,1400.0,18.0,2021.0,1492.5,1177.0,1059.0,1138.0,1213.0,1365.5,1570.0,1489.0,1794.0,396.5,18.326485195558153,77.41685610118456,0.13364702463150024,-0.15157948434352875,0.0,0.0,0.0,
1_+861800+204010,1400.0,18.0,2021.0,1492.5,1176.0,1051.0,1132.0,1213.0,1365.5,1570.0,1524.0,1794.0,396.5,18.326575027086562,77.41685610118456,0.14770913124084473,-0.14019745588302612,0.0,0.0,0.0,
1_+861800+204011,1400.0,18.0,1946.0,1428.0,1179.0,1060.0,1130.5,1180.5,1346.0,1502.0,1529.5,1713.0,396.5,18.326664858614976,77.41685610118456,0.1499730497598648,-0.11980615556240082,0.0,0.0,0.0,
1_+861800+204012,1400.0,18.0,1946.0,1428.0,1182.5,1060.0,1143.5,1180.5,1346.0,1502.0,1460.5,1713.0,396.5,18.32675469014339,77.41685610118456,0.12175444513559341,-0.14247162640094757,0.0,0.0,0.0,
1_+861801+203990,1384.0,16.0,1385.0,1058.5,1137.5,986.0,1017.5,1058.0,1155.5,1251.5,1145.0,1373.0,329.5,18.324778396518326,77.41694593271298,0.05929600074887276,-0.09227453917264938,0.0,0.0,0.0,
1_+861801+203991,1385.0,16.5,1320.0,1022.5,1140.0,1000.0,1028.0,1027.5,1103.5,1226.0,1144.0,1317.0,338.0,18.324868228046736,77.41694593271298,0.05341485142707825,-0.07114259898662567,0.0,0.0,0.0,
1_+861801+203992,1385.0,16.5,1320.0,1022.5,1150.0,1017.0,1047.5,1027.5,1103.5,1226.0,1148.5,1317.0,338.0,18.32495805957515,77.41694593271298,0.04618222266435623,-0.06917791068553925,0.0,0.0,0.0,
1_+861801+203993,1385.0,16.5,1319.5,1017.0,1154.0,1031.0,1050.5,1048.0,1149.5,1269.0,1214.5,1381.5,338.0,18.325047891103562,77.41694593271298,0.0724407285451889,-0.04141455888748169,0.0,0.0,0.0,
1_+861801+203994,1385.0,16.5,1319.5,1017.0,1134.5,1007.5,1024.0,1048.0,1149.5,1269.0,1221.0,1381.5,338.0,18.325137722631972,77.41694593271298,0.0879555344581604,-0.038777776062488556,0.0,0.0,0.0,
1_+861801+203995,1385.0,16.5,1343.0,1039.5,1157.0,1021.0,1049.5,1063.0,1182.0,1303.0,1215.5,1395.5,338.0,18.325227554160385,77.41694593271298,0.07379759103059769,-0.04984547570347786,0.0,0.0,0.0,
1_+861801+203996,1385.0,16.5,1343.0,1039.5,1161.0,1038.5,1079.5,1063.0,1182.0,1303.0,1193.5,1395.5,338.0,18.325317385688795,77.41694593271298,0.050170667469501495,-0.05899342522025108,0.0,0.0,0.0,
1_+861801+203997,1416.5,17.5,1518.5,1163.5,1134.5,1019.5,1057.5,1113.5,1214.5,1324.5,1169.0,1453.5,386.0,18.325407217217208,77.41694593271298,0.050121013075113297,-0.12933313846588135,0.0,0.0,0.0,
1_+861801+203998,1416.5,17.5,1518.5,1163.5,1161.5,1051.5,1123.0,1113.5,1214.5,1324.5,1307.5,1453.5,386.0,18.32549704874562,77.41694593271298,0.07576538622379303,-0.07482320070266724,0.0,0.0,0.0,
1_+861801+203999,1416.5,17.5,1823.5,1410.5,1219.0,1128.0,1231.5,1239.0,1343.5,1540.5,1451.5,1674.0,386.0,18.32558688027403,77.41694593271298,0.08218572288751602,-0.11283062398433685,0.0,0.0,0.0,
1_+861801+204000,1416.5,17.5,1823.5,1410.5,1208.5,1121.0,1221.0,1239.0,1343.5,1540.5,1484.5,1674.0,386.0,18.325676711802444,77.41694593271298,0.09698996692895889,-0.10196098685264587,0.0,0.0,0.0,
1_+861801+204001,1416.5,17.5,1999.5,1531.0,1213.0,1115.5,1235.5,1279.5,1409.5,1572.0,1460.5,1786.5,386.0,18.325766543330857,77.41694593271298,0.083506278693676,-0.1556137651205063,0.0,0.0,0.0,
1_+861801+204002,1416.5,17.5,1999.5,1531.0,1227.0,1134.0,1238.5,1279.5,1409.5,1572.0,1488.5,1786.5,386.0,18.325856374859267,77.41694593271298,0.09159612655639648,-0.14636877179145813,0.0,0.0,0.0,
1_+861801+204003,1441.5,18.0,2027.0,1506.0,1220.5,1128.0,1239.5,1318.0,1477.5,1648.0,1482.0,1864.5,435.0,18.32594620638768,77.41694593271298,0.08912161737680435,-0.15526191890239716,0.0,0.0,0.0,
1_+861801+204004,1441.5,18.0,2027.0,1506.0,1208.5,1106.0,1225.5,1318.0,1477.5,1648.0,1564.5,1864.5,435.0,18.326036037916094,77.41694593271298,0.12112299352884293,-0.12907764315605164,0.0,0.0,0.0,
1_+861801+204005,1441.5,18.0,2036.0,1468.0,1164.0,1081.0,1099.0,1318.0,1555.5,1766.0,1722.5,1957.0,435.0,18.326125869444503,77.41694593271298,0.22093360126018524,-0.08339181542396545,0.0,0.0,0.0,
1_+861801+204006,1496.0,26.0,2068.0,1431.0,1263.0,1155.0,1259.0,1307.0,1534.0,1790.0,1689.0,1980.0,330.0,18.326215700972917,77.41694593271298,0.14586159586906433,-0.10087835788726807,0.0,0.0,0.0,
1_+861801+204007,1441.5,18.0,2075.5,1488.0,1242.5,1141.5,1264.5,1285.5,1474.0,1623.5,1658.5,1869.0,435.0,18.326305532501326,77.41694593271298,0.13393889367580414,-0.11232977360486984,0.0,0.0,0.0,
1_+861801+204008,1441.5,18.0,2075.5,1488.0,1202.0,1082.5,1203.0,1285.5,1474.0,1623.5,1535.5,1869.0,435.0,18.32639536402974,77.41694593271298,0.12066184729337692,-0.1502782106399536,0.0,0.0,0.0,
1_+861801+204009,1400.0,18.0,2021.0,1492.5,1174.0,1064.0,1146.5,1213.0,1365.5,1570.0,1487.5,1794.0,396.5,18.326485195558153,77.41694593271298,0.12932531535625458,-0.1521831452846527,0.0,0.0,0.0,
1_+861801+204010,1400.0,18.0,2021.0,1492.5,1187.0,1063.5,1163.5,1213.0,1365.5,1570.0,1533.0,1794.0,396.5,18.326575027086562,77.41694593271298,0.13700155913829803,-0.1373654007911682,0.0,0.0,0.0,
1_+861801+204011,1400.0,18.0,1946.0,1428.0,1191.5,1069.5,1171.5,1180.5,1346.0,1502.0,1549.5,1713.0,396.5,18.326664858614976,77.41694593271298,0.13866892457008362,-0.11350042372941971,0.0,0.0,0.0,
1_+861801+204012,1400.0,18.0,1946.0,1428.0,1186.0,1067.0,1151.0,1180.5,1346.0,1502.0,1458.5,1713.0,396.5,18.32675469014339,77.41694593271298,0.11777687817811966,-0.14313779771327972,0.0,0.0,0.0,
1_+861802+203989,1374.0,16.5,1247.5,963.5,1100.5,944.5,947.0,986.0,1039.5,1160.5,1028.0,1226.5,316.5,18.324688564989913,77.41703576424139,0.0411284975707531,-0.09646225720643997,0.0,0.0,0.0,
1_+861802+203990,1374.0,16.5,1247.5,963.5,1120.5,987.0,991.0,986.0,1039.5,1160.5,1105.0,1226.5,316.5,18.324778396518326,77.41703576424139,0.05498066172003746,-0.06059141457080841,0.0,0.0,0.0,
1_+861802+203991,1380.0,17.0,1316.0,1024.5,1147.0,1015.5,1039.0,1055.5,1148.0,1231.5,1153.0,1347.5,323.0,18.324868228046736,77.41703576424139,0.05208125337958336,-0.06598526984453201,0.0,0.0,0.0,
1_+861802+203992,1380.0,17.0,1316.0,1024.5,1151.5,1034.0,1059.0,1055.5,1148.0,1231.5,1154.5,1347.5,323.0,18.32495805957515,77.41703576424139,0.04326312616467476,-0.06529649347066879,0.0,0.0,0.0,
1_+861802+203993,1380.0,17.0,1364.5,1018.0,1166.5,1036.0,1056.0,1091.5,1207.5,1341.5,1259.0,1429.0,323.0,18.325047891103562,77.41703576424139,0.08759033679962158,-0.04028809070587158,0.0,0.0,0.0,
1_+861802+203994,1380.0,17.0,1364.5,1018.0,1121.0,1003.0,963.0,1091.5,1207.5,1341.5,1289.0,1429.0,323.0,18.325137722631972,77.41703576424139,0.14481468498706818,-0.028467591851949692,0.0,0.0,0.0,
1_+861802+203995,1380.0,17.0,1347.5,1017.0,1131.5,1007.5,1013.0,1052.0,1192.5,1299.5,1233.0,1400.0,323.0,18.325227554160385,77.41703576424139,0.09836553037166595,-0.04444897919893265,0.0,0.0,0.0,
1_+861802+203996,1380.0,17.0,1347.5,1017.0,1162.0,1037.0,1078.0,1052.0,1192.5,1299.5,1188.0,1400.0,323.0,18.325317385688795,77.41703576424139,0.04854368790984154,-0.06292671710252762,0.0,0.0,0.0,
1_+861802+203997,1407.5,17.5,1533.5,1166.5,1143.0,1016.0,1063.0,1128.0,1196.0,1345.0,1178.5,1414.5,385.0,18.325407217217208,77.41703576424139,0.05153192952275276,-0.13001345098018646,0.0,0.0,0.0,
1_+861802+203998,1407.5,17.5,1533.5,1166.5,1177.0,1052.5,1125.0,1128.0,1196.0,1345.0,1295.0,1414.5,385.0,18.32549704874562,77.41703576424139,0.07002891600131989,-0.08452549576759338,0.0,0.0,0.0,
1_+861802+203999,1407.5,17.5,1825.5,1424.5,1223.0,1135.5,1235.5,1254.0,1362.5,1532.5,1483.0,1691.5,385.0,18.32558688027403,77.41703576424139,0.09129750728607178,-0.10295525193214417,0.0,0.0,0.0,
1_+861802+204000,1407.5,17.5,1825.5,1424.5,1229.0,1141.5,1258.0,1254.0,1362.5,1532.5,1520.0,1691.5,385.0,18.325676711802444,77.41703576424139,0.09415239095687866,-0.09081936627626419,0.0,0.0,0.0,
1_+861802+204001,1407.5,17.5,1983.5,1522.0,1244.0,1146.5,1279.0,1287.5,1427.5,1574.0,1533.5,1743.0,385.0,18.325766543330857,77.41703576424139,0.09053828567266464,-0.1277695596218109,0.0,0.0,0.0,
1_+861802+204002,1407.5,17.5,1983.5,1522.0,1254.5,1164.5,1303.0,1287.5,1427.5,1574.0,1555.5,1743.0,385.0,18.325856374859267,77.41703576424139,0.0882171168923378,-0.12081417441368103,0.0,0.0,0.0,
1_+861802+204003,1418.0,17.5,1958.5,1477.0,1238.0,1148.5,1278.5,1258.0,1403.5,1573.5,1538.5,1745.0,412.5,18.32594620638768,77.41703576424139,0.0921364352107048,-0.120200976729393,0.0,0.0,0.0,
1_+861802+204004,1418.0,17.5,1958.5,1477.0,1215.5,1115.0,1217.5,1258.0,1403.5,1573.5,1511.0,1745.0,412.5,18.326036037916094,77.41703576424139,0.10755647718906403,-0.12893782556056976,0.0,0.0,0.0,
1_+861802+204005,1418.0,17.5,1931.5,1431.5,1193.0,1084.0,1161.5,1228.0,1399.0,1593.0,1547.0,1763.5,412.5,18.326125869444503,77.41703576424139,0.14174440503120422,-0.11095261573791504,0.0,0.0,0.0,
1_+861802+204006,1418.0,17.5,1931.5,1431.5,1191.5,1092.0,1194.5,1228.0,1399.0,1593.0,1571.0,1763.5,412.5,18.326215700972917,77.41703576424139,0.136366069316864,-0.10284288227558136,0.0,0.0,0.0,
1_+861802+204007,1418.0,17.5,1964.0,1445.5,1219.0,1109.0,1228.0,1256.5,1383.0,1558.5,1521.5,1747.5,412.5,18.326305532501326,77.41703576424139,0.1070847436785698,-0.1268220990896225,0.0,0.0,0.0,
1_+861802+204008,1418.0,17.5,1964.0,1445.5,1209.0,1102.5,1221.0,1256.5,1383.0,1558.5,1552.0,1747.5,412.5,18.32639536402974,77.41703576424139,0.11930876225233078,-0.11707904934883118,0.0,0.0,0.0,
1_+861802+204009,1400.0,18.0,2021.0,1492.5,1174.0,1064.0,1146.5,1213.0,1365.5,1570.0,1487.5,1794.0,396.5,18.326485195558153,77.41703576424139,0.12932531535625458,-0.1521831452846527,0.0,0.0,0.0,
1_+861802+204010,1400.0,18.0,2021.0,1492.5,1187.0,1063.5,1163.5,1213.0,1365.5,1570.0,1533.0,1794.0,396.5,18.326575027086562,77.41703576424139,0.13700155913829803,-0.1373654007911682,0.0,0.0,0.0,
1_+861802+204011,1400.0,18.0,1946.0,1428.0,1191.5,1069.5,1171.5,1180.5,1346.0,1502.0,1549.5,1713.0,396.5,18.326664858614976,77.41703576424139,0.13866892457008362,-0.11350042372941971,0.0,0.0,0.0,
1_+861803+203989,1374.0,16.5,1247.5,963.5,1115.5,951.0,938.0,986.0,1039.5,1160.5,1054.0,1226.5,316.5,18.324688564989913,77.4171255957698,0.05840935558080673,-0.0842149555683136,0.0,0.0,0.0,
1_+861803+203990,1374.0,16.5,1247.5,963.5,1134.5,981.5,989.0,986.0,1039.5,1160.5,1112.0,1226.5,316.5,18.324778396518326,77.4171255957698,0.05891332030296326,-0.057448774576187134,0.0,0.0,0.0,
1_+861803+203991,1380.0,17.0,1316.0,1024.5,1150.5,1021.0,1049.0,1055.5,1148.0,1231.5,1161.0,1347.5,323.0,18.324868228046736,77.4171255957698,0.05084937438368797,-0.06251311302185059,0.0,0.0,0.0,
1_+861803+203992,1380.0,17.0,1316.0,1024.5,1159.5,1045.5,1079.5,1055.5,1148.0,1231.5,1202.5,1347.5,323.0,18.32495805957515,77.4171255957698,0.05400368571281433,-0.04499004781246185,0.0,0.0,0.0,
1_+861803+203993,1380.0,17.0,1364.5,1018.0,1168.0,1041.0,1078.0,1091.5,1207.5,1341.5,1274.5,1429.0,323.0,18.325047891103562,77.4171255957698,0.08334050327539444,-0.034279368817806244,0.0,0.0,0.0,
1_+861803+203994,1380.0,17.0,1364.5,1018.0,1146.5,1019.0,1027.0,1091.5,1207.5,1341.5,1308.5,1429.0,323.0,18.325137722631972,77.4171255957698,0.12053486704826355,-0.020937101915478706,0.0,0.0,0.0,
1_+861803+203995,1451.0,25.0,1364.0,1005.0,1203.0,1053.0,1096.0,1053.0,1182.0,1296.0,1217.0,1392.0,265.0,18.325227554160385,77.4171255957698,0.05231301486492157,-0.05695466697216034,0.0,0.0,0.0,
1_+861803+203996,1380.0,17.0,1347.5,1017.0,1156.5,1020.0,1048.5,1052.0,1192.5,1299.5,1194.5,1400.0,323.0,18.325317385688795,77.4171255957698,0.06496870517730713,-0.06028294935822487,0.0,0.0,0.0,
1_+861803+203997,1407.5,17.5,1533.5,1166.5,1142.5,996.5,1019.0,1128.0,1196.0,1345.0,1165.0,1414.5,385.0,18.325407217217208,77.4171255957698,0.06710120290517807,-0.1357109248638153,0.0,0.0,0.0,
1_+861803+203998,1407.5,17.5,1533.5,1166.5,1182.0,1051.0,1117.5,1128.0,1196.0,1345.0,1291.0,1414.5,385.0,18.32549704874562,77.4171255957698,0.07242707163095474,-0.08583812415599823,0.0,0.0,0.0,
1_+861803+203999,1407.5,17.5,1825.5,1424.5,1219.5,1125.5,1212.5,1254.0,1362.5,1532.5,1471.0,1691.5,385.0,18.32558688027403,77.4171255957698,0.09646844863891602,-0.10694485902786255,0.0,0.0,0.0,
1_+861803+204000,1407.5,17.5,1825.5,1424.5,1223.0,1119.5,1239.5,1254.0,1362.5,1532.5,1469.5,1691.5,385.0,18.325676711802444,77.4171255957698,0.08481427282094955,-0.10748281329870224,0.0,0.0,0.0,
1_+861803+204001,1407.5,17.5,1983.5,1522.0,1231.5,1136.5,1254.0,1287.5,1427.5,1574.0,1497.0,1743.0,385.0,18.325766543330857,77.4171255957698,0.0883781909942627,-0.1396254599094391,0.0,0.0,0.0,
1_+861803+204002,1407.5,17.5,1983.5,1522.0,1235.0,1148.5,1276.5,1287.5,1427.5,1574.0,1532.5,1743.0,385.0,18.325856374859267,77.4171255957698,0.09118368476629257,-0.1280859261751175,0.0,0.0,0.0,
1_+861803+204003,1418.0,17.5,1958.5,1477.0,1232.0,1142.0,1277.0,1258.0,1403.5,1573.5,1555.0,1745.0,412.5,18.32594620638768,77.4171255957698,0.0980806052684784,-0.11484046280384064,0.0,0.0,0.0,
1_+861803+204004,1418.0,17.5,1958.5,1477.0,1225.5,1126.0,1245.0,1258.0,1403.5,1573.5,1491.0,1745.0,412.5,18.326036037916094,77.4171255957698,0.08939497917890549,-0.1358289122581482,0.0,0.0,0.0,
1_+861803+204005,1418.0,17.5,1931.5,1431.5,1193.0,1084.0,1161.5,1228.0,1399.0,1593.0,1547.0,1763.5,412.5,18.326125869444503,77.4171255957698,0.14174440503120422,-0.11095261573791504,0.0,0.0,0.0,
1_+861803+204006,1418.0,17.5,1931.5,1431.5,1191.5,1092.0,1194.5,1228.0,1399.0,1593.0,1571.0,1763.5,412.5,18.326215700972917,77.4171255957698,0.136366069316864,-0.10284288227558136,0.0,0.0,0.0,
1_+861803+204007,1418.0,17.5,1964.0,1445.5,1219.0,1109.0,1228.0,1256.5,1383.0,1558.5,1521.5,1747.5,412.5,18.326305532501326,77.4171255957698,0.1070847436785698,-0.1268220990896225,0.0,0.0,0.0,
1_+861803+204008,1418.0,17.5,1964.0,1445.5,1209.0,1102.5,1221.0,1256.5,1383.0,1558.5,1552.0,1747.5,412.5,18.32639536402974,77.4171255957698,0.11930876225233078,-0.11707904934883118,0.0,0.0,0.0,
1_+861803+204009,1398.0,17.0,2021.5,1472.0,1205.0,1080.5,1204.0,1277.5,1450.0,1653.0,1535.5,1892.0,381.0,18.326485195558153,77.4171255957698,0.1209973692893982,-0.1364261955022812,0.0,0.0,0.0,
1_+861803+204010,1398.0,17.0,2021.5,1472.0,1195.5,1078.5,1199.0,1277.5,1450.0,1653.0,1587.0,1892.0,381.0,18.326575027086562,77.4171255957698,0.13915933668613434,-0.12026534974575043,0.0,0.0,0.0,
1_+861803+204011,1398.0,17.0,1934.0,1408.5,1189.5,1078.5,1214.0,1217.5,1366.5,1562.0,1581.0,1755.0,381.0,18.326664858614976,77.4171255957698,0.13097847998142242,-0.1005605012178421,0.0,0.0,0.0,
1_+861804+203989,1374.0,16.5,1364.0,1034.5,1138.0,991.0,1005.0,1055.5,1174.0,1303.0,1258.0,1399.0,316.5,18.324688564989913,77.41721542729822,0.10963114351034164,-0.042270731180906296,0.0,0.0,0.0,
1_+861804+203990,1374.0,16.5,1364.0,1034.5,1147.5,998.0,1020.5,1055.5,1174.0,1303.0,1167.0,1399.0,316.5,18.324778396518326,77.41721542729822,0.06672623753547668,-0.07801764458417892,0.0,0.0,0.0,
1_+861804+203991,1380.0,17.0,1263.0,987.0,1146.5,997.0,1024.5,1011.0,1108.0,1207.0,1132.0,1294.5,323.0,18.324868228046736,77.41721542729822,0.04996197298169136,-0.054710179567337036,0.0,0.0,0.0,
1_+861804+203992,1380.0,17.0,1263.0,987.0,1143.0,1018.5,1043.0,1011.0,1108.0,1207.0,1154.5,1294.5,323.0,18.32495805957515,77.41721542729822,0.05095941945910454,-0.044880837202072144,0.0,0.0,0.0,
1_+861804+203993,1380.0,17.0,1318.0,1013.5,1154.5,1028.5,1071.0,1062.5,1153.0,1290.0,1199.0,1365.0,323.0,18.325047891103562,77.41721542729822,0.05652444809675217,-0.0473206490278244,0.0,0.0,0.0,
1_+861804+203994,1380.0,17.0,1318.0,1013.5,1167.5,1053.0,1096.5,1062.5,1153.0,1290.0,1242.0,1365.0,323.0,18.325137722631972,77.41721542729822,0.062299054116010666,-0.029649406671524048,0.0,0.0,0.0,
1_+861804+203995,1380.0,17.0,1363.5,1041.0,1162.0,1033.5,1082.5,1059.0,1178.5,1284.5,1246.0,1404.5,323.0,18.325227554160385,77.41721542729822,0.06999687850475311,-0.04516987502574921,0.0,0.0,0.0,
1_+861804+203996,1380.0,17.0,1363.5,1041.0,1143.5,1005.5,1029.0,1059.0,1178.5,1284.5,1222.5,1404.5,323.0,18.325317385688795,77.41721542729822,0.08592268079519272,-0.054490189999341965,0.0,0.0,0.0,
1_+861804+203997,1407.5,17.5,1584.0,1195.5,1137.5,1006.0,1038.0,1141.5,1233.5,1397.0,1231.0,1501.5,385.0,18.325407217217208,77.41721542729822,0.0853755921125412,-0.12460984289646149,0.0,0.0,0.0,
1_+861804+203998,1407.5,17.5,1584.0,1195.5,1184.0,1076.5,1159.0,1141.5,1233.5,1397.0,1341.0,1501.5,385.0,18.32549704874562,77.41721542729822,0.07352100312709808,-0.08248011022806168,0.0,0.0,0.0,
1_+861804+203999,1407.5,17.5,1871.0,1439.0,1213.5,1126.0,1226.5,1260.5,1405.5,1535.0,1488.5,1732.5,385.0,18.32558688027403,77.41721542729822,0.09647411853075027,-0.11347807943820953,0.0,0.0,0.0,
1_+861804+204000,1407.5,17.5,1871.0,1439.0,1228.0,1124.0,1242.5,1260.5,1405.5,1535.0,1472.5,1732.5,385.0,18.325676711802444,77.41721542729822,0.08466234803199768,-0.11880293488502502,0.0,0.0,0.0,
1_+861804+204001,1407.5,17.5,1983.5,1522.0,1231.5,1136.5,1254.0,1287.5,1427.5,1574.0,1497.0,1743.0,385.0,18.325766543330857,77.41721542729822,0.0883781909942627,-0.1396254599094391,0.0,0.0,0.0,
1_+861804+204002,1407.5,17.5,1983.5,1522.0,1235.0,1148.5,1276.5,1287.5,1427.5,1574.0,1532.5,1743.0,385.0,18.325856374859267,77.41721542729822,0.09118368476629257,-0.1280859261751175,0.0,0.0,0.0,
1_+861804+204003,1418.0,17.5,1958.5,1477.0,1232.0,1142.0,1277.0,1258.0,1403.5,1573.5,1555.0,1745.0,412.5,18.32594620638768,77.41721542729822,0.0980806052684784,-0.11484046280384064,0.0,0.0,0.0,
1_+861804+204004,1418.0,17.5,1958.5,1477.0,1225.5,1126.0,1245.0,1258.0,1403.5,1573.5,1491.0,1745.0,412.5,18.326036037916094,77.41721542729822,0.08939497917890549,-0.1358289122581482,0.0,0.0,0.0,
1_+861804+204005,1418.0,17.5,1931.5,1431.5,1200.5,1098.0,1200.0,1228.0,1399.0,1593.0,1454.5,1763.5,412.5,18.326125869444503,77.41721542729822,0.09599458426237106,-0.1407880187034607,0.0,0.0,0.0,
1_+861804+204006,1418.0,17.5,1931.5,1431.5,1203.0,1105.0,1213.5,1228.0,1399.0,1593.0,1457.5,1763.5,412.5,18.326215700972917,77.41721542729822,0.09144718199968338,-0.1397680640220642,0.0,0.0,0.0,
1_+861804+204007,1418.0,17.5,1964.0,1445.5,1199.5,1100.0,1188.5,1256.5,1383.0,1558.5,1444.0,1747.5,412.5,18.326305532501326,77.41721542729822,0.0969911739230156,-0.15247374773025513,0.0,0.0,0.0,
1_+861804+204008,1418.0,17.5,1964.0,1445.5,1189.5,1098.0,1187.0,1256.5,1383.0,1558.5,1490.5,1747.5,412.5,18.32639536402974,77.41721542729822,0.11359799653291702,-0.1369803249835968,0.0,0.0,0.0,
1_+861804+204009,1398.0,17.0,2021.5,1472.0,1198.5,1103.0,1208.0,1277.5,1450.0,1653.0,1628.5,1892.0,381.0,18.326485195558153,77.41721542729822,0.14827539026737213,-0.10749335587024689,0.0,0.0,0.0,
1_+861804+204010,1398.0,17.0,2021.5,1472.0,1198.5,1102.0,1209.5,1277.5,1450.0,1653.0,1722.5,1892.0,381.0,18.326575027086562,77.41721542729822,0.17474523186683655,-0.07988513261079788,0.0,0.0,0.0,
1_+861804+204011,1398.0,17.0,1934.0,1408.5,1208.0,1109.5,1224.5,1217.5,1366.5,1562.0,1671.0,1755.0,381.0,18.326664858614976,77.41721542729822,0.15284104645252228,-0.07390761375427246,0.0,0.0,0.0,
1_+861805+203989,1443.0,24.0,1345.0,998.0,1237.0,1076.0,1133.0,1037.0,1125.0,1277.0,1299.0,1391.0,259.0,18.324688564989913,77.41730525882663,0.06825657933950424,-0.017397882416844368,0.0,0.0,0.0,
1_+861805+203990,1374.0,16.5,1364.0,1034.5,1142.0,1003.5,1033.5,1055.5,1174.0,1303.0,1181.5,1399.0,316.5,18.324778396518326,77.41730525882663,0.06585316359996796,-0.07252007722854614,0.0,0.0,0.0,
1_+861805+203991,1380.0,17.0,1263.0,987.0,1130.0,979.0,1006.5,1011.0,1108.0,1207.0,1108.0,1294.5,323.0,18.324868228046736,77.41730525882663,0.047914572060108185,-0.06547363102436066,0.0,0.0,0.0,
1_+861805+203992,1380.0,17.0,1263.0,987.0,1126.5,991.5,1003.5,1011.0,1108.0,1207.0,1105.5,1294.5,323.0,18.32495805957515,77.41730525882663,0.04856686666607857,-0.06651650369167328,0.0,0.0,0.0,
1_+861805+203993,1380.0,17.0,1318.0,1013.5,1139.5,1005.0,1028.0,1062.5,1153.0,1290.0,1142.0,1365.0,323.0,18.325047891103562,77.41730525882663,0.05281955748796463,-0.07155214250087738,0.0,0.0,0.0,
1_+861805+203994,1380.0,17.0,1318.0,1013.5,1159.5,1027.5,1065.5,1062.5,1153.0,1290.0,1206.5,1365.0,323.0,18.325137722631972,77.41730525882663,0.06225695088505745,-0.04412607103586197,0.0,0.0,0.0,
1_+861805+203995,1380.0,17.0,1363.5,1041.0,1154.5,1019.0,1068.5,1059.0,1178.5,1284.5,1207.0,1404.5,323.0,18.325227554160385,77.41730525882663,0.06091994419693947,-0.06085348129272461,0.0,0.0,0.0,
1_+861805+203996,1380.0,17.0,1363.5,1041.0,1150.5,1025.5,1053.5,1059.0,1178.5,1284.5,1190.0,1404.5,323.0,18.325317385688795,77.41730525882663,0.06090722233057022,-0.06789758056402206,0.0,0.0,0.0,
1_+861805+203997,1407.5,17.5,1584.0,1195.5,1149.5,1043.5,1076.5,1141.5,1233.5,1397.0,1242.5,1501.5,385.0,18.325407217217208,77.41730525882663,0.07189297676086426,-0.120282843708992,0.0,0.0,0.0,
1_+861805+203998,1407.5,17.5,1584.0,1195.5,1184.0,1076.5,1159.0,1141.5,1233.5,1397.0,1341.0,1501.5,385.0,18.32549704874562,77.41730525882663,0.07352100312709808,-0.08248011022806168,0.0,0.0,0.0,
1_+861805+203999,1407.5,17.5,1871.0,1439.0,1213.5,1126.0,1226.5,1260.5,1405.5,1535.0,1488.5,1732.5,385.0,18.32558688027403,77.41730525882663,0.09647411853075027,-0.11347807943820953,0.0,0.0,0.0,
1_+861805+204000,1407.5,17.5,1871.0,1439.0,1228.0,1124.0,1242.5,1260.5,1405.5,1535.0,1472.5,1732.5,385.0,18.325676711802444,77.41730525882663,0.08466234803199768,-0.11880293488502502,0.0,0.0,0.0,
1_+861805+204001,1407.5,17.5,1961.5,1506.5,1222.0,1133.5,1234.5,1288.0,1392.5,1565.5,1491.5,1731.5,385.0,18.325766543330857,77.41730525882663,0.0941787138581276,-0.13617385923862457,0.0,0.0,0.0,
1_+861805+204002,1407.5,17.5,1961.5,1506.5,1216.5,1119.0,1233.5,1288.0,1392.5,1565.5,1495.0,1731.5,385.0,18.325856374859267,77.41730525882663,0.09566366672515869,-0.13508084416389465,0.0,0.0,0.0,
1_+861805+204003,1418.0,17.5,1918.0,1466.0,1214.0,1129.0,1237.0,1260.5,1361.0,1532.0,1476.0,1694.5,412.5,18.32594620638768,77.41730525882663,0.08806904405355453,-0.13025449216365814,0.0,0.0,0.0,
1_+861805+204004,1418.0,17.5,1918.0,1466.0,1208.0,1097.5,1212.0,1260.5,1361.0,1532.0,1438.5,1694.5,412.5,18.326036037916094,77.41730525882663,0.08534905314445496,-0.1429387480020523,0.0,0.0,0.0,
1_+861805+204005,1418.0,17.5,1842.5,1414.0,1201.0,1091.0,1196.5,1205.5,1310.5,1468.5,1437.0,1656.5,412.5,18.326125869444503,77.41730525882663,0.0913739874958992,-0.12365150451660156,0.0,0.0,0.0,
1_+861805+204006,1418.0,17.5,1842.5,1414.0,1210.0,1100.5,1221.0,1205.5,1310.5,1468.5,1465.0,1656.5,412.5,18.326215700972917,77.41730525882663,0.09086266905069351,-0.114155113697052,0.0,0.0,0.0,
1_+861805+204007,1418.0,17.5,1794.5,1374.0,1194.0,1085.5,1174.0,1171.5,1285.5,1449.0,1414.0,1613.0,412.5,18.326305532501326,77.41730525882663,0.09255921840667725,-0.11867908388376236,0.0,0.0,0.0,
1_+861805+204008,1418.0,17.5,1794.5,1374.0,1170.5,1055.0,1146.5,1171.5,1285.5,1449.0,1377.0,1613.0,412.5,18.32639536402974,77.41730525882663,0.09150057286024094,-0.13169491291046143,0.0,0.0,0.0,
1_+861805+204009,1398.0,17.0,1846.5,1380.5,1173.5,1063.0,1153.5,1192.0,1369.0,1504.0,1483.0,1723.5,381.0,18.326485195558153,77.41730525882663,0.12472900003194809,-0.10964328795671463,0.0,0.0,0.0,
1_+861805+204010,1398.0,17.0,1846.5,1380.5,1180.0,1092.5,1206.5,1192.0,1369.0,1504.0,1616.5,1723.5,381.0,18.326575027086562,77.41730525882663,0.14547698199748993,-0.06647276878356934,0.0,0.0,0.0,
1_+861805+204011,1398.0,17.0,1811.5,1339.5,1214.0,1112.0,1264.0,1190.0,1349.5,1523.0,1604.5,1690.0,381.0,18.326664858614976,77.41730525882663,0.11893933266401291,-0.06052207201719284,0.0,0.0,0.0,
1_+861806+203988,1374.0,16.5,1306.5,989.0,1138.5,1009.0,1034.0,1035.5,1126.0,1215.0,1168.5,1303.5,316.5,18.3245987334615,77.41739509035504,0.06128273904323578,-0.05599118024110794,0.0,0.0,0.0,
1_+861806+203989,1374.0,16.5,1243.0,953.0,1149.0,1010.5,1031.5,1001.5,1086.5,1192.0,1167.5,1276.5,316.5,18.324688564989913,77.41739509035504,0.06205429509282112,-0.031506408005952835,0.0,0.0,0.0,
1_+861806+203990,1374.0,16.5,1243.0,953.0,1130.0,984.5,987.5,1001.5,1086.5,1192.0,1111.0,1276.5,316.5,18.324778396518326,77.41739509035504,0.05882921814918518,-0.05615243315696716,0.0,0.0,0.0,
1_+861806+203991,1380.0,17.0,1203.5,910.0,1119.5,972.5,993.0,996.0,1070.5,1166.5,1078.5,1248.5,323.0,18.324868228046736,77.41739509035504,0.04136187955737114,-0.05479101091623306,0.0,0.0,0.0,
1_+861806+203992,1380.0,17.0,1203.5,910.0,1122.0,988.0,999.0,996.0,1070.5,1166.5,1109.5,1248.5,323.0,18.32495805957515,77.41739509035504,0.05251983180642128,-0.04067516326904297,0.0,0.0,0.0,
1_+861806+203993,1380.0,17.0,1248.5,953.5,1145.0,1003.0,1044.5,1039.5,1138.0,1250.5,1145.5,1327.5,323.0,18.325047891103562,77.41739509035504,0.046499576419591904,-0.04293118789792061,0.0,0.0,0.0,
1_+861806+203994,1380.0,17.0,1318.0,1013.5,1159.5,1027.5,1065.5,1062.5,1153.0,1290.0,1206.5,1365.0,323.0,18.325137722631972,77.41739509035504,0.06225695088505745,-0.04412607103586197,0.0,0.0,0.0,
1_+861806+203995,1380.0,17.0,1363.5,1041.0,1154.5,1019.0,1068.5,1059.0,1178.5,1284.5,1207.0,1404.5,323.0,18.325227554160385,77.41739509035504,0.06091994419693947,-0.06085348129272461,0.0,0.0,0.0,
1_+861806+203996,1380.0,17.0,1363.5,1041.0,1150.5,1025.5,1053.5,1059.0,1178.5,1284.5,1190.0,1404.5,323.0,18.325317385688795,77.41739509035504,0.06090722233057022,-0.06789758056402206,0.0,0.0,0.0,
1_+861806+203997,1407.5,17.5,1584.0,1195.5,1149.5,1043.5,1076.5,1141.5,1233.5,1397.0,1242.5,1501.5,385.0,18.325407217217208,77.41739509035504,0.07189297676086426,-0.120282843708992,0.0,0.0,0.0,
1_+861806+203998,1407.5,17.5,1584.0,1195.5,1209.5,1102.0,1193.0,1141.5,1233.5,1397.0,1405.0,1501.5,385.0,18.32549704874562,77.41739509035504,0.08234470337629318,-0.05913710594177246,0.0,0.0,0.0,
1_+861806+203999,1407.5,17.5,1871.0,1439.0,1228.5,1141.5,1265.0,1260.5,1405.5,1535.0,1542.0,1732.5,385.0,18.32558688027403,77.41739509035504,0.09847509115934372,-0.09614279866218567,0.0,0.0,0.0,
1_+861806+204000,1407.5,17.5,1871.0,1439.0,1232.0,1140.0,1278.0,1260.5,1405.5,1535.0,1509.0,1732.5,385.0,18.325676711802444,77.41739509035504,0.08276340365409851,-0.10676319152116776,0.0,0.0,0.0,
1_+861806+204001,1407.5,17.5,1961.5,1506.5,1222.0,1144.5,1268.5,1288.0,1392.5,1565.5,1517.5,1731.5,385.0,18.325766543330857,77.41739509035504,0.08930476754903793,-0.12766332924365997,0.0,0.0,0.0,
1_+861806+204002,1407.5,17.5,1961.5,1506.5,1223.5,1132.5,1255.0,1288.0,1392.5,1565.5,1517.5,1731.5,385.0,18.325856374859267,77.41739509035504,0.09445083141326904,-0.12780353426933289,0.0,0.0,0.0,
1_+861806+204003,1418.0,17.5,1918.0,1466.0,1217.5,1115.5,1230.0,1260.5,1361.0,1532.0,1463.5,1694.5,412.5,18.32594620638768,77.41739509035504,0.086507648229599,-0.13455389440059662,0.0,0.0,0.0,
1_+861806+204004,1418.0,17.5,1918.0,1466.0,1204.5,1091.0,1201.5,1260.5,1361.0,1532.0,1444.5,1694.5,412.5,18.326036037916094,77.41739509035504,0.0917612835764885,-0.14087772369384766,0.0,0.0,0.0,
1_+861806+204005,1418.0,17.5,1842.5,1414.0,1195.0,1086.5,1180.0,1205.5,1310.5,1468.5,1421.0,1656.5,412.5,18.326125869444503,77.41739509035504,0.09260431677103043,-0.1291881948709488,0.0,0.0,0.0,
1_+861806+204006,1418.0,17.5,1842.5,1414.0,1195.0,1078.5,1175.5,1205.5,1310.5,1468.5,1394.5,1656.5,412.5,18.326215700972917,77.41739509035504,0.08532682806253433,-0.13839392364025116,0.0,0.0,0.0,
1_+861806+204007,1418.0,17.5,1794.5,1374.0,1184.5,1064.0,1149.5,1171.5,1285.5,1449.0,1364.0,1613.0,412.5,18.326305532501326,77.41739509035504,0.08537113666534424,-0.1362968534231186,0.0,0.0,0.0,
1_+861806+204008,1418.0,17.5,1794.5,1374.0,1179.0,1066.0,1129.0,1171.5,1285.5,1449.0,1347.0,1613.0,412.5,18.32639536402974,77.41739509035504,0.08817525953054428,-0.14241206645965576,0.0,0.0,0.0,
1_+861806+204009,1398.0,17.0,1846.5,1380.5,1172.0,1066.0,1135.5,1192.0,1369.0,1504.0,1361.0,1723.5,381.0,18.326485195558153,77.41739509035504,0.09053820371627808,-0.15106520056724548,0.0,0.0,0.0,
1_+861806+204010,1398.0,17.0,1846.5,1380.5,1178.5,1071.0,1147.5,1192.0,1369.0,1504.0,1406.0,1723.5,381.0,18.326575027086562,77.41739509035504,0.10128682851791382,-0.13513946533203125,0.0,0.0,0.0,
1_+861807+203988,1374.0,16.5,1306.5,989.0,1115.5,970.5,973.0,1035.5,1126.0,1215.0,1055.5,1303.5,316.5,18.3245987334615,77.41748492188346,0.040897347033023834,-0.10548073053359985,0.0,0.0,0.0,
1_+861807+203989,1374.0,16.5,1243.0,953.0,1112.5,974.5,978.5,1001.5,1086.5,1192.0,1067.5,1276.5,316.5,18.324688564989913,77.41748492188346,0.04368840903043747,-0.07595392316579819,0.0,0.0,0.0,
1_+861807+203990,1374.0,16.5,1243.0,953.0,1130.0,984.5,987.5,1001.5,1086.5,1192.0,1111.0,1276.5,316.5,18.324778396518326,77.41748492188346,0.05882921814918518,-0.05615243315696716,0.0,0.0,0.0,
1_+861807+203991,1380.0,17.0,1203.5,910.0,1119.5,972.5,993.0,996.0,1070.5,1166.5,1078.5,1248.5,323.0,18.324868228046736,77.41748492188346,0.04136187955737114,-0.05479101091623306,0.0,0.0,0.0,
1_+861807+203992,1380.0,17.0,1203.5,910.0,1122.0,988.0,999.0,996.0,1070.5,1166.5,1109.5,1248.5,323.0,18.32495805957515,77.41748492188346,0.05251983180642128,-0.04067516326904297,0.0,0.0,0.0,
1_+861807+203993,1380.0,17.0,1248.5,953.5,1145.0,1003.0,1044.5,1039.5,1138.0,1250.5,1145.5,1327.5,323.0,18.325047891103562,77.41748492188346,0.046499576419591904,-0.04293118789792061,0.0,0.0,0.0,
1_+861807+203994,1380.0,17.0,1248.5,953.5,1155.0,1027.0,1059.5,1039.5,1138.0,1250.5,1202.5,1327.5,323.0,18.325137722631972,77.41748492188346,0.0632832869887352,-0.018696581944823265,0.0,0.0,0.0,
1_+861807+203995,1380.0,17.0,1363.0,1025.0,1152.5,1017.0,1059.5,1063.0,1160.0,1250.5,1191.0,1352.0,323.0,18.325227554160385,77.41748492188346,0.05851219594478607,-0.06709661334753036,0.0,0.0,0.0,
1_+861807+203996,1380.0,17.0,1363.0,1025.0,1157.5,1016.5,1059.5,1063.0,1160.0,1250.5,1190.5,1352.0,323.0,18.325317385688795,77.41748492188346,0.05817878246307373,-0.06735903769731522,0.0,0.0,0.0,
1_+861807+203997,1407.5,17.5,1651.5,1246.0,1153.5,1036.0,1074.0,1173.5,1294.5,1454.0,1242.5,1600.5,385.0,18.325407217217208,77.41748492188346,0.07292203605175018,-0.14056649804115295,0.0,0.0,0.0,
1_+861807+203998,1407.5,17.5,1651.5,1246.0,1184.0,1091.5,1168.5,1173.5,1294.5,1454.0,1460.0,1600.5,385.0,18.32549704874562,77.41748492188346,0.11164069175720215,-0.060559168457984924,0.0,0.0,0.0,
1_+861807+203999,1407.5,17.5,1981.0,1448.5,1217.5,1114.0,1245.0,1275.0,1515.0,1706.5,1583.0,1927.0,385.0,18.32558688027403,77.41748492188346,0.11947490274906158,-0.11149218678474426,0.0,0.0,0.0,
1_+861807+204000,1407.5,17.5,1981.0,1448.5,1196.0,1082.0,1209.0,1275.0,1515.0,1706.5,1571.5,1927.0,385.0,18.325676711802444,77.41748492188346,0.13030609488487244,-0.1151033341884613,0.0,0.0,0.0,
1_+861807+204001,1407.5,17.5,1999.5,1471.5,1186.0,1099.5,1221.0,1297.0,1494.0,1704.5,1564.0,1898.0,385.0,18.325766543330857,77.41748492188346,0.12337374687194824,-0.12229889631271362,0.0,0.0,0.0,
1_+861807+204002,1407.5,17.5,1999.5,1471.5,1221.5,1120.0,1260.0,1297.0,1494.0,1704.5,1550.0,1898.0,385.0,18.325856374859267,77.41748492188346,0.10302826762199402,-0.12676379084587097,0.0,0.0,0.0,
1_+861807+204003,1418.0,17.5,1936.5,1459.0,1216.0,1118.5,1237.5,1262.5,1379.5,1555.5,1484.0,1721.5,412.5,18.32594620638768,77.41748492188346,0.0904994010925293,-0.13237318396568298,0.0,0.0,0.0,
1_+861807+204004,1418.0,17.5,1936.5,1459.0,1213.5,1113.0,1222.5,1262.5,1379.5,1555.5,1459.0,1721.5,412.5,18.326036037916094,77.41748492188346,0.08800593763589859,-0.14080393314361572,0.0,0.0,0.0,
1_+861807+204005,1418.0,17.5,1829.0,1399.5,1200.0,1094.5,1189.5,1194.5,1303.5,1441.0,1425.0,1626.5,412.5,18.326125869444503,77.41748492188346,0.08961024135351181,-0.12452799826860428,0.0,0.0,0.0,
1_+861807+204006,1418.0,17.5,1829.0,1399.5,1194.0,1069.5,1160.0,1194.5,1303.5,1441.0,1357.5,1626.5,412.5,18.326215700972917,77.41748492188346,0.07838510721921921,-0.1480429768562317,0.0,0.0,0.0,
1_+861807+204007,1418.0,17.5,1760.5,1353.0,1175.5,1049.0,1126.0,1146.5,1249.0,1390.0,1350.0,1553.5,412.5,18.326305532501326,77.41748492188346,0.09052517265081406,-0.1319609433412552,0.0,0.0,0.0,
1_+861807+204008,1418.0,17.5,1760.5,1353.0,1175.0,1043.0,1131.0,1146.5,1249.0,1390.0,1339.5,1553.5,412.5,18.32639536402974,77.41748492188346,0.08448444306850433,-0.1357709765434265,0.0,0.0,0.0,
1_+861807+204009,1398.0,17.0,1784.0,1370.5,1183.5,1056.5,1146.0,1167.5,1262.0,1419.0,1355.0,1572.0,381.0,18.326485195558153,77.41748492188346,0.0837508961558342,-0.13653776049613953,0.0,0.0,0.0,
1_+861807+204010,1398.0,17.0,1784.0,1370.5,1177.0,1060.5,1150.5,1167.5,1262.0,1419.0,1387.5,1572.0,381.0,18.326575027086562,77.41748492188346,0.0934898778796196,-0.12490464746952057,0.0,0.0,0.0,
1_+861808+203988,1374.0,16.5,1306.5,989.0,1115.5,970.5,973.0,1035.5,1126.0,1215.0,1055.5,1303.5,316.5,18.3245987334615,77.41757475341187,0.040897347033023834,-0.10548073053359985,0.0,0.0,0.0,
1_+861808+203989,1374.0,16.5,1243.0,953.0,1112.5,974.5,978.5,1001.5,1086.5,1192.0,1067.5,1276.5,316.5,18.324688564989913,77.41757475341187,0.04368840903043747,-0.07595392316579819,0.0,0.0,0.0,
1_+861808+203990,1374.0,16.5,1243.0,953.0,1119.5,969.0,979.0,1001.5,1086.5,1192.0,1079.5,1276.5,316.5,18.324778396518326,77.41757475341187,0.0489530935883522,-0.07042837142944336,0.0,0.0,0.0,
1_+861808+203991,1380.0,17.0,1203.5,910.0,1122.5,975.0,998.0,996.0,1070.5,1166.5,1077.5,1248.5,323.0,18.324868228046736,77.41757475341187,0.03858237341046333,-0.055238932371139526,0.0,0.0,0.0,
1_+861808+203992,1380.0,17.0,1203.5,910.0,1126.0,996.0,1012.0,996.0,1070.5,1166.5,1108.5,1248.5,323.0,18.32495805957515,77.41757475341187,0.04574239253997803,-0.04113098233938217,0.0,0.0,0.0,
1_+861808+203993,1380.0,17.0,1248.5,953.5,1138.5,1004.5,1037.0,1039.5,1138.0,1250.5,1161.0,1327.5,323.0,18.325047891103562,77.41757475341187,0.056746505200862885,-0.036197856068611145,0.0,0.0,0.0,
1_+861808+203994,1380.0,17.0,1248.5,953.5,1134.0,1007.5,1049.0,1039.5,1138.0,1250.5,1165.0,1327.5,323.0,18.325137722631972,77.41757475341187,0.05244075506925583,-0.03452110290527344,0.0,0.0,0.0,
1_+861808+203995,1380.0,17.0,1363.0,1025.0,1151.0,1004.0,1045.0,1063.0,1160.0,1250.5,1134.5,1352.0,323.0,18.325227554160385,77.41757475341187,0.04109587147831917,-0.09123391658067703,0.0,0.0,0.0,
1_+861808+203996,1380.0,17.0,1363.0,1025.0,1148.0,1007.0,1040.0,1063.0,1160.0,1250.5,1171.5,1352.0,323.0,18.325317385688795,77.41757475341187,0.059405699372291565,-0.07534783333539963,0.0,0.0,0.0,
1_+861808+203997,1407.5,17.5,1651.5,1246.0,1158.0,1030.0,1082.0,1173.5,1294.5,1454.0,1262.0,1600.5,385.0,18.325407217217208,77.41757475341187,0.0770811140537262,-0.1328207552433014,0.0,0.0,0.0,
1_+861808+203998,1407.5,17.5,1651.5,1246.0,1195.5,1097.0,1191.0,1173.5,1294.5,1454.0,1510.0,1600.5,385.0,18.32549704874562,77.41757475341187,0.11832528561353683,-0.044078417122364044,0.0,0.0,0.0,
1_+861808+203999,1407.5,17.5,1981.0,1448.5,1209.0,1124.0,1233.5,1275.0,1515.0,1706.5,1691.5,1927.0,385.0,18.32558688027403,77.41757475341187,0.15654227137565613,-0.07868751883506775,0.0,0.0,0.0,
1_+861808+204000,1407.5,17.5,1981.0,1448.5,1180.0,1089.5,1172.5,1275.0,1515.0,1706.5,1841.5,1927.0,385.0,18.325676711802444,77.41757475341187,0.22196170687675476,-0.036333583295345306,0.0,0.0,0.0,
1_+861808+204001,1471.0,26.0,2007.0,1448.0,1221.0,1107.0,1198.0,1284.0,1438.0,1640.0,1729.0,1870.0,299.0,18.325766543330857,77.41757475341187,0.1814144104719162,-0.07441113144159317,0.0,0.0,0.0,
1_+861808+204002,1407.5,17.5,1999.5,1471.5,1181.0,1091.0,1191.0,1297.0,1494.0,1704.5,1672.5,1898.0,385.0,18.325856374859267,77.41757475341187,0.1669236570596695,-0.09006039798259735,0.0,0.0,0.0,
1_+861808+204003,1418.0,17.5,1936.5,1459.0,1222.5,1097.0,1224.0,1262.5,1379.5,1555.5,1513.0,1721.5,412.5,18.32594620638768,77.41757475341187,0.10521548241376877,-0.12306983768939972,0.0,0.0,0.0,
1_+861808+204004,1418.0,17.5,1936.5,1459.0,1210.5,1105.0,1219.0,1262.5,1379.5,1555.5,1452.0,1721.5,412.5,18.326036037916094,77.41757475341187,0.08708444237709045,-0.14310035109519958,0.0,0.0,0.0,
1_+861808+204005,1418.0,17.5,1829.0,1399.5,1198.0,1100.5,1177.5,1194.5,1303.5,1441.0,1426.0,1626.5,412.5,18.326125869444503,77.41757475341187,0.09532856196165085,-0.12390635907649994,0.0,0.0,0.0,
1_+861808+204006,1418.0,17.5,1829.0,1399.5,1198.0,1074.0,1168.5,1194.5,1303.5,1441.0,1376.0,1626.5,412.5,18.326215700972917,77.41757475341187,0.08136729896068573,-0.14149609208106995,0.0,0.0,0.0,
1_+861808+204007,1418.0,17.5,1760.5,1353.0,1177.0,1060.0,1134.5,1146.5,1249.0,1390.0,1347.0,1553.5,412.5,18.326305532501326,77.41757475341187,0.08559925854206085,-0.13307806849479675,0.0,0.0,0.0,
1_+861808+204008,1418.0,17.5,1760.5,1353.0,1182.0,1059.5,1130.0,1146.5,1249.0,1390.0,1360.5,1553.5,412.5,18.32639536402974,77.41757475341187,0.09267131984233856,-0.12811975181102753,0.0,0.0,0.0,
1_+861808+204009,1398.0,17.0,1784.0,1370.5,1187.0,1063.5,1146.0,1167.5,1262.0,1419.0,1384.5,1572.0,381.0,18.326485195558153,77.41757475341187,0.09434203803539276,-0.12591710686683655,0.0,0.0,0.0,
1_+861808+204010,1398.0,17.0,1784.0,1370.5,1181.5,1068.5,1156.0,1167.5,1262.0,1419.0,1386.0,1572.0,381.0,18.326575027086562,77.41757475341187,0.09056934714317322,-0.12538820505142212,0.0,0.0,0.0,
1_+861809+203988,1445.0,24.0,1244.0,887.0,1196.0,1025.0,994.0,1012.0,1113.0,1247.0,1162.0,1404.0,250.0,18.3245987334615,77.41766458494027,0.07792207598686218,-0.034081462770700455,0.0,0.0,0.0,
1_+861809+203989,1378.0,16.0,1164.5,883.5,1121.0,962.5,973.0,974.5,1045.0,1165.0,1098.5,1220.0,308.5,18.324688564989913,77.41766458494027,0.060574740171432495,-0.029297301545739174,0.0,0.0,0.0,
1_+861809+203990,1378.0,16.0,1164.5,883.5,1115.0,961.5,977.0,974.5,1045.0,1165.0,1049.0,1220.0,308.5,18.324778396518326,77.41766458494027,0.035846296697854996,-0.05196358263492584,0.0,0.0,0.0,
1_+861809+203991,1387.5,16.5,1156.5,873.0,1119.5,971.5,975.5,979.0,1071.5,1181.0,1062.5,1254.0,328.0,18.324868228046736,77.41766458494027,0.043099064379930496,-0.042335882782936096,0.0,0.0,0.0,
1_+861809+203992,1387.5,16.5,1156.5,873.0,1122.5,975.5,955.0,979.0,1071.5,1181.0,1121.0,1254.0,328.0,18.32495805957515,77.41766458494027,0.08003860712051392,-0.015818506479263306,0.0,0.0,0.0,
1_+861809+203993,,,,,,,,,,,,,,18.325047891103562,77.41766458494027,,,,,,
1_+861809+203994,1455.0,24.0,1236.0,881.0,1191.0,1032.0,1043.0,1019.0,1146.0,1294.0,1160.0,1393.0,267.0,18.325137722631972,77.41766458494027,0.05310939624905586,-0.03171953186392784,0.0,0.0,0.0,
1_+861809+203995,1387.5,16.5,1351.5,1009.5,1136.0,990.0,1029.0,1043.5,1150.5,1253.0,1142.0,1359.5,328.0,18.325227554160385,77.41766458494027,0.05214763060212135,-0.08351083844900131,0.0,0.0,0.0,
1_+861809+203996,1387.5,16.5,1351.5,1009.5,1140.0,1000.5,1044.5,1043.5,1150.5,1253.0,1184.5,1359.5,328.0,18.325317385688795,77.41766458494027,0.06289374083280563,-0.0653691217303276,0.0,0.0,0.0,
1_+861809+203997,1409.0,17.0,1733.5,1294.0,1161.0,1029.5,1080.0,1183.0,1335.0,1494.0,1318.5,1650.0,397.5,18.325407217217208,77.41766458494027,0.09951771050691605,-0.13466669619083405,0.0,0.0,0.0,
1_+861809+203998,1409.0,17.0,1733.5,1294.0,1199.5,1092.5,1183.0,1183.0,1335.0,1494.0,1530.5,1650.0,397.5,18.32549704874562,77.41766458494027,0.1281294971704483,-0.060836225748062134,0.0,0.0,0.0,
1_+861809+203999,1409.0,17.0,2057.0,1483.0,1213.0,1144.5,1257.0,1305.5,1500.5,1707.5,1646.5,1908.0,397.5,18.32558688027403,77.41766458494027,0.13385522365570068,-0.11090287566184998,0.0,0.0,0.0,
1_+861809+204000,1409.0,17.0,2057.0,1483.0,1212.0,1123.5,1260.0,1305.5,1500.5,1707.5,1761.5,1908.0,397.5,18.325676711802444,77.41766458494027,0.1654563695192337,-0.07758821547031403,0.0,0.0,0.0,
1_+861809+204001,1409.0,17.0,2023.5,1467.5,1193.0,1096.0,1221.5,1278.5,1484.0,1675.5,1712.5,1922.5,397.5,18.325766543330857,77.41766458494027,0.16734859347343445,-0.08324296772480011,0.0,0.0,0.0,
1_+861809+204002,1409.0,17.0,2023.5,1467.5,1193.5,1104.5,1220.5,1278.5,1484.0,1675.5,1631.5,1922.5,397.5,18.325856374859267,77.41766458494027,0.14364860951900482,-0.10759224742650986,0.0,0.0,0.0,
1_+861809+204003,1412.5,16.5,1986.5,1480.5,1221.5,1121.5,1247.5,1262.0,1409.0,1613.0,1554.5,1794.0,408.0,18.32594620638768,77.41766458494027,0.10917042940855026,-0.12231297791004181,0.0,0.0,0.0,
1_+861809+204004,1412.5,16.5,1986.5,1480.5,1202.5,1121.0,1224.0,1262.0,1409.0,1613.0,1534.0,1794.0,408.0,18.326036037916094,77.41766458494027,0.11210255324840546,-0.12877599895000458,0.0,0.0,0.0,
1_+861809+204005,1412.5,16.5,1920.5,1457.5,1201.5,1104.0,1207.5,1224.5,1367.5,1537.0,1472.5,1703.5,408.0,18.326125869444503,77.41766458494027,0.09846237301826477,-0.132354274392128,0.0,0.0,0.0,
1_+861809+204006,1412.5,16.5,1920.5,1457.5,1196.0,1087.0,1181.5,1224.5,1367.5,1537.0,1434.5,1703.5,408.0,18.326215700972917,77.41766458494027,0.09634759277105331,-0.1451312005519867,0.0,0.0,0.0,
1_+861809+204007,1412.5,16.5,1845.0,1403.5,1170.5,1060.0,1141.5,1187.0,1319.5,1467.5,1395.5,1648.0,408.0,18.326305532501326,77.41766458494027,0.09984564781188965,-0.13888810575008392,0.0,0.0,0.0,
1_+861809+204008,1412.5,16.5,1845.0,1403.5,1174.5,1066.0,1145.0,1187.0,1319.5,1467.5,1370.0,1648.0,408.0,18.32639536402974,77.41766458494027,0.08958548307418823,-0.14773038029670715,0.0,0.0,0.0,
1_+861809+204009,1401.5,16.5,1798.5,1355.0,1183.0,1064.0,1150.5,1186.5,1322.0,1503.0,1381.5,1654.0,380.5,18.326485195558153,77.41766458494027,0.09120313078165054,-0.13119688630104065,0.0,0.0,0.0,
1_+861810+203987,1311.0,8.0,1257.0,970.0,1091.0,998.0,988.0,1026.0,1233.0,1301.0,1256.0,1407.0,367.0,18.32450890193309,77.41775441646868,0.1194295883178711,-3.979307657573372E-4,0.0,0.0,0.0,
1_+861810+203988,1445.0,24.0,1244.0,887.0,1191.0,1023.0,998.0,1012.0,1113.0,1247.0,1189.0,1404.0,250.0,18.3245987334615,77.41775441646868,0.08733424544334412,-0.022605836391448975,0.0,0.0,0.0,
1_+861810+203989,1378.0,16.0,1164.5,883.5,1119.0,969.5,959.0,974.5,1045.0,1165.0,1082.5,1220.0,308.5,18.324688564989913,77.41775441646868,0.060636818408966064,-0.03655490279197693,0.0,0.0,0.0,
1_+861810+203990,1378.0,16.0,1164.5,883.5,1117.5,964.0,956.0,974.5,1045.0,1165.0,1044.0,1220.0,308.5,18.324778396518326,77.41775441646868,0.04447517171502113,-0.05435220152139664,0.0,0.0,0.0,
1_+861810+203991,1387.5,16.5,1156.5,873.0,1118.5,954.5,957.0,979.0,1071.5,1181.0,1056.5,1254.0,328.0,18.324868228046736,77.41775441646868,0.04960102587938309,-0.04520350694656372,0.0,0.0,0.0,
1_+861810+203992,1320.0,9.0,1145.0,890.0,1058.0,922.0,941.0,962.0,1025.0,1130.0,1059.0,1224.0,389.0,18.32495805957515,77.41775441646868,0.05900000035762787,-0.03901996463537216,0.0,0.0,0.0,
1_+861810+203993,,,,,,,,,,,,,,18.325047891103562,77.41775441646868,,,,,,
1_+861810+203994,1455.0,24.0,1236.0,881.0,1175.0,1015.0,1017.0,1019.0,1146.0,1294.0,1135.0,1393.0,267.0,18.325137722631972,77.41775441646868,0.054832715541124344,-0.04259806126356125,0.0,0.0,0.0,
1_+861810+203995,1387.5,16.5,1351.5,1009.5,1128.5,991.0,1011.0,1043.5,1150.5,1253.0,1141.0,1359.5,328.0,18.325227554160385,77.41775441646868,0.06067312881350517,-0.08394622802734375,0.0,0.0,0.0,
1_+861810+203996,1387.5,16.5,1351.5,1009.5,1141.5,1005.5,1039.0,1043.5,1150.5,1253.0,1185.5,1359.5,328.0,18.325317385688795,77.41775441646868,0.06613533198833466,-0.06510266661643982,0.0,0.0,0.0,
1_+861810+203997,1409.0,17.0,1733.5,1294.0,1166.5,1040.0,1092.5,1183.0,1335.0,1494.0,1363.0,1650.0,397.5,18.325407217217208,77.41775441646868,0.11023025959730148,-0.11863663792610168,0.0,0.0,0.0,
1_+861810+203998,1409.0,17.0,1733.5,1294.0,1206.0,1092.0,1195.0,1183.0,1335.0,1494.0,1554.5,1650.0,397.5,18.32549704874562,77.41775441646868,0.1310320496559143,-0.052753906697034836,0.0,0.0,0.0,
1_+861810+203999,1409.0,17.0,2057.0,1483.0,1210.0,1112.0,1236.0,1305.5,1500.5,1707.5,1582.0,1908.0,397.5,18.32558688027403,77.41775441646868,0.12282060831785202,-0.13025686144828796,0.0,0.0,0.0,
1_+861810+204000,1409.0,17.0,2057.0,1483.0,1220.5,1110.0,1243.0,1305.5,1500.5,1707.5,1580.5,1908.0,397.5,18.325676711802444,77.41775441646868,0.11953761428594589,-0.1307281255722046,0.0,0.0,0.0,
1_+861810+204001,1409.0,17.0,2023.5,1467.5,1205.0,1101.0,1211.0,1278.5,1484.0,1675.5,1559.0,1922.5,397.5,18.325766543330857,77.41775441646868,0.12562160193920135,-0.12966376543045044,0.0,0.0,0.0,
1_+861810+204002,1409.0,17.0,2023.5,1467.5,1194.0,1084.0,1216.0,1278.5,1484.0,1675.5,1545.5,1922.5,397.5,18.325856374859267,77.41775441646868,0.11929971724748611,-0.1339399814605713,0.0,0.0,0.0,
1_+861810+204003,1412.5,16.5,1986.5,1480.5,1193.0,1086.5,1212.0,1262.0,1409.0,1613.0,1574.0,1794.0,408.0,18.32594620638768,77.41775441646868,0.12974292039871216,-0.1160224974155426,0.0,0.0,0.0,
1_+861810+204004,1412.5,16.5,1986.5,1480.5,1206.5,1106.5,1214.5,1262.0,1409.0,1613.0,1551.0,1794.0,408.0,18.326036037916094,77.41775441646868,0.1216350644826889,-0.12315961718559265,0.0,0.0,0.0,
1_+861810+204005,1412.5,16.5,1920.5,1457.5,1212.5,1103.5,1220.5,1224.5,1367.5,1537.0,1504.0,1703.5,408.0,18.326125869444503,77.41775441646868,0.104053795337677,-0.12162894755601883,0.0,0.0,0.0,
1_+861810+204006,1412.5,16.5,1920.5,1457.5,1198.5,1096.0,1193.0,1224.5,1367.5,1537.0,1498.5,1703.5,408.0,18.326215700972917,77.41775441646868,0.11351516097784042,-0.12342636287212372,0.0,0.0,0.0,
1_+861810+204007,1412.5,16.5,1845.0,1403.5,1179.0,1070.5,1152.5,1187.0,1319.5,1467.5,1466.0,1648.0,408.0,18.326305532501326,77.41775441646868,0.11965785920619965,-0.11449678242206573,0.0,0.0,0.0,
1_+861810+204008,1412.5,16.5,1845.0,1403.5,1184.0,1075.5,1165.5,1187.0,1319.5,1467.5,1414.5,1648.0,408.0,18.32639536402974,77.41775441646868,0.0964975655078888,-0.13210877776145935,0.0,0.0,0.0,
1_+861810+204009,1401.5,16.5,1798.5,1355.0,1186.0,1067.0,1170.5,1186.5,1322.0,1503.0,1388.5,1654.0,380.5,18.326485195558153,77.41775441646868,0.0852881520986557,-0.128656804561615,0.0,0.0,0.0,
1_+861811+203987,1378.0,16.0,1273.5,959.0,1151.0,1009.5,1044.5,1060.0,1177.5,1269.5,1157.5,1361.5,308.5,18.32450890193309,77.4178442479971,0.05147850513458252,-0.04770902544260025,0.0,0.0,0.0,
1_+861811+203988,1378.0,16.0,1273.5,959.0,1132.0,1006.5,1033.0,1060.0,1177.5,1269.5,1170.0,1361.5,308.5,18.3245987334615,77.4178442479971,0.06211617588996887,-0.042378757148981094,0.0,0.0,0.0,
1_+861811+203989,1378.0,16.0,1250.0,939.5,1114.5,960.5,973.0,1036.0,1120.5,1236.5,1100.5,1313.5,308.5,18.324688564989913,77.4178442479971,0.06134930998086929,-0.06372739374637604,0.0,0.0,0.0,
1_+861811+203990,1378.0,16.0,1250.0,939.5,1115.0,950.5,967.0,1036.0,1120.5,1236.5,1066.0,1313.5,308.5,18.324778396518326,77.4178442479971,0.048964422196149826,-0.07945472747087479,0.0,0.0,0.0,
1_+861811+203991,1387.5,16.5,1245.5,943.0,1111.5,967.5,973.0,1032.0,1098.5,1228.5,1081.5,1303.5,328.0,18.324868228046736,77.4178442479971,0.0529947504401207,-0.07048100233078003,0.0,0.0,0.0,
1_+861811+203992,1387.5,16.5,1245.5,943.0,1129.5,976.0,1007.0,1032.0,1098.5,1228.5,1096.5,1303.5,328.0,18.32495805957515,77.4178442479971,0.04252152517437935,-0.06379206478595734,0.0,0.0,0.0,
1_+861811+203993,1387.5,16.5,1272.0,955.0,1132.0,993.5,1011.5,1035.0,1119.5,1245.0,1149.5,1322.0,328.0,18.325047891103562,77.4178442479971,0.06392880529165268,-0.05055196210741997,0.0,0.0,0.0,
1_+861811+203994,1387.5,16.5,1272.0,955.0,1128.5,981.0,1005.0,1035.0,1119.5,1245.0,1113.5,1322.0,328.0,18.325137722631972,77.4178442479971,0.05136573314666748,-0.06641674041748047,0.0,0.0,0.0,
1_+861811+203995,1387.5,16.5,1409.5,1064.5,1131.5,988.0,1013.5,1066.5,1139.5,1278.5,1139.5,1361.0,328.0,18.325227554160385,77.4178442479971,0.05887562409043312,-0.1055116206407547,0.0,0.0,0.0,
1_+861811+203996,1387.5,16.5,1409.5,1064.5,1139.0,1007.5,1044.5,1066.5,1139.5,1278.5,1190.0,1361.0,328.0,18.325317385688795,77.4178442479971,0.06538309156894684,-0.08409950137138367,0.0,0.0,0.0,
1_+861811+203997,1409.0,17.0,1806.5,1347.0,1172.0,1045.5,1109.5,1200.5,1352.0,1504.0,1368.0,1706.5,397.5,18.325407217217208,77.4178442479971,0.10400912165641785,-0.13767479360103607,0.0,0.0,0.0,
1_+861811+203998,1409.0,17.0,1806.5,1347.0,1207.5,1092.5,1202.5,1200.5,1352.0,1504.0,1519.0,1706.5,397.5,18.32549704874562,77.4178442479971,0.11628397554159164,-0.08532196283340454,0.0,0.0,0.0,
1_+861811+203999,1409.0,17.0,2064.5,1515.0,1210.5,1114.0,1215.5,1311.5,1444.5,1627.0,1577.0,1832.0,397.5,18.32558688027403,77.4178442479971,0.1294984519481659,-0.13373807072639465,0.0,0.0,0.0,
1_+861811+204000,1409.0,17.0,2064.5,1515.0,1217.5,1116.5,1248.5,1311.5,1444.5,1627.0,1570.5,1832.0,397.5,18.325676711802444,77.4178442479971,0.11420917510986328,-0.13577623665332794,0.0,0.0,0.0,
1_+861811+204001,1409.0,17.0,1992.0,1458.5,1203.5,1105.5,1215.5,1275.5,1441.5,1607.5,1559.0,1830.0,397.5,18.325766543330857,77.4178442479971,0.12368985265493393,-0.12203583121299744,0.0,0.0,0.0,
1_+861811+204002,1409.0,17.0,1992.0,1458.5,1183.5,1070.0,1179.5,1275.5,1441.5,1607.5,1600.0,1830.0,397.5,18.325856374859267,77.4178442479971,0.1512231081724167,-0.10917715728282928,0.0,0.0,0.0,
1_+861811+204003,1412.5,16.5,1949.5,1449.0,1176.0,1074.5,1172.5,1251.5,1425.0,1616.5,1676.5,1835.5,408.0,18.32594620638768,77.4178442479971,0.1771608591079712,-0.07528045773506165,0.0,0.0,0.0,
1_+861811+204004,1412.5,16.5,1949.5,1449.0,1213.5,1110.0,1233.5,1251.5,1425.0,1616.5,1597.5,1835.5,408.0,18.326036037916094,77.4178442479971,0.12826931476593018,-0.09947898983955383,0.0,0.0,0.0,
1_+861811+204005,1412.5,16.5,1944.5,1482.5,1212.5,1111.0,1217.0,1232.0,1367.5,1537.0,1496.5,1741.0,408.0,18.326125869444503,77.4178442479971,0.10302818566560745,-0.13015547394752502,0.0,0.0,0.0,
1_+861811+204006,1412.5,16.5,1944.5,1482.5,1194.0,1089.0,1182.0,1232.0,1367.5,1537.0,1470.5,1741.0,408.0,18.326215700972917,77.4178442479971,0.10874990373849869,-0.13877469301223755,0.0,0.0,0.0,
1_+861811+204007,1412.5,16.5,1911.5,1425.0,1188.5,1085.5,1192.5,1223.5,1398.5,1604.0,1502.5,1792.5,408.0,18.326305532501326,77.4178442479971,0.11502334475517273,-0.11977960169315338,0.0,0.0,0.0,
1_+861811+204008,1412.5,16.5,1911.5,1425.0,1175.5,1070.5,1156.0,1223.5,1398.5,1604.0,1534.0,1792.5,408.0,18.32639536402974,77.4178442479971,0.14049474895000458,-0.10954703390598297,0.0,0.0,0.0,
1_+861811+204009,1401.5,16.5,1803.0,1298.0,1172.0,1056.5,1145.5,1236.0,1490.5,1678.5,1524.0,1832.0,380.5,18.326485195558153,77.4178442479971,0.1417682021856308,-0.08392582833766937,0.0,0.0,0.0,
1_+861812+203987,1378.0,16.0,1273.5,959.0,1174.5,1053.5,1108.5,1060.0,1177.5,1269.5,1187.0,1361.5,308.5,18.32450890193309,77.41793407952551,0.03444833680987358,-0.03512763977050781,0.0,0.0,0.0,
1_+861812+203988,1378.0,16.0,1273.5,959.0,1189.0,1072.5,1131.5,1060.0,1177.5,1269.5,1241.0,1361.5,308.5,18.3245987334615,77.41793407952551,0.046129364520311356,-0.012912987731397152,0.0,0.0,0.0,
1_+861812+203989,1445.0,24.0,1245.0,895.0,1209.0,1060.0,1076.0,1023.0,1082.0,1231.0,1166.0,1301.0,250.0,18.324688564989913,77.41793407952551,0.0401427298784256,-0.03276648744940758,0.0,0.0,0.0,
1_+861812+203990,1378.0,16.0,1250.0,939.5,1161.0,1029.0,1072.0,1036.0,1120.5,1236.5,1171.5,1313.5,308.5,18.324778396518326,77.41793407952551,0.0440647266805172,-0.0327194407582283,0.0,0.0,0.0,
1_+861812+203991,1387.5,16.5,1245.5,943.0,1154.5,1028.5,1082.5,1032.0,1098.5,1228.5,1177.0,1303.5,328.0,18.324868228046736,77.41793407952551,0.04166800528764725,-0.028389986604452133,0.0,0.0,0.0,
1_+861812+203992,1387.5,16.5,1245.5,943.0,1155.0,1017.0,1069.5,1032.0,1098.5,1228.5,1172.5,1303.5,328.0,18.32495805957515,77.41793407952551,0.04583204910159111,-0.030271030962467194,0.0,0.0,0.0,
1_+861812+203993,1387.5,16.5,1272.0,955.0,1153.0,1007.5,1044.5,1035.0,1119.5,1245.0,1170.5,1322.0,328.0,18.325047891103562,77.41793407952551,0.056694190949201584,-0.0416862927377224,0.0,0.0,0.0,
1_+861812+203994,1387.5,16.5,1272.0,955.0,1134.5,997.0,1038.5,1035.0,1119.5,1245.0,1150.0,1322.0,328.0,18.325137722631972,77.41793407952551,0.05100303515791893,-0.05035400390625,0.0,0.0,0.0,
1_+861812+203995,1387.5,16.5,1409.5,1064.5,1142.5,1010.0,1042.5,1066.5,1139.5,1278.5,1170.0,1361.0,328.0,18.325227554160385,77.41793407952551,0.05784209445118904,-0.09244400262832642,0.0,0.0,0.0,
1_+861812+203996,1387.5,16.5,1409.5,1064.5,1138.0,1014.0,1054.0,1066.5,1139.5,1278.5,1236.0,1361.0,328.0,18.325317385688795,77.41793407952551,0.07970565557479858,-0.06525396555662155,0.0,0.0,0.0,
1_+861812+203997,1409.0,17.0,1806.5,1347.0,1168.5,1065.0,1125.5,1200.5,1352.0,1504.0,1412.0,1706.5,397.5,18.325407217217208,77.41793407952551,0.11268254369497299,-0.122032530605793,0.0,0.0,0.0,
1_+861812+203998,1409.0,17.0,1806.5,1347.0,1208.0,1109.5,1218.0,1200.5,1352.0,1504.0,1555.5,1706.5,397.5,18.32549704874562,77.41793407952551,0.12170029431581497,-0.07353071123361588,0.0,0.0,0.0,
1_+861812+203999,1409.0,17.0,2064.5,1515.0,1219.0,1126.0,1260.0,1311.5,1444.5,1627.0,1610.5,1832.0,397.5,18.32558688027403,77.41793407952551,0.1220908910036087,-0.12338554859161377,0.0,0.0,0.0,
1_+861812+204000,1409.0,17.0,2064.5,1515.0,1225.5,1132.0,1274.0,1311.5,1444.5,1627.0,1593.5,1832.0,397.5,18.325676711802444,77.41793407952551,0.11138733476400375,-0.12862464785575867,0.0,0.0,0.0,
1_+861812+204001,1409.0,17.0,1992.0,1458.5,1211.0,1121.0,1254.0,1275.5,1441.5,1607.5,1568.0,1830.0,397.5,18.325766543330857,77.41793407952551,0.11102417856454849,-0.11931605637073517,0.0,0.0,0.0,
1_+861812+204002,1409.0,17.0,1992.0,1458.5,1195.0,1100.0,1204.5,1275.5,1441.5,1607.5,1555.5,1830.0,397.5,18.325856374859267,77.41793407952551,0.12720027565956116,-0.12307170033454895,0.0,0.0,0.0,
1_+861812+204003,1412.5,16.5,1949.5,1449.0,1197.5,1093.0,1198.0,1251.5,1425.0,1616.5,1553.0,1835.5,408.0,18.32594620638768,77.41793407952551,0.12903960049152374,-0.11327238380908966,0.0,0.0,0.0,
1_+861812+204004,1412.5,16.5,1949.5,1449.0,1211.0,1101.5,1229.5,1251.5,1425.0,1616.5,1526.0,1835.5,408.0,18.326036037916094,77.41793407952551,0.10760459303855896,-0.12185394763946533,0.0,0.0,0.0,
1_+861812+204005,1412.5,16.5,1944.5,1482.5,1207.5,1097.5,1217.0,1232.0,1367.5,1537.0,1490.5,1741.0,408.0,18.326125869444503,77.41793407952551,0.10105419158935547,-0.1321277916431427,0.0,0.0,0.0,
1_+861812+204006,1412.5,16.5,1944.5,1482.5,1209.0,1092.0,1184.0,1232.0,1367.5,1537.0,1456.0,1741.0,408.0,18.326215700972917,77.41793407952551,0.10299547761678696,-0.14371174573898315,0.0,0.0,0.0,
1_+861812+204007,1412.5,16.5,1911.5,1425.0,1199.5,1090.0,1192.0,1223.5,1398.5,1604.0,1525.0,1792.5,408.0,18.326305532501326,77.41793407952551,0.12237280607223511,-0.11262011528015137,0.0,0.0,0.0,
1_+861812+204008,1412.5,16.5,1911.5,1425.0,1163.0,1060.0,1106.5,1223.5,1398.5,1604.0,1666.0,1792.5,408.0,18.32639536402974,77.41793407952551,0.20151615142822266,-0.06883904337882996,0.0,0.0,0.0,
1_+861812+204009,1464.0,24.0,1789.0,1254.0,1232.0,1100.0,1154.0,1210.0,1460.0,1637.0,1620.0,1818.0,298.0,18.326485195558153,77.41793407952551,0.16798846423625946,-0.049574654549360275,0.0,0.0,0.0,
1_+861813+203987,1378.0,16.0,1277.5,982.0,1174.0,1054.5,1112.5,1116.0,1175.5,1291.0,1192.5,1344.0,308.5,18.32450890193309,77.41802391105392,0.03479534760117531,-0.03438893333077431,0.0,0.0,0.0,
1_+861813+203988,1378.0,16.0,1277.5,982.0,1169.0,1071.5,1128.5,1116.0,1175.5,1291.0,1225.0,1344.0,308.5,18.3245987334615,77.41802391105392,0.04110517352819443,-0.020955078303813934,0.0,0.0,0.0,
1_+861813+203989,1378.0,16.0,1273.0,987.0,1166.5,1068.0,1130.5,1118.0,1192.0,1299.0,1211.5,1350.0,308.5,18.324688564989913,77.41802391105392,0.03460999205708504,-0.024779818952083588,0.0,0.0,0.0,
1_+861813+203990,1378.0,16.0,1273.0,987.0,1170.5,1061.5,1134.0,1118.0,1192.0,1299.0,1187.0,1350.0,308.5,18.324778396518326,77.41802391105392,0.022825349122285843,-0.03498392552137375,0.0,0.0,0.0,
1_+861813+203991,1387.5,16.5,1297.5,1002.0,1178.0,1064.0,1125.0,1105.0,1187.0,1283.0,1201.0,1351.5,328.0,18.324868228046736,77.41802391105392,0.03264028578996658,-0.038580868393182755,0.0,0.0,0.0,
1_+861813+203992,1387.5,16.5,1297.5,1002.0,1180.0,1063.5,1115.0,1105.0,1187.0,1283.0,1216.5,1351.5,328.0,18.32495805957515,77.41802391105392,0.043537288904190063,-0.032189637422561646,0.0,0.0,0.0,
1_+861813+203993,1387.5,16.5,1358.0,1042.0,1171.0,1068.0,1112.0,1112.5,1210.0,1316.0,1223.0,1395.5,328.0,18.325047891103562,77.41802391105392,0.04746514931321144,-0.05225420370697975,0.0,0.0,0.0,
1_+861813+203994,1387.5,16.5,1358.0,1042.0,1170.5,1068.5,1119.5,1112.5,1210.0,1316.0,1248.5,1395.5,328.0,18.325137722631972,77.41802391105392,0.05431007221341133,-0.04204108938574791,0.0,0.0,0.0,
1_+861813+203995,1387.5,16.5,1519.5,1152.5,1185.0,1069.5,1135.5,1159.0,1279.0,1426.5,1263.5,1523.5,328.0,18.325227554160385,77.41802391105392,0.05318213999271393,-0.09171810001134872,0.0,0.0,0.0,
1_+861813+203996,1387.5,16.5,1519.5,1152.5,1169.5,1058.0,1111.0,1159.0,1279.0,1426.5,1324.0,1523.5,328.0,18.325317385688795,77.41802391105392,0.08747080713510513,-0.06839096546173096,0.0,0.0,0.0,
1_+861813+203997,1409.0,17.0,1858.5,1361.5,1189.0,1078.5,1143.5,1249.0,1424.5,1586.0,1470.5,1802.0,397.5,18.325407217217208,77.41802391105392,0.1258695274591446,-0.11567452549934387,0.0,0.0,0.0,
1_+861813+203998,1409.0,17.0,1858.5,1361.5,1208.0,1115.5,1221.0,1249.0,1424.5,1586.0,1617.0,1802.0,397.5,18.32549704874562,77.41802391105392,0.13981349766254425,-0.06850671768188477,0.0,0.0,0.0,
1_+861813+203999,1409.0,17.0,2031.5,1496.0,1224.5,1129.0,1271.5,1316.0,1461.0,1660.5,1604.0,1878.0,397.5,18.32558688027403,77.41802391105392,0.11568418145179749,-0.11744609475135803,0.0,0.0,0.0,
1_+861813+204000,1409.0,17.0,2031.5,1496.0,1234.5,1145.0,1286.5,1316.0,1461.0,1660.5,1618.5,1878.0,397.5,18.325676711802444,77.41802391105392,0.1143050342798233,-0.11298812925815582,0.0,0.0,0.0,
1_+861813+204001,1409.0,17.0,1916.0,1421.0,1228.5,1135.0,1270.5,1251.5,1398.0,1561.0,1586.5,1764.0,397.5,18.325766543330857,77.41802391105392,0.11031506955623627,-0.09436260163784027,0.0,0.0,0.0,
1_+861813+204002,1409.0,17.0,1916.0,1421.0,1205.5,1113.0,1220.5,1251.5,1398.0,1561.0,1499.5,1764.0,397.5,18.325856374859267,77.41802391105392,0.10232692956924438,-0.12237522006034851,0.0,0.0,0.0,
1_+861813+204003,1412.5,16.5,1838.0,1372.0,1186.5,1073.5,1180.0,1201.0,1320.0,1464.0,1441.5,1651.0,408.0,18.32594620638768,77.41802391105392,0.09960759431123734,-0.12096767872571945,0.0,0.0,0.0,
1_+861813+204004,1412.5,16.5,1838.0,1372.0,1183.0,1070.0,1169.5,1201.0,1320.0,1464.0,1426.0,1651.0,408.0,18.326036037916094,77.41802391105392,0.09885670244693756,-0.12618876993656158,0.0,0.0,0.0,
1_+861813+204005,1412.5,16.5,1855.5,1417.0,1190.0,1072.0,1170.5,1184.0,1314.5,1474.0,1426.5,1673.0,408.0,18.326125869444503,77.41802391105392,0.09864013642072678,-0.13055798411369324,0.0,0.0,0.0,
1_+861813+204006,1412.5,16.5,1855.5,1417.0,1191.5,1074.5,1173.0,1184.0,1314.5,1474.0,1432.5,1673.0,408.0,18.326215700972917,77.41802391105392,0.09960264712572098,-0.12858477234840393,0.0,0.0,0.0,
1_+861813+204007,1412.5,16.5,1880.5,1415.0,1186.5,1074.0,1152.0,1185.0,1359.0,1524.0,1470.0,1722.0,408.0,18.326305532501326,77.41802391105392,0.1209537535905838,-0.1227860301733017,0.0,0.0,0.0,
1_+861813+204008,1412.5,16.5,1880.5,1415.0,1162.5,1069.5,1128.0,1185.0,1359.0,1524.0,1559.5,1722.0,408.0,18.32639536402974,77.41802391105392,0.15957465767860413,-0.09414049983024597,0.0,0.0,0.0,
1_+861814+203986,1378.0,16.0,1257.5,966.5,1160.0,1041.0,1083.5,1091.5,1176.0,1280.5,1190.5,1339.0,308.5,18.324419070404677,77.41811374258234,0.04713771492242813,-0.027413440868258476,0.0,0.0,0.0,
1_+861814+203987,1378.0,16.0,1277.5,982.0,1167.0,1046.5,1107.0,1116.0,1175.5,1291.0,1182.0,1344.0,308.5,18.32450890193309,77.41811374258234,0.03264487534761429,-0.038964271545410156,0.0,0.0,0.0,
1_+861814+203988,1378.0,16.0,1277.5,982.0,1164.5,1048.5,1111.5,1116.0,1175.5,1291.0,1197.5,1344.0,308.5,18.3245987334615,77.41811374258234,0.03707844763994217,-0.03245130181312561,0.0,0.0,0.0,
1_+861814+203989,1378.0,16.0,1273.0,987.0,1158.5,1050.0,1109.0,1118.0,1192.0,1299.0,1199.5,1350.0,308.5,18.324688564989913,77.41811374258234,0.03914525732398033,-0.029802965000271797,0.0,0.0,0.0,
1_+861814+203990,1378.0,16.0,1273.0,987.0,1160.5,1061.5,1108.0,1118.0,1192.0,1299.0,1189.5,1350.0,308.5,18.324778396518326,77.41811374258234,0.03543180227279663,-0.03395773097872734,0.0,0.0,0.0,
1_+861814+203991,1387.5,16.5,1297.5,1002.0,1165.0,1055.0,1102.0,1105.0,1187.0,1283.0,1198.5,1351.5,328.0,18.324868228046736,77.41811374258234,0.04192501679062843,-0.03961485996842384,0.0,0.0,0.0,
1_+861814+203992,1387.5,16.5,1297.5,1002.0,1177.0,1050.0,1101.0,1105.0,1187.0,1283.0,1180.0,1351.5,328.0,18.32495805957515,77.41811374258234,0.0346759669482708,-0.04737568646669388,0.0,0.0,0.0,
1_+861814+203993,1387.5,16.5,1358.0,1042.0,1182.5,1065.0,1127.0,1112.5,1210.0,1316.0,1217.5,1395.5,328.0,18.325047891103562,77.41811374258234,0.03866920247673988,-0.05444180220365524,0.0,0.0,0.0,
1_+861814+203994,1387.5,16.5,1358.0,1042.0,1198.5,1100.5,1166.5,1112.5,1210.0,1316.0,1273.0,1395.5,328.0,18.325137722631972,77.41811374258234,0.04370865225791931,-0.032200925052165985,0.0,0.0,0.0,
1_+861814+203995,1387.5,16.5,1519.5,1152.5,1219.0,1128.0,1199.0,1159.0,1279.0,1426.5,1318.0,1523.5,328.0,18.325227554160385,77.41811374258234,0.047160591930150986,-0.07072123885154724,0.0,0.0,0.0,
1_+861814+203996,1387.5,16.5,1519.5,1152.5,1200.5,1115.5,1167.5,1159.0,1279.0,1426.5,1416.5,1523.5,328.0,18.325317385688795,77.41811374258234,0.09642720967531204,-0.03474539518356323,0.0,0.0,0.0,
1_+861814+203997,1409.0,17.0,1858.5,1361.5,1191.0,1090.5,1149.0,1249.0,1424.5,1586.0,1524.0,1802.0,397.5,18.325407217217208,77.41811374258234,0.14060162007808685,-0.0980701670050621,0.0,0.0,0.0,
1_+861814+203998,1409.0,17.0,1858.5,1361.5,1205.0,1100.0,1200.0,1249.0,1424.5,1586.0,1571.5,1802.0,397.5,18.32549704874562,77.41811374258234,0.1342121809720993,-0.08267993479967117,0.0,0.0,0.0,
1_+861814+203999,1409.0,17.0,2031.5,1496.0,1214.0,1118.0,1248.0,1316.0,1461.0,1660.5,1580.0,1878.0,397.5,18.32558688027403,77.41811374258234,0.11754834651947021,-0.12489571422338486,0.0,0.0,0.0,
1_+861814+204000,1409.0,17.0,2031.5,1496.0,1221.0,1135.0,1262.5,1316.0,1461.0,1660.5,1615.5,1878.0,397.5,18.325676711802444,77.41811374258234,0.12275075167417526,-0.11389794200658798,0.0,0.0,0.0,
1_+861814+204001,1409.0,17.0,1916.0,1421.0,1215.0,1110.5,1230.0,1251.5,1398.0,1561.0,1537.0,1764.0,397.5,18.325766543330857,77.41811374258234,0.11072472482919693,-0.10991901904344559,0.0,0.0,0.0,
1_+861814+204002,1409.0,17.0,1916.0,1421.0,1193.0,1086.5,1177.0,1251.5,1398.0,1561.0,1457.5,1764.0,397.5,18.325856374859267,77.41811374258234,0.10624697804450989,-0.13607579469680786,0.0,0.0,0.0,
1_+861814+204003,1412.5,16.5,1838.0,1372.0,1179.0,1054.0,1153.0,1201.0,1320.0,1464.0,1418.5,1651.0,408.0,18.32594620638768,77.41811374258234,0.10319093614816666,-0.12882545590400696,0.0,0.0,0.0,
1_+861814+204004,1412.5,16.5,1838.0,1372.0,1171.0,1054.5,1152.5,1201.0,1320.0,1464.0,1400.5,1651.0,408.0,18.326036037916094,77.41811374258234,0.09723407030105591,-0.135074645280838,0.0,0.0,0.0,
1_+861814+204005,1412.5,16.5,1855.5,1417.0,1176.0,1060.5,1153.0,1184.0,1314.5,1474.0,1405.0,1673.0,408.0,18.326125869444503,77.41811374258234,0.09854231029748917,-0.13798491656780243,0.0,0.0,0.0,
1_+861814+204006,1412.5,16.5,1855.5,1417.0,1182.0,1066.5,1154.0,1184.0,1314.5,1474.0,1421.5,1673.0,408.0,18.326215700972917,77.41811374258234,0.10391388088464737,-0.13227060437202454,0.0,0.0,0.0,
1_+861814+204007,1412.5,16.5,1880.5,1415.0,1180.0,1065.0,1145.0,1185.0,1359.0,1524.0,1410.0,1722.0,408.0,18.326305532501326,77.41811374258234,0.10376086086034775,-0.1429397165775299,0.0,0.0,0.0,
1_+861814+204008,1412.5,16.5,1880.5,1415.0,1181.0,1056.0,1147.5,1185.0,1359.0,1524.0,1406.0,1722.0,408.0,18.32639536402974,77.41811374258234,0.10128781199455261,-0.1443122774362564,0.0,0.0,0.0,
1_+861815+203986,1388.0,16.0,1279.5,978.0,1148.5,1046.5,1081.0,1078.0,1165.5,1273.0,1205.5,1342.5,311.0,18.324419070404677,77.41820357411075,0.054481420665979385,-0.029901688918471336,0.0,0.0,0.0,
1_+861815+203987,1388.0,16.0,1255.5,971.5,1159.0,1050.5,1096.0,1072.0,1157.0,1259.5,1171.0,1343.5,311.0,18.32450890193309,77.41820357411075,0.033105965703725815,-0.034943677484989166,0.0,0.0,0.0,
1_+861815+203988,1388.0,16.0,1255.5,971.5,1158.0,1052.5,1105.5,1072.0,1157.0,1259.5,1180.5,1343.5,311.0,18.3245987334615,77.41820357411075,0.032686587423086166,-0.03090209700167179,0.0,0.0,0.0,
1_+861815+203989,1388.0,16.0,1247.0,956.5,1159.0,1052.0,1095.0,1065.5,1150.0,1238.0,1177.5,1313.5,311.0,18.324688564989913,77.41820357411075,0.03642725199460983,-0.02869739755988121,0.0,0.0,0.0,
1_+861815+203990,1388.0,16.0,1247.0,956.5,1162.0,1057.0,1084.5,1065.5,1150.0,1238.0,1160.5,1313.5,311.0,18.324778396518326,77.41820357411075,0.03400393947958946,-0.035967495292425156,0.0,0.0,0.0,
1_+861815+203991,1396.0,18.0,1274.5,972.5,1152.0,1043.0,1081.0,1084.5,1162.0,1251.5,1169.0,1331.0,326.0,18.324868228046736,77.41820357411075,0.039091624319553375,-0.04322391748428345,0.0,0.0,0.0,
1_+861815+203992,1396.0,18.0,1274.5,972.5,1163.5,1038.0,1094.0,1084.5,1162.0,1251.5,1176.0,1331.0,326.0,18.32495805957515,77.41820357411075,0.03621644899249077,-0.04019154980778694,0.0,0.0,0.0,
1_+861815+203993,1396.0,18.0,1353.5,1034.0,1177.5,1059.5,1125.0,1125.5,1209.0,1326.0,1212.5,1393.5,326.0,18.325047891103562,77.41820357411075,0.037524715065956116,-0.05479063093662262,0.0,0.0,0.0,
1_+861815+203994,1396.0,18.0,1353.5,1034.0,1190.0,1094.5,1166.5,1125.5,1209.0,1326.0,1256.5,1393.5,326.0,18.325137722631972,77.41820357411075,0.03720083087682724,-0.03701271116733551,0.0,0.0,0.0,
1_+861815+203995,1396.0,18.0,1511.0,1138.0,1208.0,1131.5,1204.5,1195.5,1299.0,1434.0,1324.5,1532.0,326.0,18.325227554160385,77.41820357411075,0.047427814453840256,-0.0654802918434143,0.0,0.0,0.0,
1_+861815+203996,1396.0,18.0,1511.0,1138.0,1208.0,1122.5,1206.5,1195.5,1299.0,1434.0,1394.0,1532.0,326.0,18.325317385688795,77.41820357411075,0.07213971763849258,-0.039955317974090576,0.0,0.0,0.0,
1_+861815+203997,1401.0,16.5,1722.5,1253.0,1197.5,1084.5,1173.5,1215.5,1378.5,1526.0,1509.0,1689.5,367.5,18.325407217217208,77.41820357411075,0.12490633875131607,-0.06570111215114594,0.0,0.0,0.0,
1_+861815+203998,1401.0,16.5,1722.5,1253.0,1169.0,1059.0,1155.0,1215.5,1378.5,1526.0,1536.0,1689.5,367.5,18.32549704874562,77.41820357411075,0.14233048260211945,-0.05686945468187332,0.0,0.0,0.0,
1_+861815+203999,1401.0,16.5,1830.0,1332.0,1191.5,1076.0,1197.0,1245.0,1397.0,1570.5,1538.5,1750.5,367.5,18.32558688027403,77.41820357411075,0.12499825656414032,-0.08646245300769806,0.0,0.0,0.0,
1_+861815+204000,1401.0,16.5,1830.0,1332.0,1198.5,1088.0,1209.5,1245.0,1397.0,1570.5,1567.0,1750.5,367.5,18.325676711802444,77.41820357411075,0.12891270220279694,-0.07702849805355072,0.0,0.0,0.0,
1_+861815+204001,1401.0,16.5,1763.5,1286.5,1190.5,1062.5,1171.0,1179.5,1351.0,1517.0,1485.0,1706.5,367.5,18.325766543330857,77.41820357411075,0.11811302602291107,-0.08576516807079315,0.0,0.0,0.0,
1_+861815+204002,1401.0,16.5,1763.5,1286.5,1176.5,1043.5,1136.5,1179.5,1351.0,1517.0,1409.0,1706.5,367.5,18.325856374859267,77.41820357411075,0.10695023089647293,-0.1117592304944992,0.0,0.0,0.0,
1_+861815+204003,1396.0,16.0,1751.5,1279.5,1168.0,1044.5,1121.5,1153.5,1272.0,1442.0,1373.0,1621.5,384.0,18.32594620638768,77.41820357411075,0.10084418952465057,-0.12105321884155273,0.0,0.0,0.0,
1_+861815+204004,1396.0,16.0,1751.5,1279.5,1170.0,1053.0,1126.0,1153.5,1272.0,1442.0,1370.5,1621.5,384.0,18.326036037916094,77.41820357411075,0.0980028435587883,-0.1219867691397667,0.0,0.0,0.0,
1_+861815+204005,1396.0,16.0,1807.5,1367.0,1178.0,1065.5,1155.5,1164.5,1282.5,1436.0,1403.0,1620.5,384.0,18.326125869444503,77.41820357411075,0.09682720899581909,-0.12582996487617493,0.0,0.0,0.0,
1_+861815+204006,1396.0,16.0,1807.5,1367.0,1191.0,1069.5,1151.5,1164.5,1282.5,1436.0,1407.5,1620.5,384.0,18.326215700972917,77.41820357411075,0.1002025380730629,-0.12415957450866699,0.0,0.0,0.0,
1_+861815+204007,1396.0,16.0,1876.0,1425.5,1185.0,1062.0,1132.5,1181.0,1296.0,1473.5,1392.0,1635.0,384.0,18.326305532501326,77.41820357411075,0.1029081642627716,-0.1477968990802765,0.0,0.0,0.0,
1_+861815+204008,1396.0,16.0,1876.0,1425.5,1177.5,1061.0,1144.5,1181.0,1296.0,1473.5,1425.0,1635.0,384.0,18.32639536402974,77.41820357411075,0.1092156246304512,-0.1364200860261917,0.0,0.0,0.0,
1_+861816+203986,1388.0,16.0,1279.5,978.0,1141.0,1041.5,1072.0,1078.0,1165.5,1273.0,1181.5,1342.5,311.0,18.324419070404677,77.41829340563916,0.048660293221473694,-0.03984443098306656,0.0,0.0,0.0,
1_+861816+203987,1388.0,16.0,1255.5,971.5,1154.0,1039.5,1074.0,1072.0,1157.0,1259.5,1178.0,1343.5,311.0,18.32450890193309,77.41829340563916,0.04619840905070305,-0.03186050057411194,0.0,0.0,0.0,
1_+861816+203988,1388.0,16.0,1255.5,971.5,1139.0,1017.0,1057.5,1072.0,1157.0,1259.5,1179.0,1343.5,311.0,18.3245987334615,77.41829340563916,0.054219525307416916,-0.03152357041835785,0.0,0.0,0.0,
1_+861816+203989,1388.0,16.0,1247.0,956.5,1133.5,1006.0,1037.0,1065.5,1150.0,1238.0,1146.0,1313.5,311.0,18.324688564989913,77.41829340563916,0.0500631146132946,-0.04221276938915253,0.0,0.0,0.0,
1_+861816+203990,1388.0,16.0,1247.0,956.5,1146.5,1015.0,1051.5,1065.5,1150.0,1238.0,1129.5,1313.5,311.0,18.324778396518326,77.41829340563916,0.03592683747410774,-0.04946412146091461,0.0,0.0,0.0,
1_+861816+203991,1396.0,18.0,1274.5,972.5,1140.5,1028.5,1077.0,1084.5,1162.0,1251.5,1147.5,1331.0,326.0,18.324868228046736,77.41829340563916,0.03179202601313591,-0.05243178457021713,0.0,0.0,0.0,
1_+861816+203992,1396.0,18.0,1274.5,972.5,1157.0,1040.5,1089.0,1084.5,1162.0,1251.5,1181.5,1331.0,326.0,18.32495805957515,77.41829340563916,0.040818728506565094,-0.037860579788684845,0.0,0.0,0.0,
1_+861816+203993,1396.0,18.0,1353.5,1034.0,1161.5,1060.0,1106.5,1125.5,1209.0,1326.0,1188.0,1393.5,326.0,18.325047891103562,77.41829340563916,0.03558681160211563,-0.06495857238769531,0.0,0.0,0.0,
1_+861816+203994,1396.0,18.0,1353.5,1034.0,1173.0,1081.5,1139.0,1125.5,1209.0,1326.0,1218.0,1393.5,326.0,18.325137722631972,77.41829340563916,0.03366950899362564,-0.052541106939315796,0.0,0.0,0.0,
1_+861816+203995,1396.0,18.0,1511.0,1138.0,1208.5,1118.5,1184.0,1195.5,1299.0,1434.0,1285.0,1532.0,326.0,18.325227554160385,77.41829340563916,0.04101395979523659,-0.08050617575645447,0.0,0.0,0.0,
1_+861816+203996,1396.0,18.0,1511.0,1138.0,1223.5,1120.0,1204.5,1195.5,1299.0,1434.0,1351.5,1532.0,326.0,18.325317385688795,77.41829340563916,0.057512663304805756,-0.055399298667907715,0.0,0.0,0.0,
1_+861816+203997,1401.0,16.5,1722.5,1253.0,1184.5,1101.0,1149.0,1215.5,1378.5,1526.0,1453.0,1689.5,367.5,18.325407217217208,77.41829340563916,0.11669406294822693,-0.08436905592679977,0.0,0.0,0.0,
1_+861816+203998,1401.0,16.5,1722.5,1253.0,1162.0,1084.5,1111.5,1215.5,1378.5,1526.0,1463.0,1689.5,367.5,18.32549704874562,77.41829340563916,0.13691046833992004,-0.08101611584424973,0.0,0.0,0.0,
1_+861816+203999,1401.0,16.5,1830.0,1332.0,1198.0,1088.5,1165.5,1245.0,1397.0,1570.5,1498.5,1750.5,367.5,18.32558688027403,77.41829340563916,0.12540042400360107,-0.09939153492450714,0.0,0.0,0.0,
1_+861816+204000,1401.0,16.5,1830.0,1332.0,1196.5,1102.0,1185.5,1245.0,1397.0,1570.5,1539.5,1750.5,367.5,18.325676711802444,77.41829340563916,0.13032251596450806,-0.08599437773227692,0.0,0.0,0.0,
1_+861816+204001,1401.0,16.5,1763.5,1286.5,1190.5,1066.0,1147.0,1179.5,1351.0,1517.0,1517.5,1706.5,367.5,18.325766543330857,77.41829340563916,0.1390257030725479,-0.07495542615652084,0.0,0.0,0.0,
1_+861816+204002,1401.0,16.5,1763.5,1286.5,1157.0,1023.0,1056.0,1179.5,1351.0,1517.0,1435.0,1706.5,367.5,18.325856374859267,77.41829340563916,0.15208286046981812,-0.10278605669736862,0.0,0.0,0.0,
1_+861816+204003,1396.0,16.0,1751.5,1279.5,1145.0,1018.0,1061.0,1153.5,1272.0,1442.0,1374.5,1621.5,384.0,18.32594620638768,77.41829340563916,0.12928669154644012,-0.12050781399011612,0.0,0.0,0.0,
1_+861816+204004,1396.0,16.0,1751.5,1279.5,1161.5,1033.0,1123.0,1153.5,1272.0,1442.0,1387.5,1621.5,384.0,18.326036037916094,77.41829340563916,0.10540872067213058,-0.11586712300777435,0.0,0.0,0.0,
1_+861816+204005,1396.0,16.0,1807.5,1367.0,1173.0,1049.0,1125.5,1164.5,1282.5,1436.0,1382.0,1620.5,384.0,18.326125869444503,77.41829340563916,0.10236169397830963,-0.133182555437088,0.0,0.0,0.0,
1_+861816+204006,1396.0,16.0,1807.5,1367.0,1180.0,1045.5,1126.5,1164.5,1282.5,1436.0,1393.5,1620.5,384.0,18.326215700972917,77.41829340563916,0.10583227872848511,-0.12925338745117188,0.0,0.0,0.0,
1_+861816+204007,1396.0,16.0,1876.0,1425.5,1183.0,1049.0,1139.5,1181.0,1296.0,1473.5,1396.0,1635.0,384.0,18.326305532501326,77.41829340563916,0.101201131939888,-0.14643003046512604,0.0,0.0,0.0,
1_+861817+203986,1388.0,16.0,1291.0,983.0,1142.5,1019.0,1050.5,1083.0,1146.0,1273.0,1138.0,1326.5,311.0,18.324419070404677,77.41838323716757,0.04014419764280319,-0.06302560120820999,0.0,0.0,0.0,
1_+861817+203987,1388.0,16.0,1266.5,972.5,1145.0,1035.5,1068.5,1067.0,1144.0,1256.0,1169.5,1344.0,311.0,18.32450890193309,77.41838323716757,0.04534125700592995,-0.03981194645166397,0.0,0.0,0.0,
1_+861817+203988,1388.0,16.0,1266.5,972.5,1156.0,1029.0,1070.5,1067.0,1144.0,1256.0,1186.0,1344.0,311.0,18.3245987334615,77.41838323716757,0.05110575258731842,-0.03296352177858353,0.0,0.0,0.0,
1_+861817+203989,1388.0,16.0,1289.0,983.0,1154.0,1033.0,1052.5,1094.0,1174.0,1293.5,1174.0,1348.0,311.0,18.324688564989913,77.41838323716757,0.054314520210027695,-0.04696762561798096,0.0,0.0,0.0,
1_+861817+203990,1388.0,16.0,1289.0,983.0,1150.5,1030.5,1063.0,1094.0,1174.0,1293.5,1196.5,1348.0,311.0,18.324778396518326,77.41838323716757,0.05901099741458893,-0.03729357197880745,0.0,0.0,0.0,
1_+861817+203991,1396.0,18.0,1296.0,987.5,1140.5,1040.5,1047.5,1095.5,1187.5,1311.0,1208.0,1375.0,326.0,18.324868228046736,77.41838323716757,0.07116573303937912,-0.035302791744470596,0.0,0.0,0.0,
1_+861817+203992,1396.0,18.0,1296.0,987.5,1166.5,1046.0,1083.5,1095.5,1187.5,1311.0,1201.0,1375.0,326.0,18.32495805957515,77.41838323716757,0.05125609412789345,-0.03822766989469528,0.0,0.0,0.0,
1_+861817+203993,1396.0,18.0,1352.0,1026.5,1160.0,1037.0,1088.5,1115.5,1207.0,1316.0,1203.0,1397.5,326.0,18.325047891103562,77.41838323716757,0.04989377036690712,-0.05829550325870514,0.0,0.0,0.0,
1_+861817+203994,1396.0,18.0,1352.0,1026.5,1165.0,1055.0,1117.5,1115.5,1207.0,1316.0,1215.0,1397.5,326.0,18.325137722631972,77.41838323716757,0.04208497330546379,-0.053280461579561234,0.0,0.0,0.0,
1_+861817+203995,1396.0,18.0,1415.5,1081.0,1201.0,1102.5,1168.5,1172.5,1260.5,1389.5,1257.5,1473.5,326.0,18.325227554160385,77.41838323716757,0.036839358508586884,-0.059095218777656555,0.0,0.0,0.0,
1_+861817+203996,1396.0,18.0,1415.5,1081.0,1204.0,1111.5,1174.0,1172.5,1260.5,1389.5,1298.5,1473.5,326.0,18.325317385688795,77.41838323716757,0.05029270425438881,-0.043152473866939545,0.0,0.0,0.0,
1_+861817+203997,1401.0,16.5,1414.0,1083.5,1191.0,1072.0,1148.0,1145.0,1275.0,1405.0,1296.0,1504.5,367.5,18.325407217217208,77.41838323716757,0.06049947813153267,-0.043582964688539505,0.0,0.0,0.0,
1_+861817+203998,1401.0,16.5,1414.0,1083.5,1181.0,1084.5,1146.0,1145.0,1275.0,1405.0,1279.0,1504.5,367.5,18.32549704874562,77.41838323716757,0.0547885000705719,-0.05018363893032074,0.0,0.0,0.0,
1_+861817+203999,1401.0,16.5,1474.5,1093.0,1191.5,1081.5,1170.5,1136.0,1241.5,1386.5,1316.5,1484.0,367.5,18.32558688027403,77.41838323716757,0.05865304544568062,-0.05665453523397446,0.0,0.0,0.0,
1_+861817+204000,1401.0,16.5,1474.5,1093.0,1194.0,1088.5,1152.0,1136.0,1241.5,1386.5,1351.5,1484.0,367.5,18.325676711802444,77.41838323716757,0.07966948300600052,-0.04353979229927063,0.0,0.0,0.0,
1_+861817+204001,1401.0,16.5,1587.5,1135.5,1172.0,1060.0,1105.0,1152.5,1389.0,1577.0,1420.5,1736.0,367.5,18.325766543330857,77.41838323716757,0.12490569055080414,-0.055349502712488174,0.0,0.0,0.0,
1_+861817+204002,1401.0,16.5,1587.5,1135.5,1152.5,1045.0,1058.5,1152.5,1389.0,1577.0,1475.0,1736.0,367.5,18.325856374859267,77.41838323716757,0.16449783742427826,-0.03660660237073898,0.0,0.0,0.0,
1_+861817+204003,1464.0,23.0,1708.0,1170.0,1226.0,1114.0,1161.0,1159.0,1452.0,1680.0,1558.0,1861.0,302.0,18.32594620638768,77.41838323716757,0.14600956439971924,-0.0459277406334877,0.0,0.0,0.0,
1_+861817+204004,1464.0,23.0,1708.0,1170.0,1213.0,1093.0,1149.0,1159.0,1452.0,1680.0,1492.0,1861.0,302.0,18.326036037916094,77.41838323716757,0.129875048995018,-0.06750000268220901,0.0,0.0,0.0,
1_+861817+204005,1396.0,16.0,1687.0,1203.5,1140.5,1031.5,1079.5,1144.5,1374.5,1578.5,1498.5,1767.5,384.0,18.326125869444503,77.41838323716757,0.1622125208377838,-0.05924677476286888,0.0,0.0,0.0,
1_+861817+204006,1396.0,16.0,1687.0,1203.5,1150.0,1023.0,1074.0,1144.5,1374.5,1578.5,1476.0,1767.5,384.0,18.326215700972917,77.41838323716757,0.15819816291332245,-0.06658143550157547,0.0,0.0,0.0,
1_+861817+204007,1396.0,16.0,1787.5,1285.5,1180.5,1055.5,1148.0,1194.5,1376.5,1565.5,1507.0,1757.5,384.0,18.326305532501326,77.41838323716757,0.13561028242111206,-0.08431953191757202,0.0,0.0,0.0,
1_+861818+203989,1388.0,16.0,1289.0,983.0,1163.5,1048.0,1104.5,1094.0,1174.0,1293.5,1197.0,1348.0,311.0,18.324688564989913,77.41847306869599,0.04032615199685097,-0.03704502061009407,0.0,0.0,0.0,
1_+861818+203990,1388.0,16.0,1289.0,983.0,1164.5,1056.0,1115.0,1094.0,1174.0,1293.5,1220.0,1348.0,311.0,18.324778396518326,77.41847306869599,0.04497680068016052,-0.027501476928591728,0.0,0.0,0.0,
1_+861818+203991,1396.0,18.0,1296.0,987.5,1166.5,1056.5,1107.5,1095.5,1187.5,1311.0,1220.0,1375.0,326.0,18.324868228046736,77.41847306869599,0.048439621925354004,-0.030206676572561264,0.0,0.0,0.0,
1_+861818+203992,1396.0,18.0,1296.0,987.5,1174.5,1060.5,1113.0,1095.5,1187.5,1311.0,1209.5,1375.0,326.0,18.32495805957515,77.41847306869599,0.041489843279123306,-0.03457767516374588,0.0,0.0,0.0,
1_+861818+203993,1396.0,18.0,1352.0,1026.5,1162.0,1054.0,1090.5,1115.5,1207.0,1316.0,1224.0,1397.5,326.0,18.325047891103562,77.41847306869599,0.05766149237751961,-0.049614954739809036,0.0,0.0,0.0,
1_+861818+203994,1396.0,18.0,1352.0,1026.5,1170.0,1058.5,1108.5,1115.5,1207.0,1316.0,1257.5,1397.5,326.0,18.325137722631972,77.41847306869599,0.06333476305007935,-0.036142438650131226,0.0,0.0,0.0,
1_+861818+203995,1396.0,18.0,1415.5,1081.0,1189.0,1086.5,1145.0,1172.5,1260.5,1389.5,1302.5,1473.5,326.0,18.325227554160385,77.41847306869599,0.06436324119567871,-0.04156399890780449,0.0,0.0,0.0,
1_+861818+203996,1396.0,18.0,1415.5,1081.0,1176.5,1076.5,1096.5,1172.5,1260.5,1389.5,1309.5,1473.5,326.0,18.325317385688795,77.41847306869599,0.08809632062911987,-0.03927947208285332,0.0,0.0,0.0,
1_+861818+203997,1401.0,16.5,1414.0,1083.5,1180.0,1054.5,1093.5,1145.0,1275.0,1405.0,1276.5,1504.5,367.5,18.325407217217208,77.41847306869599,0.0768854171037674,-0.051744669675827026,0.0,0.0,0.0,
1_+861818+203998,1401.0,16.5,1414.0,1083.5,1175.5,1071.0,1120.0,1145.0,1275.0,1405.0,1238.5,1504.5,367.5,18.32549704874562,77.41847306869599,0.05018565431237221,-0.06625407189130783,0.0,0.0,0.0,
1_+861818+203999,1401.0,16.5,1474.5,1093.0,1163.5,1055.5,1112.0,1136.0,1241.5,1386.5,1218.5,1484.0,367.5,18.32558688027403,77.41847306869599,0.04562012851238251,-0.09512756764888763,0.0,0.0,0.0,
1_+861818+204000,1401.0,16.5,1474.5,1093.0,1159.5,1041.5,1095.0,1136.0,1241.5,1386.5,1226.5,1484.0,367.5,18.325676711802444,77.41847306869599,0.056737061589956284,-0.09181703627109528,0.0,0.0,0.0,
1_+861818+204001,1401.0,16.5,1587.5,1135.5,1173.0,1052.0,1112.5,1152.5,1389.0,1577.0,1300.5,1736.0,367.5,18.325766543330857,77.41847306869599,0.07787610590457916,-0.09930896759033203,0.0,0.0,0.0,
1_+861818+204002,1335.0,9.0,1544.0,1161.0,1137.0,1057.0,1101.0,1151.0,1393.0,1525.0,1401.0,1683.0,444.0,18.325856374859267,77.41847306869599,0.11990407854318619,-0.04855687543749809,0.0,0.0,0.0,
1_+861818+204003,,,,,,,,,,,,,,18.32594620638768,77.41847306869599,,,,,,
1_+861818+204004,1464.0,23.0,1708.0,1170.0,1208.0,1092.0,1118.0,1159.0,1452.0,1680.0,1576.0,1861.0,302.0,18.326036037916094,77.41847306869599,0.17000742256641388,-0.040194883942604065,0.0,0.0,0.0,
1_+861818+204005,1396.0,16.0,1687.0,1203.5,1121.0,1020.5,999.0,1144.5,1374.5,1578.5,1541.0,1767.5,384.0,18.326125869444503,77.41847306869599,0.21214888989925385,-0.04606717824935913,0.0,0.0,0.0,
1_+861818+204006,1396.0,16.0,1687.0,1203.5,1113.0,1006.5,988.5,1144.5,1374.5,1578.5,1552.0,1767.5,384.0,18.326215700972917,77.41847306869599,0.2227948158979416,-0.04156550019979477,0.0,0.0,0.0,
1_+861818+204007,1396.0,16.0,1787.5,1285.5,1174.5,1075.5,1121.5,1194.5,1376.5,1565.5,1541.0,1757.5,384.0,18.326305532501326,77.41847306869599,0.15870389342308044,-0.07322505116462708,0.0,0.0,0.0,
1_+861819+203992,1396.0,18.0,1263.0,968.0,1166.5,1054.5,1109.0,1090.5,1166.5,1274.5,1197.5,1329.5,326.0,18.32495805957515,77.4185629002244,0.03837449476122856,-0.02656451053917408,0.0,0.0,0.0,
1_+861819+203993,1396.0,18.0,1338.5,1016.0,1165.5,1059.5,1102.5,1122.0,1209.5,1319.0,1205.0,1379.0,326.0,18.325047891103562,77.4185629002244,0.044428929686546326,-0.05234101787209511,0.0,0.0,0.0,
1_+861819+203994,1396.0,18.0,1338.5,1016.0,1177.5,1071.5,1134.0,1122.0,1209.5,1319.0,1230.5,1379.0,326.0,18.325137722631972,77.4185629002244,0.04092899337410927,-0.04194805026054382,0.0,0.0,0.0,
1_+861819+203995,1396.0,18.0,1385.5,1047.5,1206.5,1096.0,1164.5,1149.5,1258.0,1388.0,1323.5,1452.0,326.0,18.325227554160385,77.4185629002244,0.06370566040277481,-0.023069635033607483,0.0,0.0,0.0,
1_+861819+203996,1396.0,18.0,1385.5,1047.5,1184.0,1081.5,1133.0,1149.5,1258.0,1388.0,1336.5,1452.0,326.0,18.325317385688795,77.4185629002244,0.08248203992843628,-0.018039070069789886,0.0,0.0,0.0,
1_+861819+203997,1467.0,24.0,1277.0,934.0,1219.0,1077.0,1115.0,1056.0,1163.0,1256.0,1204.0,1328.0,291.0,18.325407217217208,77.4185629002244,0.03837861120700836,-0.02942361868917942,0.0,0.0,0.0,
1_+861819+203998,1401.0,16.5,1303.0,981.0,1161.0,1039.5,1084.0,1078.0,1179.5,1295.0,1188.5,1351.5,367.5,18.32549704874562,77.4185629002244,0.04585931822657585,-0.045980893075466156,0.0,0.0,0.0,
1_+861819+203999,1401.0,16.5,1338.0,1001.0,1146.5,1028.5,1065.5,1072.5,1148.0,1286.0,1172.0,1300.0,367.5,18.32558688027403,77.4185629002244,0.04756015166640282,-0.06612896174192429,0.0,0.0,0.0,
1_+861819+204000,1401.0,16.5,1338.0,1001.0,1147.5,1025.5,1065.5,1072.5,1148.0,1286.0,1178.5,1300.0,367.5,18.325676711802444,77.4185629002244,0.05060166120529175,-0.06335523724555969,0.0,0.0,0.0,
1_+861819+204001,1401.0,16.5,1520.0,1084.0,1171.0,1065.0,1112.0,1182.0,1461.5,1676.0,1346.0,1813.5,367.5,18.325766543330857,77.4185629002244,0.09467869997024536,-0.061487458646297455,0.0,0.0,0.0,
1_+861819+204002,,,,,,,,,,,,,,18.325856374859267,77.4185629002244,,,,,,
1_+861819+204003,,,,,,,,,,,,,,18.32594620638768,77.4185629002244,,,,,,
1_+861819+204004,1396.0,16.0,1517.0,1089.0,1168.0,1051.5,1067.5,1134.5,1463.0,1554.0,1347.5,1734.5,384.0,18.326036037916094,77.4185629002244,0.1136438250541687,-0.06112004816532135,0.0,0.0,0.0,
1_+861819+204005,1396.0,16.0,1371.0,1043.0,1156.0,1025.0,1055.0,1030.0,1164.0,1335.5,1271.0,1374.0,384.0,18.326125869444503,77.4185629002244,0.09287552535533905,-0.03784492611885071,0.0,0.0,0.0,
1_+861819+204006,1396.0,16.0,1371.0,1043.0,1138.0,997.5,1005.0,1030.0,1164.0,1335.5,1277.0,1374.0,384.0,18.326215700972917,77.4185629002244,0.11926895380020142,-0.03552168607711792,0.0,0.0,0.0,
1_+861819+204007,1396.0,16.0,1389.5,1060.0,1145.5,1005.5,1039.5,1025.0,1180.0,1301.5,1222.0,1433.5,384.0,18.326305532501326,77.4185629002244,0.08119555562734604,-0.06420160830020905,0.0,0.0,0.0,
1_+861820+203994,1396.0,18.0,1338.5,1016.0,1189.0,1071.5,1135.0,1122.0,1209.5,1319.0,1227.0,1379.0,326.0,18.325137722631972,77.4186527317528,0.039150889962911606,-0.0433138869702816,0.0,0.0,0.0,
1_+861820+203995,1396.0,18.0,1385.5,1047.5,1215.5,1103.0,1164.0,1149.5,1258.0,1388.0,1285.0,1452.0,326.0,18.325227554160385,77.4186527317528,0.04945805296301842,-0.03762940689921379,0.0,0.0,0.0,
1_+861820+203996,1396.0,18.0,1385.5,1047.5,1185.0,1076.0,1137.0,1149.5,1258.0,1388.0,1261.0,1452.0,326.0,18.325317385688795,77.4186527317528,0.05155273899435997,-0.047209471464157104,0.0,0.0,0.0,
1_+861820+203997,1401.0,16.5,1303.0,981.0,1158.0,1048.5,1087.5,1078.0,1179.5,1295.0,1192.0,1351.5,367.5,18.325407217217208,77.4186527317528,0.045560989528894424,-0.044668667018413544,0.0,0.0,0.0,
1_+861820+203998,1401.0,16.5,1303.0,981.0,1148.0,1020.5,1062.0,1078.0,1179.5,1295.0,1144.5,1351.5,367.5,18.32549704874562,77.4186527317528,0.03739894554018974,-0.0646999180316925,0.0,0.0,0.0,
1_+861820+203999,1401.0,16.5,1338.0,1001.0,1144.0,1026.0,1039.5,1072.5,1148.0,1286.0,1153.5,1300.0,367.5,18.32558688027403,77.4186527317528,0.05217153578996658,-0.073993980884552,0.0,0.0,0.0,
1_+861820+204000,1401.0,16.5,1338.0,1001.0,1146.0,1023.0,1060.0,1072.5,1148.0,1286.0,1184.5,1300.0,367.5,18.325676711802444,77.4186527317528,0.05565610155463219,-0.060787007212638855,0.0,0.0,0.0,
1_+861820+204001,1335.0,9.0,1489.0,1114.0,1117.0,1031.0,1093.0,1192.0,1474.0,1658.0,1356.0,1766.0,444.0,18.325766543330857,77.4186527317528,0.10739076882600784,-0.04674868285655975,0.0,0.0,0.0,
1_+861820+204002,,,,,,,,,,,,,,18.325856374859267,77.4186527317528,,,,,,
1_+861820+204003,1464.0,23.0,1507.0,1056.0,1214.0,1090.0,1081.0,1120.0,1415.0,1485.0,1356.0,1689.0,302.0,18.32594620638768,77.4186527317528,0.11284366250038147,-0.0527418777346611,0.0,0.0,0.0,
1_+861820+204004,1396.0,16.0,1517.0,1089.0,1155.5,1039.5,1068.5,1134.5,1463.0,1554.0,1233.5,1734.5,384.0,18.326036037916094,77.4186527317528,0.0715968981385231,-0.1032869964838028,0.0,0.0,0.0,
1_+861820+204005,1396.0,16.0,1371.0,1043.0,1148.5,1029.0,1063.5,1030.0,1164.0,1335.5,1194.5,1374.0,384.0,18.326125869444503,77.4186527317528,0.0578555203974247,-0.06893623620271683,0.0,0.0,0.0,
1_+861820+204006,1396.0,16.0,1371.0,1043.0,1135.0,999.5,1016.0,1030.0,1164.0,1335.5,1130.0,1374.0,384.0,18.326215700972917,77.4186527317528,0.05282454192638397,-0.0966157540678978,0.0,0.0,0.0,
1_+861821+203997,1387.0,17.0,1291.5,982.0,1143.5,1023.5,1063.0,1064.5,1137.0,1240.5,1171.0,1337.5,332.5,18.325407217217208,77.41874256328121,0.0480225495994091,-0.049208685755729675,0.0,0.0,0.0,
1_+861821+203998,1387.0,17.0,1291.5,982.0,1143.0,999.0,1043.0,1064.5,1137.0,1240.5,1132.5,1337.5,332.5,18.32549704874562,77.41874256328121,0.04112635552883148,-0.06558822840452194,0.0,0.0,0.0,
1_+861821+203999,1387.0,17.0,1363.0,1011.0,1136.5,1003.5,1030.0,1084.5,1206.5,1379.0,1138.0,1416.0,332.5,18.32558688027403,77.41874256328121,0.049940209835767746,-0.08978221565485,0.0,0.0,0.0,
1_+861821+204000,1387.0,17.0,1363.0,1011.0,1149.5,1016.5,1057.5,1084.5,1206.5,1379.0,1200.0,1416.0,332.5,18.325676711802444,77.41874256328121,0.06289563328027725,-0.06408123672008514,0.0,0.0,0.0,
1_+861821+204001,,,,,,,,,,,,,,18.325766543330857,77.41874256328121,,,,,,
1_+861821+204002,,,,,,,,,,,,,,18.325856374859267,77.41874256328121,,,,,,
1_+861821+204003,1445.0,22.0,1376.0,988.0,1187.0,1037.0,1060.0,1039.0,1161.0,1264.0,1177.0,1404.0,266.0,18.32594620638768,77.41874256328121,0.05230218917131424,-0.07794751226902008,0.0,0.0,0.0,
1_+861821+204004,1378.5,16.0,1413.5,1037.5,1140.5,1000.0,1021.5,1053.5,1233.0,1315.0,1120.5,1470.5,339.0,18.326036037916094,77.41874256328121,0.046361349523067474,-0.11543232202529907,0.0,0.0,0.0,
1_+861821+204005,1378.5,16.0,1275.0,986.0,1134.0,998.5,991.0,990.5,1018.5,1155.0,1139.0,1203.0,339.0,18.326125869444503,77.41874256328121,0.069463349878788,-0.056360311806201935,0.0,0.0,0.0,
1_+861821+204006,1378.5,16.0,1275.0,986.0,1122.5,989.0,978.0,990.5,1018.5,1155.0,1104.5,1203.0,339.0,18.326215700972917,77.41874256328121,0.060877636075019836,-0.07162080705165863,0.0,0.0,0.0,
1_+861822+204000,1387.0,17.0,1363.0,1011.0,1158.0,1046.5,1071.5,1084.5,1206.5,1379.0,1316.0,1416.0,332.5,18.325676711802444,77.41883239480963,0.10256368666887283,-0.017641745507717133,0.0,0.0,0.0,
1_+861822+204001,,,,,,,,,,,,,,18.325766543330857,77.41883239480963,,,,,,
1_+861822+204002,1457.0,23.0,1505.0,1049.0,1194.0,1097.0,1062.0,1118.0,1394.0,1654.0,1361.0,1819.0,267.0,18.325856374859267,77.41883239480963,0.1234007403254509,-0.05024424195289612,0.0,0.0,0.0,
1_+861822+204003,1378.5,16.0,1413.5,1037.5,1150.0,1024.5,1033.0,1053.5,1233.0,1315.0,1260.0,1470.5,339.0,18.32594620638768,77.41883239480963,0.09676439315080643,-0.059227049350738525,0.0,0.0,0.0,
1_+861822+204004,1378.5,16.0,1413.5,1037.5,1139.0,994.5,1002.0,1053.5,1233.0,1315.0,1129.0,1470.5,339.0,18.326036037916094,77.41883239480963,0.05951884761452675,-0.11179925501346588,0.0,0.0,0.0,
1_+861822+204005,1378.5,16.0,1275.0,986.0,1115.0,971.5,971.0,990.5,1018.5,1155.0,1095.5,1203.0,339.0,18.326125869444503,77.41883239480963,0.06042797863483429,-0.07565108686685562,0.0,0.0,0.0,
1_+861822+204006,1378.5,16.0,1275.0,986.0,1130.5,976.0,978.0,990.5,1018.5,1155.0,1099.0,1203.0,339.0,18.326215700972917,77.41883239480963,0.0584365539252758,-0.07404134422540665,0.0,0.0,0.0,
1_+861823+204003,1378.5,16.0,1479.0,1110.5,1166.5,1042.5,1091.5,1084.5,1255.0,1371.0,1274.0,1516.5,339.0,18.32594620638768,77.41892222633804,0.0766325369477272,-0.0748954489827156,0.0,0.0,0.0,
1_+861823+204004,1378.5,16.0,1479.0,1110.5,1147.0,1002.0,1015.0,1084.5,1255.0,1371.0,1171.5,1516.5,339.0,18.326036037916094,77.41892222633804,0.0706602931022644,-0.11676600575447083,0.0,0.0,0.0,
1_+861823+204005,1378.5,16.0,1275.0,986.0,1115.0,971.5,971.0,990.5,1018.5,1155.0,1095.5,1203.0,339.0,18.326125869444503,77.41892222633804,0.06042797863483429,-0.07565108686685562,0.0,0.0,0.0,
1_+861824+204005,1378.5,16.0,1375.0,1038.0,1135.0,992.5,975.0,1020.0,1175.0,1310.5,1106.5,1459.0,339.0,18.326125869444503,77.41901205786645,0.0629403293132782,-0.10830801725387573,0.0,0.0,0.0,
2_+861679+203992,,,,,,,,,,,,,,18.32495805957515,77.40598648624672,,,,,,
2_+861679+203993,1457.0,28.0,1797.0,1235.0,1243.0,1123.0,1160.0,1161.0,1412.0,1568.0,1620.0,1851.0,325.0,18.325047891103562,77.40598648624672,0.16546761989593506,-0.051799822598695755,0.0,0.0,0.0,
2_+861680+203987,1383.5,18.5,1686.5,1300.0,1186.0,1055.5,1143.0,1175.0,1302.0,1474.5,1367.5,1607.0,399.0,18.32450890193309,77.40607631777513,0.08924373984336853,-0.10458619892597198,0.0,0.0,0.0,
2_+861680+203988,1383.5,18.5,1686.5,1300.0,1193.0,1059.0,1148.0,1175.0,1302.0,1474.5,1373.0,1607.0,399.0,18.3245987334615,77.40607631777513,0.08929526805877686,-0.10246338695287704,0.0,0.0,0.0,
2_+861680+203989,1383.5,18.5,1587.0,1185.5,1189.5,1081.0,1176.0,1126.5,1295.5,1408.5,1443.5,1599.5,399.0,18.324688564989913,77.40607631777513,0.10206711292266846,-0.04724011570215225,0.0,0.0,0.0,
2_+861680+203990,1383.5,18.5,1587.0,1185.5,1196.5,1090.5,1159.0,1126.5,1295.5,1408.5,1508.5,1599.5,399.0,18.324778396518326,77.40607631777513,0.13091303408145905,-0.025270329788327217,0.0,0.0,0.0,
2_+861680+203991,,,,,,,,,,,,,,18.324868228046736,77.40607631777513,,,,,,
2_+861680+203992,1313.0,9.0,1543.0,1129.0,1082.0,1018.0,1000.0,1099.0,1268.0,1465.0,1472.0,1518.0,483.0,18.32495805957515,77.40607631777513,0.19093851745128632,-0.023548921570181847,0.0,0.0,0.0,
2_+861680+203993,,,,,,,,,,,,,,18.325047891103562,77.40607631777513,,,,,,
2_+861681+203982,1377.0,19.0,1232.0,974.5,1128.5,992.0,1024.0,1040.0,1109.0,1209.5,1144.0,1275.0,337.5,18.32405974429103,77.40616614930354,0.05538194626569748,-0.037039898335933685,0.0,0.0,0.0,
2_+861681+203983,1377.0,19.0,1289.5,1020.0,1139.0,1006.0,1059.5,1036.5,1107.0,1225.0,1165.0,1338.5,337.5,18.32414957581944,77.40616614930354,0.047377005219459534,-0.050689179450273514,0.0,0.0,0.0,
2_+861681+203984,1377.0,19.0,1289.5,1020.0,1149.0,1016.0,1057.0,1036.5,1107.0,1225.0,1196.5,1338.5,337.5,18.324239407347854,77.40616614930354,0.06194198131561279,-0.037356700748205185,0.0,0.0,0.0,
2_+861681+203985,1377.0,19.0,1555.5,1192.0,1184.5,1038.5,1118.5,1120.0,1250.5,1358.0,1277.0,1512.0,337.5,18.324329238876263,77.40616614930354,0.0663323700428009,-0.09785719215869904,0.0,0.0,0.0,
2_+861681+203986,1377.0,19.0,1555.5,1192.0,1196.5,1070.5,1160.5,1120.0,1250.5,1358.0,1425.5,1512.0,337.5,18.324419070404677,77.40616614930354,0.10245537012815475,-0.04313214495778084,0.0,0.0,0.0,
2_+861681+203987,1383.5,18.5,1686.5,1300.0,1200.5,1074.5,1165.5,1175.0,1302.0,1474.5,1445.0,1607.0,399.0,18.32450890193309,77.40616614930354,0.10698382556438446,-0.07718146592378616,0.0,0.0,0.0,
2_+861681+203988,1383.5,18.5,1686.5,1300.0,1191.5,1076.0,1153.0,1175.0,1302.0,1474.5,1420.5,1607.0,399.0,18.3245987334615,77.40616614930354,0.10376336425542831,-0.08578222990036011,0.0,0.0,0.0,
2_+861681+203989,1383.5,18.5,1587.0,1185.5,1161.0,1046.5,1116.0,1126.5,1295.5,1408.5,1369.5,1599.5,399.0,18.324688564989913,77.40616614930354,0.1017853319644928,-0.0735706090927124,0.0,0.0,0.0,
2_+861681+203990,1383.5,18.5,1587.0,1185.5,1133.0,999.0,1043.5,1126.5,1295.5,1408.5,1216.5,1599.5,399.0,18.324778396518326,77.40616614930354,0.07646013796329498,-0.13205748796463013,0.0,0.0,0.0,
2_+861681+203991,1383.5,18.5,1508.5,1072.5,1121.5,983.0,979.0,1104.0,1299.0,1490.0,1144.0,1570.0,399.0,18.324868228046736,77.40616614930354,0.077862948179245,-0.13727955520153046,0.0,0.0,0.0,
2_+861681+203992,1383.5,18.5,1508.5,1072.5,1116.5,965.0,983.5,1104.0,1299.0,1490.0,1147.0,1570.0,399.0,18.32495805957515,77.40616614930354,0.07692155241966248,-0.13598409295082092,0.0,0.0,0.0,
2_+861681+203993,1390.5,18.5,1421.5,1028.0,1123.0,976.0,966.0,1064.5,1313.0,1441.5,1258.5,1611.5,414.5,18.325047891103562,77.40616614930354,0.1287190467119217,-0.06361953169107437,0.0,0.0,0.0,
2_+861682+203977,1412.0,17.5,1509.0,1161.0,1142.0,1040.5,1099.0,1178.0,1366.0,1546.0,1353.5,1645.5,391.5,18.323610586648968,77.40625598083196,0.10366324335336685,-0.05438915267586708,0.0,0.0,0.0,
2_+861682+203978,1412.0,17.5,1509.0,1161.0,1150.0,1042.5,1083.0,1178.0,1366.0,1546.0,1448.5,1645.5,391.5,18.32370041817738,77.40625598083196,0.14556199312210083,-0.02038748934864998,0.0,0.0,0.0,
2_+861682+203979,1412.0,17.5,1493.5,1171.5,1159.0,1032.0,1061.5,1131.0,1286.0,1397.0,1273.0,1551.0,391.5,18.323790249705795,77.40625598083196,0.09107190370559692,-0.07953287661075592,0.0,0.0,0.0,
2_+861682+203980,1412.0,17.5,1493.5,1171.5,1161.5,1033.0,1081.5,1131.0,1286.0,1397.0,1239.5,1551.0,391.5,18.323880081234204,77.40625598083196,0.06796414405107498,-0.09272326529026031,0.0,0.0,0.0,
2_+861682+203981,1416.5,17.5,1552.0,1237.0,1168.0,1043.0,1104.0,1159.5,1262.0,1408.5,1262.5,1513.0,390.5,18.323969912762617,77.40625598083196,0.06677781045436859,-0.102996826171875,0.0,0.0,0.0,
2_+861682+203982,1416.5,17.5,1552.0,1237.0,1173.5,1037.5,1110.5,1159.5,1262.0,1408.5,1269.5,1513.0,390.5,18.32405974429103,77.40625598083196,0.06679490953683853,-0.10010212659835815,0.0,0.0,0.0,
2_+861682+203983,1416.5,17.5,1628.0,1276.5,1176.0,1054.5,1123.0,1161.0,1269.5,1405.0,1306.5,1550.5,390.5,18.32414957581944,77.40625598083196,0.0756535530090332,-0.10952837765216827,0.0,0.0,0.0,
2_+861682+203984,1416.5,17.5,1628.0,1276.5,1164.0,1046.0,1117.0,1161.0,1269.5,1405.0,1331.0,1550.5,390.5,18.324239407347854,77.40625598083196,0.08730654418468475,-0.10041893273591995,0.0,0.0,0.0,
2_+861682+203985,1416.5,17.5,1707.5,1328.5,1169.0,1036.0,1110.0,1164.5,1280.0,1421.5,1327.0,1595.5,390.5,18.324329238876263,77.40625598083196,0.08903521299362183,-0.12531529366970062,0.0,0.0,0.0,
2_+861682+203986,1416.5,17.5,1707.5,1328.5,1178.0,1045.0,1129.5,1164.5,1280.0,1421.5,1375.5,1595.5,390.5,18.324419070404677,77.40625598083196,0.09828376024961472,-0.10762007534503937,0.0,0.0,0.0,
2_+861682+203987,1388.5,17.5,1723.0,1330.5,1178.5,1053.5,1132.0,1180.0,1305.5,1467.0,1433.5,1647.0,363.0,18.32450890193309,77.40625598083196,0.11747775971889496,-0.09171370416879654,0.0,0.0,0.0,
2_+861682+203988,1388.5,17.5,1723.0,1330.5,1178.5,1058.5,1133.5,1180.0,1305.5,1467.0,1405.0,1647.0,363.0,18.3245987334615,77.40625598083196,0.10657110065221786,-0.10192477703094482,0.0,0.0,0.0,
2_+861682+203989,1388.5,17.5,1475.0,1140.5,1162.0,1031.0,1090.0,1060.5,1197.0,1329.0,1300.5,1480.0,363.0,18.324688564989913,77.40625598083196,0.08685125410556793,-0.06201785057783127,0.0,0.0,0.0,
2_+861682+203990,1388.5,17.5,1475.0,1140.5,1140.0,978.5,1030.0,1060.5,1197.0,1329.0,1191.0,1480.0,363.0,18.324778396518326,77.40625598083196,0.07110127806663513,-0.10588574409484863,0.0,0.0,0.0,
2_+861682+203991,1388.5,17.5,1323.0,1015.5,1129.0,996.0,1017.0,993.0,1109.0,1227.5,1194.5,1347.5,363.0,18.324868228046736,77.40625598083196,0.07887959480285645,-0.050420768558979034,0.0,0.0,0.0,
2_+861682+203992,1388.5,17.5,1323.0,1015.5,1131.0,986.0,1006.0,993.0,1109.0,1227.5,1178.5,1347.5,363.0,18.32495805957515,77.40625598083196,0.0780271366238594,-0.05665617436170578,0.0,0.0,0.0,
2_+861682+203993,1381.5,17.5,1301.5,986.5,1119.0,980.5,984.0,991.0,1150.5,1261.0,1197.0,1386.0,351.5,18.325047891103562,77.40625598083196,0.09765083342790604,-0.04162265360355377,0.0,0.0,0.0,
2_+861683+203972,1421.5,18.0,1542.5,1184.5,1169.0,1076.5,1187.5,1267.0,1409.5,1586.0,1436.0,1661.5,385.5,18.32316142900691,77.40634581236037,0.09434705972671509,-0.0360017791390419,0.0,0.0,0.0,
2_+861683+203973,1421.5,18.0,1566.0,1211.5,1153.5,1030.0,1124.0,1225.0,1403.5,1520.5,1407.0,1678.5,385.5,18.323251260535322,77.40634581236037,0.11153189837932587,-0.053666241466999054,0.0,0.0,0.0,
2_+861683+203974,1421.5,18.0,1566.0,1211.5,1167.5,1044.0,1145.0,1225.0,1403.5,1520.5,1539.0,1678.5,385.5,18.323341092063732,77.40634581236037,0.14670425653457642,-0.008667360991239548,0.0,0.0,0.0,
2_+861683+203975,1469.0,26.0,1564.0,1162.0,1186.0,1080.0,1080.0,1167.0,1365.0,1568.0,1554.0,1673.0,314.0,18.323430923592145,77.40634581236037,0.1799544394016266,-0.0032071841415017843,0.0,0.0,0.0,
2_+861683+203976,1469.0,26.0,1564.0,1162.0,1233.0,1087.0,1171.0,1167.0,1365.0,1568.0,1429.0,1673.0,314.0,18.32352075512056,77.40634581236037,0.09923076629638672,-0.04510524496436119,0.0,0.0,0.0,
2_+861683+203977,1412.0,17.5,1509.0,1161.0,1176.5,1079.0,1151.0,1178.0,1366.0,1546.0,1487.0,1645.5,391.5,18.323610586648968,77.40634581236037,0.12737905979156494,-0.007303382270038128,0.0,0.0,0.0,
2_+861683+203978,1469.0,26.0,1534.0,1130.0,1196.0,1073.0,1128.0,1164.0,1320.0,1529.0,1458.0,1680.0,314.0,18.32370041817738,77.40634581236037,0.1276102066040039,-0.025401068851351738,0.0,0.0,0.0,
2_+861683+203979,1412.0,17.5,1493.5,1171.5,1159.0,1040.0,1112.5,1131.0,1286.0,1397.0,1332.0,1551.0,391.5,18.323790249705795,77.40634581236037,0.08951237797737122,-0.057095207273960114,0.0,0.0,0.0,
2_+861683+203980,1412.0,17.5,1493.5,1171.5,1180.0,1065.0,1153.5,1131.0,1286.0,1397.0,1356.5,1551.0,391.5,18.323880081234204,77.40634581236037,0.08117352426052094,-0.047801464796066284,0.0,0.0,0.0,
2_+861683+203981,1416.5,17.5,1552.0,1237.0,1192.0,1103.0,1198.0,1159.5,1262.0,1408.5,1423.0,1513.0,390.5,18.323969912762617,77.40634581236037,0.0856342688202858,-0.043512068688869476,0.0,0.0,0.0,
2_+861683+203982,1416.5,17.5,1552.0,1237.0,1206.0,1091.5,1198.0,1159.5,1262.0,1408.5,1397.5,1513.0,390.5,18.32405974429103,77.40634581236037,0.07665185630321503,-0.05268561840057373,0.0,0.0,0.0,
2_+861683+203983,1416.5,17.5,1628.0,1276.5,1195.0,1073.5,1156.0,1161.0,1269.5,1405.0,1388.5,1550.5,390.5,18.32414957581944,77.40634581236037,0.09119665622711182,-0.07950221747159958,0.0,0.0,0.0,
2_+861683+203984,1416.5,17.5,1628.0,1276.5,1184.0,1063.5,1135.5,1161.0,1269.5,1405.0,1386.0,1550.5,390.5,18.324239407347854,77.40634581236037,0.09927881509065628,-0.08033128827810287,0.0,0.0,0.0,
2_+861683+203985,1416.5,17.5,1707.5,1328.5,1175.0,1057.5,1133.0,1164.5,1280.0,1421.5,1378.0,1595.5,390.5,18.324329238876263,77.40634581236037,0.09746721386909485,-0.10677452385425568,0.0,0.0,0.0,
2_+861683+203986,1416.5,17.5,1707.5,1328.5,1172.0,1053.5,1139.5,1164.5,1280.0,1421.5,1394.0,1595.5,390.5,18.324419070404677,77.40634581236037,0.10056229680776596,-0.10100197792053223,0.0,0.0,0.0,
2_+861683+203987,1388.5,17.5,1723.0,1330.5,1185.5,1074.5,1149.5,1180.0,1305.5,1467.0,1448.0,1647.0,363.0,18.32450890193309,77.40634581236037,0.11495416611433029,-0.08665812015533447,0.0,0.0,0.0,
2_+861683+203988,1388.5,17.5,1723.0,1330.5,1195.5,1082.0,1157.0,1180.0,1305.5,1467.0,1447.5,1647.0,363.0,18.3245987334615,77.40634581236037,0.11134113371372223,-0.08699744194746017,0.0,0.0,0.0,
2_+861683+203989,1388.5,17.5,1475.0,1140.5,1166.5,1047.0,1090.0,1060.5,1197.0,1329.0,1360.5,1480.0,363.0,18.324688564989913,77.40634581236037,0.10897420346736908,-0.039737142622470856,0.0,0.0,0.0,
2_+861683+203990,1388.5,17.5,1475.0,1140.5,1128.5,995.5,1010.0,1060.5,1197.0,1329.0,1221.5,1480.0,363.0,18.324778396518326,77.40634581236037,0.0921032503247261,-0.09447969496250153,0.0,0.0,0.0,
2_+861683+203991,1388.5,17.5,1323.0,1015.5,1127.5,979.0,1015.0,993.0,1109.0,1227.5,1186.5,1347.5,363.0,18.324868228046736,77.40634581236037,0.07576646655797958,-0.05441886931657791,0.0,0.0,0.0,
2_+861683+203992,1388.5,17.5,1323.0,1015.5,1122.0,976.5,1000.0,993.0,1109.0,1227.5,1166.5,1347.5,363.0,18.32495805957515,77.40634581236037,0.07578834146261215,-0.06185502931475639,0.0,0.0,0.0,
2_+861683+203993,1381.5,17.5,1301.5,986.5,1118.5,975.5,983.5,991.0,1150.5,1261.0,1166.5,1386.0,351.5,18.325047891103562,77.40634581236037,0.08495816588401794,-0.054639942944049835,0.0,0.0,0.0,
2_+861684+203968,1414.5,18.5,1560.0,1242.0,1158.5,1045.5,1117.0,1270.5,1414.5,1530.5,1280.5,1667.0,375.5,18.322802102893263,77.40643564388878,0.06772283464670181,-0.09919087588787079,0.0,0.0,0.0,
2_+861684+203969,1421.5,18.0,1655.5,1252.0,1145.5,1025.0,1090.5,1308.0,1434.0,1581.5,1393.5,1699.0,385.5,18.322891934421673,77.40643564388878,0.12206093966960907,-0.08592662215232849,0.0,0.0,0.0,
2_+861684+203970,1421.5,18.0,1655.5,1252.0,1169.5,1081.0,1181.0,1308.0,1434.0,1581.5,1566.0,1699.0,385.5,18.322981765950086,77.40643564388878,0.1401582956314087,-0.02778780460357666,0.0,0.0,0.0,
2_+861684+203971,1421.5,18.0,1709.0,1350.0,1206.5,1134.5,1258.5,1364.5,1510.0,1686.0,1613.5,1859.5,385.5,18.3230715974785,77.40643564388878,0.12296218425035477,-0.029295722022652626,0.0,0.0,0.0,
2_+861684+203972,1421.5,18.0,1709.0,1350.0,1228.0,1145.0,1283.5,1364.5,1510.0,1686.0,1619.0,1859.5,385.5,18.32316142900691,77.40643564388878,0.11511992663145065,-0.027489371597766876,0.0,0.0,0.0,
2_+861684+203973,1421.5,18.0,1687.0,1309.0,1226.0,1135.0,1295.0,1329.5,1479.0,1633.5,1585.0,1689.5,385.5,18.323251260535322,77.40643564388878,0.1005207821726799,-0.031359124928712845,0.0,0.0,0.0,
2_+861684+203974,1421.5,18.0,1687.0,1309.0,1219.0,1155.0,1303.0,1329.5,1479.0,1633.5,1599.0,1689.5,385.5,18.323341092063732,77.40643564388878,0.10200835764408112,-0.026778357103466988,0.0,0.0,0.0,
2_+861684+203975,,,,,,,,,,,,,,18.323430923592145,77.40643564388878,,,,,,
2_+861684+203976,1469.0,26.0,1615.0,1246.0,1242.0,1127.0,1263.0,1263.0,1422.0,1583.0,1498.0,1658.0,314.0,18.32352075512056,77.40643564388878,0.08511409163475037,-0.037584323436021805,0.0,0.0,0.0,
2_+861684+203977,1412.0,17.5,1597.5,1249.5,1210.0,1106.0,1252.0,1260.5,1395.5,1528.5,1461.5,1668.5,391.5,18.323610586648968,77.40643564388878,0.07719432562589645,-0.044392578303813934,0.0,0.0,0.0,
2_+861684+203978,1412.0,17.5,1597.5,1249.5,1201.0,1098.0,1223.0,1260.5,1395.5,1528.5,1477.5,1668.5,391.5,18.32370041817738,77.40643564388878,0.09423650056123734,-0.038977134972810745,0.0,0.0,0.0,
2_+861684+203979,1412.0,17.5,1700.5,1286.0,1188.5,1062.0,1178.5,1259.0,1444.0,1602.0,1488.0,1789.5,391.5,18.323790249705795,77.40643564388878,0.11612153053283691,-0.06682421267032623,0.0,0.0,0.0,
2_+861684+203980,1412.0,17.5,1700.5,1286.0,1167.0,1051.5,1110.5,1259.0,1444.0,1602.0,1532.5,1789.5,391.5,18.323880081234204,77.40643564388878,0.16009734570980072,-0.05188102275133133,0.0,0.0,0.0,
2_+861684+203981,1416.5,17.5,1795.0,1400.0,1200.0,1114.0,1223.0,1293.5,1448.5,1626.0,1564.0,1778.5,390.5,18.323969912762617,77.40643564388878,0.1220441684126854,-0.06918399780988693,0.0,0.0,0.0,
2_+861684+203982,1416.5,17.5,1795.0,1400.0,1235.5,1138.0,1261.5,1293.5,1448.5,1626.0,1503.5,1778.5,390.5,18.32405974429103,77.40643564388878,0.08695521205663681,-0.08899033069610596,0.0,0.0,0.0,
2_+861684+203983,1416.5,17.5,1775.0,1396.0,1208.0,1100.5,1212.5,1248.5,1387.5,1545.0,1457.5,1686.0,390.5,18.32414957581944,77.40643564388878,0.09140715003013611,-0.09866596013307571,0.0,0.0,0.0,
2_+861684+203984,1416.5,17.5,1775.0,1396.0,1201.0,1093.0,1185.5,1248.5,1387.5,1545.0,1448.0,1686.0,390.5,18.324239407347854,77.40643564388878,0.0995291993021965,-0.10159150511026382,0.0,0.0,0.0,
2_+861684+203985,1416.5,17.5,1791.5,1394.0,1204.5,1087.5,1180.0,1223.0,1359.0,1495.0,1439.0,1680.0,390.5,18.324329238876263,77.40643564388878,0.09880512952804565,-0.10915124416351318,0.0,0.0,0.0,
2_+861684+203986,1416.5,17.5,1791.5,1394.0,1203.0,1071.0,1161.0,1223.0,1359.0,1495.0,1444.5,1680.0,390.5,18.324419070404677,77.40643564388878,0.10878193378448486,-0.10724613815546036,0.0,0.0,0.0,
2_+861684+203987,1388.5,17.5,1796.0,1371.5,1208.5,1102.5,1187.0,1254.5,1401.0,1585.5,1513.5,1743.0,363.0,18.32450890193309,77.40643564388878,0.12102387100458145,-0.0853378102183342,0.0,0.0,0.0,
2_+861684+203988,1388.5,17.5,1796.0,1371.5,1199.5,1098.5,1175.5,1254.5,1401.0,1585.5,1520.5,1743.0,363.0,18.3245987334615,77.40643564388878,0.12811481952667236,-0.08315534889698029,0.0,0.0,0.0,
2_+861684+203989,1388.5,17.5,1539.0,1149.0,1149.5,1021.0,1049.0,1119.5,1307.0,1452.0,1472.5,1594.5,363.0,18.324688564989913,77.40643564388878,0.16758161783218384,-0.021101007238030434,0.0,0.0,0.0,
2_+861684+203990,1388.5,17.5,1539.0,1149.0,1119.0,977.5,973.0,1119.5,1307.0,1452.0,1299.5,1594.5,363.0,18.324778396518326,77.40643564388878,0.14117030799388885,-0.0850110724568367,0.0,0.0,0.0,
2_+861684+203991,1388.5,17.5,1321.0,979.0,1125.0,988.0,979.5,1033.5,1163.5,1314.0,1221.0,1403.0,363.0,18.324868228046736,77.40643564388878,0.10835649073123932,-0.03961333632469177,0.0,0.0,0.0,
2_+861684+203992,1388.5,17.5,1321.0,979.0,1119.5,994.5,969.5,1033.5,1163.5,1314.0,1275.0,1403.0,363.0,18.32495805957515,77.40643564388878,0.13409891724586487,-0.01853250339627266,0.0,0.0,0.0,
2_+861684+203993,1452.0,26.0,1259.0,924.0,1190.0,1026.0,1018.0,1015.0,1107.0,1246.0,1224.0,1334.0,284.0,18.325047891103562,77.40643564388878,0.09188225120306015,-0.0140958521515131,0.0,0.0,0.0,
2_+861684+203994,1381.5,17.5,1285.5,969.5,1127.0,980.5,973.5,1021.0,1167.0,1306.5,1232.5,1375.5,351.5,18.325137722631972,77.40643564388878,0.11736660450696945,-0.021137822419404984,0.0,0.0,0.0,
2_+861685+203964,1414.5,18.5,1552.5,1250.5,1207.5,1111.0,1234.5,1261.5,1384.0,1523.5,1396.5,1605.0,375.5,18.322442776779614,77.4065254754172,0.06155780330300331,-0.05291372537612915,0.0,0.0,0.0,
2_+861685+203965,1414.5,18.5,1587.5,1278.5,1228.0,1165.0,1303.0,1321.0,1399.0,1549.0,1472.5,1640.0,375.5,18.322532608308027,77.4065254754172,0.06104925647377968,-0.03761567920446396,0.0,0.0,0.0,
2_+861685+203966,1414.5,18.5,1587.5,1278.5,1265.5,1202.5,1369.5,1321.0,1399.0,1549.0,1535.5,1640.0,375.5,18.322622439836437,77.4065254754172,0.05696455389261246,-0.016895968466997147,0.0,0.0,0.0,
2_+861685+203967,1468.0,28.0,1541.0,1163.0,1251.0,1146.0,1276.0,1211.0,1358.0,1457.0,1425.0,1607.0,291.0,18.32271227136485,77.4065254754172,0.05516475439071655,-0.039109911769628525,0.0,0.0,0.0,
2_+861685+203968,1414.5,18.5,1560.0,1242.0,1195.5,1103.5,1246.0,1270.5,1414.5,1530.5,1474.5,1667.0,375.5,18.322802102893263,77.4065254754172,0.08394797146320343,-0.02819199487566948,0.0,0.0,0.0,
2_+861685+203969,1421.5,18.0,1655.5,1252.0,1215.5,1143.0,1280.5,1308.0,1434.0,1581.5,1596.0,1699.0,385.5,18.322891934421673,77.4065254754172,0.1097683310508728,-0.018292604014277458,0.0,0.0,0.0,
2_+861685+203970,,,,,,,,,,,,,,18.322981765950086,77.4065254754172,,,,,,
2_+861685+203971,1475.0,27.0,1697.0,1296.0,1294.0,1199.0,1371.0,1291.0,1438.0,1641.0,1603.0,1819.0,301.0,18.3230715974785,77.4065254754172,0.07800941169261932,-0.028484849259257317,0.0,0.0,0.0,
2_+861685+203972,1421.5,18.0,1709.0,1350.0,1256.0,1192.5,1366.0,1364.5,1510.0,1686.0,1561.0,1859.5,385.5,18.32316142900691,77.4065254754172,0.06569390743970871,-0.04633685201406479,0.0,0.0,0.0,
2_+861685+203973,1421.5,18.0,1687.0,1309.0,1238.0,1165.5,1307.0,1329.5,1479.0,1633.5,1478.0,1689.5,385.5,18.323251260535322,77.4065254754172,0.061257295310497284,-0.06633495539426804,0.0,0.0,0.0,
2_+861685+203974,1421.5,18.0,1687.0,1309.0,1218.5,1138.0,1290.0,1329.5,1479.0,1633.5,1429.0,1689.5,385.5,18.323341092063732,77.4065254754172,0.05104971304535866,-0.08287370949983597,0.0,0.0,0.0,
2_+861685+203975,1412.0,17.5,1610.5,1283.5,1218.5,1121.0,1266.5,1315.5,1436.0,1578.0,1423.5,1682.5,391.5,18.323430923592145,77.4065254754172,0.05830436572432518,-0.061684757471084595,0.0,0.0,0.0,
2_+861685+203976,1412.0,17.5,1610.5,1283.5,1206.0,1102.0,1229.5,1315.5,1436.0,1578.0,1394.0,1682.5,391.5,18.32352075512056,77.4065254754172,0.062464188784360886,-0.0722832977771759,0.0,0.0,0.0,
2_+861685+203977,1412.0,17.5,1597.5,1249.5,1191.5,1086.5,1213.0,1260.5,1395.5,1528.5,1391.0,1668.5,391.5,18.323610586648968,77.4065254754172,0.06835999339818954,-0.0690145418047905,0.0,0.0,0.0,
2_+861685+203978,1412.0,17.5,1597.5,1249.5,1197.0,1102.5,1240.5,1260.5,1395.5,1528.5,1467.0,1668.5,391.5,18.32370041817738,77.4065254754172,0.08369550108909607,-0.04261070489883423,0.0,0.0,0.0,
2_+861685+203979,1412.0,17.5,1700.5,1286.0,1198.5,1095.5,1213.5,1259.0,1444.0,1602.0,1589.5,1789.5,391.5,18.323790249705795,77.4065254754172,0.13418200612068176,-0.033577270805835724,0.0,0.0,0.0,
2_+861685+203980,1469.0,26.0,1743.0,1292.0,1218.0,1114.0,1162.0,1243.0,1449.0,1613.0,1656.0,1783.0,314.0,18.323880081234204,77.4065254754172,0.17530162632465363,-0.025595763698220253,0.0,0.0,0.0,
2_+861685+203981,1471.0,26.0,1803.0,1371.0,1277.0,1171.0,1311.0,1259.0,1392.0,1583.0,1560.0,1731.0,305.0,18.323969912762617,77.4065254754172,0.08672936260700226,-0.0722569152712822,0.0,0.0,0.0,
2_+861685+203982,1416.5,17.5,1795.0,1400.0,1250.5,1169.0,1299.5,1293.5,1448.5,1626.0,1537.5,1778.5,390.5,18.32405974429103,77.4065254754172,0.08320168405771255,-0.07794757187366486,0.0,0.0,0.0,
2_+861685+203983,1416.5,17.5,1775.0,1396.0,1244.5,1153.0,1277.5,1248.5,1387.5,1545.0,1527.5,1686.0,390.5,18.32414957581944,77.4065254754172,0.08880201727151871,-0.07527603954076767,0.0,0.0,0.0,
2_+861685+203984,1416.5,17.5,1775.0,1396.0,1237.5,1150.0,1254.0,1248.5,1387.5,1545.0,1500.0,1686.0,390.5,18.324239407347854,77.4065254754172,0.08904390782117844,-0.08424872905015945,0.0,0.0,0.0,
2_+861685+203985,1416.5,17.5,1791.5,1394.0,1223.5,1117.5,1216.5,1223.0,1359.0,1495.0,1457.5,1680.0,390.5,18.324329238876263,77.4065254754172,0.08991800993680954,-0.10294441878795624,0.0,0.0,0.0,
2_+861685+203986,1416.5,17.5,1791.5,1394.0,1213.5,1082.5,1206.0,1223.0,1359.0,1495.0,1475.0,1680.0,390.5,18.324419070404677,77.4065254754172,0.10034786909818649,-0.096842922270298,0.0,0.0,0.0,
2_+861685+203987,1388.5,17.5,1796.0,1371.5,1224.5,1137.5,1243.0,1254.5,1401.0,1585.5,1541.0,1743.0,363.0,18.32450890193309,77.4065254754172,0.1071043536067009,-0.07640120387077332,0.0,0.0,0.0,
2_+861685+203988,1388.5,17.5,1796.0,1371.5,1224.0,1129.5,1233.5,1254.5,1401.0,1585.5,1554.0,1743.0,363.0,18.3245987334615,77.4065254754172,0.11479730904102325,-0.07244335860013962,0.0,0.0,0.0,
2_+861685+203989,1323.0,9.0,1660.0,1274.0,1155.0,1065.0,1169.0,1173.0,1375.0,1496.0,1588.0,1672.0,443.0,18.324688564989913,77.4065254754172,0.1519767791032791,-0.02216748706996441,0.0,0.0,0.0,
2_+861685+203990,1388.5,17.5,1539.0,1149.0,1150.5,1009.5,1039.5,1119.5,1307.0,1452.0,1318.0,1594.5,363.0,18.324778396518326,77.4065254754172,0.11729490011930466,-0.07672400027513504,0.0,0.0,0.0,
2_+861685+203991,1388.5,17.5,1321.0,979.0,1133.0,1006.0,997.0,1033.5,1163.5,1314.0,1254.5,1403.0,363.0,18.324868228046736,77.4065254754172,0.11426503211259842,-0.024925529956817627,0.0,0.0,0.0,
2_+861685+203992,1388.5,17.5,1321.0,979.0,1137.5,1003.5,990.5,1033.5,1163.5,1314.0,1247.5,1403.0,363.0,18.32495805957515,77.4065254754172,0.114663265645504,-0.02790282480418682,0.0,0.0,0.0,
2_+861685+203993,1381.5,17.5,1285.5,969.5,1131.0,998.5,989.5,1021.0,1167.0,1306.5,1237.5,1375.5,351.5,18.325047891103562,77.4065254754172,0.11151116341352463,-0.01899414137005806,0.0,0.0,0.0,
2_+861685+203994,1381.5,17.5,1285.5,969.5,1122.0,986.0,969.0,1021.0,1167.0,1306.5,1244.5,1375.5,351.5,18.325137722631972,77.4065254754172,0.12449276447296143,-0.016154401004314423,0.0,0.0,0.0,
2_+861686+203964,1414.5,18.5,1740.0,1432.0,1263.0,1221.5,1385.5,1401.0,1513.5,1645.0,1561.0,1734.5,375.5,18.322442776779614,77.40661530694561,0.059429705142974854,-0.05435162037611008,0.0,0.0,0.0,
2_+861686+203965,1414.5,18.5,1740.0,1432.0,1263.0,1221.5,1385.5,1401.0,1513.5,1645.0,1561.0,1734.5,375.5,18.322532608308027,77.40661530694561,0.059429705142974854,-0.05435162037611008,0.0,0.0,0.0,
2_+861686+203966,1414.5,18.5,1740.0,1432.0,1262.0,1209.0,1383.5,1401.0,1513.5,1645.0,1563.5,1734.5,375.5,18.322622439836437,77.40661530694561,0.060945820063352585,-0.05363850295543671,0.0,0.0,0.0,
2_+861686+203967,1414.5,18.5,1706.5,1361.5,1252.5,1178.0,1327.0,1326.0,1513.0,1657.0,1503.5,1794.0,375.5,18.32271227136485,77.40661530694561,0.06259237974882126,-0.06371685862541199,0.0,0.0,0.0,
2_+861686+203968,1414.5,18.5,1706.5,1361.5,1213.0,1110.0,1240.0,1326.0,1513.0,1657.0,1511.0,1794.0,375.5,18.322802102893263,77.40661530694561,0.09849555790424347,-0.06083724647760391,0.0,0.0,0.0,
2_+861686+203969,1421.5,18.0,1739.0,1355.5,1224.5,1154.5,1285.0,1356.5,1562.0,1737.5,1549.5,1819.5,385.5,18.322891934421673,77.40661530694561,0.09368931502103806,-0.057631202042102814,0.0,0.0,0.0,
2_+861686+203970,1421.5,18.0,1739.0,1355.5,1274.5,1213.0,1386.5,1356.5,1562.0,1737.5,1574.0,1819.5,385.5,18.322981765950086,77.40661530694561,0.0632035881280899,-0.04993090778589249,0.0,0.0,0.0,
2_+861686+203971,1421.5,18.0,1735.5,1419.0,1283.0,1217.0,1379.5,1415.5,1549.0,1682.0,1584.5,1782.0,385.5,18.3230715974785,77.40661530694561,0.0687195435166359,-0.04598517343401909,0.0,0.0,0.0,
2_+861686+203972,1421.5,18.0,1735.5,1419.0,1271.0,1203.0,1366.0,1415.5,1549.0,1682.0,1533.5,1782.0,385.5,18.32316142900691,77.40661530694561,0.057349223643541336,-0.06242547184228897,0.0,0.0,0.0,
2_+861686+203973,1421.5,18.0,1631.0,1368.5,1244.0,1171.5,1316.0,1353.0,1454.5,1598.0,1475.0,1675.5,385.5,18.323251260535322,77.40661530694561,0.05674227699637413,-0.05071910098195076,0.0,0.0,0.0,
2_+861686+203974,1421.5,18.0,1631.0,1368.5,1225.5,1135.0,1283.0,1353.0,1454.5,1598.0,1425.0,1675.5,385.5,18.323341092063732,77.40661530694561,0.05233033746480942,-0.06767389923334122,0.0,0.0,0.0,
2_+861686+203975,1412.0,17.5,1588.5,1326.5,1211.0,1123.0,1254.0,1308.0,1420.0,1550.5,1395.0,1623.5,391.5,18.323430923592145,77.40661530694561,0.052940066903829575,-0.06518733501434326,0.0,0.0,0.0,
2_+861686+203976,1412.0,17.5,1588.5,1326.5,1204.0,1104.5,1223.0,1308.0,1420.0,1550.5,1347.0,1623.5,391.5,18.32352075512056,77.40661530694561,0.0480009987950325,-0.08248284459114075,0.0,0.0,0.0,
2_+861686+203977,1412.0,17.5,1624.0,1294.0,1191.5,1086.0,1198.0,1288.5,1398.5,1546.0,1340.5,1636.5,391.5,18.323610586648968,77.40661530694561,0.05612786114215851,-0.09561675786972046,0.0,0.0,0.0,
2_+861686+203978,1412.0,17.5,1624.0,1294.0,1191.0,1092.0,1216.0,1288.5,1398.5,1546.0,1413.5,1636.5,391.5,18.32370041817738,77.40661530694561,0.07511898875236511,-0.06927969306707382,0.0,0.0,0.0,
2_+861686+203979,1412.0,17.5,1766.0,1333.5,1192.5,1091.5,1204.0,1298.5,1473.0,1663.5,1472.5,1784.5,391.5,18.323790249705795,77.40661530694561,0.10031087696552277,-0.09047581255435944,0.0,0.0,0.0,
2_+861686+203980,1412.0,17.5,1766.0,1333.5,1181.0,1089.0,1200.5,1298.5,1473.0,1663.5,1523.5,1784.5,391.5,18.323880081234204,77.40661530694561,0.11863722652196884,-0.07366529107093811,0.0,0.0,0.0,
2_+861686+203981,1416.5,17.5,1897.5,1475.5,1227.5,1139.5,1294.0,1371.5,1552.5,1705.0,1573.5,1883.5,390.5,18.323969912762617,77.40661530694561,0.09755788743495941,-0.09336356073617935,0.0,0.0,0.0,
2_+861686+203982,1416.5,17.5,1897.5,1475.5,1245.0,1173.5,1321.0,1371.5,1552.5,1705.0,1561.0,1883.5,390.5,18.32405974429103,77.40661530694561,0.08274584263563156,-0.09776221215724945,0.0,0.0,0.0,
2_+861686+203983,1416.5,17.5,1883.0,1472.5,1236.5,1156.0,1298.5,1360.0,1491.5,1641.5,1526.0,1791.5,390.5,18.32414957581944,77.40661530694561,0.08010134845972061,-0.10511233657598495,0.0,0.0,0.0,
2_+861686+203984,1416.5,17.5,1883.0,1472.5,1230.0,1125.0,1262.5,1360.0,1491.5,1641.5,1490.5,1791.5,390.5,18.324239407347854,77.40661530694561,0.08249246329069138,-0.11662782728672028,0.0,0.0,0.0,
2_+861686+203985,1416.5,17.5,1729.0,1362.5,1217.0,1119.5,1220.0,1266.0,1410.0,1551.0,1478.0,1683.5,390.5,18.324329238876263,77.40661530694561,0.09527843445539474,-0.07854390144348145,0.0,0.0,0.0,
2_+861686+203986,1416.5,17.5,1729.0,1362.5,1237.5,1126.5,1244.0,1266.0,1410.0,1551.0,1510.0,1683.5,390.5,18.324419070404677,77.40661530694561,0.09656666219234467,-0.06761875748634338,0.0,0.0,0.0,
2_+861686+203987,1388.5,17.5,1654.5,1290.5,1238.5,1144.5,1288.5,1226.0,1366.0,1501.5,1535.0,1641.0,363.0,18.32450890193309,77.40661530694561,0.08730528503656387,-0.03739548102021217,0.0,0.0,0.0,
2_+861686+203988,1388.5,17.5,1654.5,1290.5,1235.5,1147.0,1250.5,1226.0,1366.0,1501.5,1494.5,1641.0,363.0,18.3245987334615,77.40661530694561,0.08886837214231491,-0.0507504940032959,0.0,0.0,0.0,
2_+861686+203989,1388.5,17.5,1503.5,1153.0,1222.0,1109.5,1215.0,1171.0,1274.0,1435.5,1447.0,1520.5,363.0,18.324688564989913,77.40661530694561,0.08682451397180557,-0.019222471863031387,0.0,0.0,0.0,
2_+861686+203990,1388.5,17.5,1503.5,1153.0,1177.0,1046.0,1095.0,1171.0,1274.0,1435.5,1271.5,1520.5,363.0,18.324778396518326,77.40661530694561,0.07285802066326141,-0.08516988158226013,0.0,0.0,0.0,
2_+861686+203991,1388.5,17.5,1267.0,987.0,1131.5,987.0,1006.0,1023.5,1123.0,1227.0,1152.0,1343.5,363.0,18.324868228046736,77.40661530694561,0.06742604076862335,-0.04767758026719093,0.0,0.0,0.0,
2_+861686+203992,1388.5,17.5,1267.0,987.0,1135.0,980.0,1007.5,1023.5,1123.0,1227.0,1119.0,1343.5,363.0,18.32495805957515,77.40661530694561,0.05242149531841278,-0.06199521943926811,0.0,0.0,0.0,
2_+861686+203993,1381.5,17.5,1301.5,985.5,1134.0,975.0,994.5,1013.5,1188.0,1327.5,1116.0,1474.5,351.5,18.325047891103562,77.40661530694561,0.05762564018368721,-0.07672307640314102,0.0,0.0,0.0,
2_+861686+203994,1381.5,17.5,1301.5,985.5,1129.5,978.5,971.5,1013.5,1188.0,1327.5,1212.5,1474.5,351.5,18.325137722631972,77.40661530694561,0.11039617657661438,-0.035394467413425446,0.0,0.0,0.0,
2_+861687+203964,1414.5,18.5,1740.0,1432.0,1270.0,1207.5,1391.5,1401.0,1513.5,1645.0,1567.5,1734.5,375.5,18.322442776779614,77.40670513847401,0.05927059426903725,-0.05237298458814621,0.0,0.0,0.0,
2_+861687+203965,1414.5,18.5,1740.0,1432.0,1254.5,1194.0,1371.0,1401.0,1513.5,1645.0,1556.5,1734.5,375.5,18.322532608308027,77.40670513847401,0.06322391331195831,-0.055833280086517334,0.0,0.0,0.0,
2_+861687+203966,1414.5,18.5,1706.5,1361.5,1247.0,1178.5,1333.5,1326.0,1513.0,1657.0,1535.0,1794.0,375.5,18.322622439836437,77.40670513847401,0.07044727355241776,-0.053047485649585724,0.0,0.0,0.0,
2_+861687+203967,1414.5,18.5,1706.5,1361.5,1247.0,1178.5,1333.5,1326.0,1513.0,1657.0,1535.0,1794.0,375.5,18.32271227136485,77.40670513847401,0.07044727355241776,-0.053047485649585724,0.0,0.0,0.0,
2_+861687+203968,1414.5,18.5,1706.5,1361.5,1200.5,1114.5,1208.0,1326.0,1513.0,1657.0,1577.5,1794.0,375.5,18.322802102893263,77.40670513847401,0.13306878507137299,-0.039283789694309235,0.0,0.0,0.0,
2_+861687+203969,1421.5,18.0,1739.0,1355.5,1182.5,1118.5,1181.5,1356.5,1562.0,1737.5,1640.0,1819.5,385.5,18.322891934421673,77.40670513847401,0.1620420217514038,-0.030008714646100998,0.0,0.0,0.0,
2_+861687+203970,1421.5,18.0,1739.0,1355.5,1255.0,1189.0,1321.0,1356.5,1562.0,1737.5,1604.5,1819.5,385.5,18.322981765950086,77.40670513847401,0.09638579934835434,-0.04087129235267639,0.0,0.0,0.0,
2_+861687+203971,1421.5,18.0,1735.5,1419.0,1288.5,1239.0,1410.5,1415.5,1549.0,1682.0,1591.0,1782.0,385.5,18.3230715974785,77.40670513847401,0.059837907552719116,-0.04387417435646057,0.0,0.0,0.0,
2_+861687+203972,1421.5,18.0,1735.5,1419.0,1288.0,1233.0,1405.5,1415.5,1549.0,1682.0,1566.5,1782.0,385.5,18.32316142900691,77.40670513847401,0.053903110325336456,-0.0516088493168354,0.0,0.0,0.0,
2_+861687+203973,1421.5,18.0,1631.0,1368.5,1278.0,1215.5,1374.0,1353.0,1454.5,1598.0,1546.0,1675.5,385.5,18.323251260535322,77.40670513847401,0.05857439711689949,-0.027136076241731644,0.0,0.0,0.0,
2_+861687+203974,1421.5,18.0,1631.0,1368.5,1263.0,1200.5,1350.0,1353.0,1454.5,1598.0,1531.0,1675.5,385.5,18.323341092063732,77.40670513847401,0.06251124292612076,-0.03203139081597328,0.0,0.0,0.0,
2_+861687+203975,1412.0,17.5,1588.5,1326.5,1260.0,1190.0,1342.0,1308.0,1420.0,1550.5,1503.0,1623.5,391.5,18.323430923592145,77.40670513847401,0.05621349439024925,-0.028222117573022842,0.0,0.0,0.0,
2_+861687+203976,1412.0,17.5,1588.5,1326.5,1253.0,1171.0,1325.5,1308.0,1420.0,1550.5,1484.5,1623.5,391.5,18.32352075512056,77.40670513847401,0.0562739260494709,-0.034365225583314896,0.0,0.0,0.0,
2_+861687+203977,1412.0,17.5,1624.0,1294.0,1237.5,1152.0,1302.0,1288.5,1398.5,1546.0,1491.5,1636.5,391.5,18.323610586648968,77.40670513847401,0.06753133237361908,-0.04303937777876854,0.0,0.0,0.0,
2_+861687+203978,1412.0,17.5,1624.0,1294.0,1234.0,1144.5,1295.5,1288.5,1398.5,1546.0,1504.5,1636.5,391.5,18.32370041817738,77.40670513847401,0.07460924983024597,-0.03825721889734268,0.0,0.0,0.0,
2_+861687+203979,1412.0,17.5,1766.0,1333.5,1197.5,1100.5,1189.0,1298.5,1473.0,1663.5,1539.5,1784.5,391.5,18.323790249705795,77.40670513847401,0.12869161367416382,-0.06851834058761597,0.0,0.0,0.0,
2_+861687+203980,1412.0,17.5,1766.0,1333.5,1192.0,1077.5,1182.5,1298.5,1473.0,1663.5,1583.5,1784.5,391.5,18.323880081234204,77.40670513847401,0.14506939053535461,-0.05441207066178322,0.0,0.0,0.0,
2_+861687+203981,1416.5,17.5,1897.5,1475.5,1257.0,1183.5,1330.0,1371.5,1552.5,1705.0,1652.5,1883.5,390.5,18.323969912762617,77.40670513847401,0.10782487690448761,-0.06930677592754364,0.0,0.0,0.0,
2_+861687+203982,1416.5,17.5,1897.5,1475.5,1297.5,1234.5,1412.0,1371.5,1552.5,1705.0,1699.0,1883.5,390.5,18.32405974429103,77.40670513847401,0.09153863787651062,-0.056354373693466187,0.0,0.0,0.0,
2_+861687+203983,1416.5,17.5,1883.0,1472.5,1275.5,1201.0,1369.5,1360.0,1491.5,1641.5,1597.5,1791.5,390.5,18.32414957581944,77.40670513847401,0.07631827145814896,-0.08288120478391647,0.0,0.0,0.0,
2_+861687+203984,1416.5,17.5,1883.0,1472.5,1266.0,1171.5,1330.5,1360.0,1491.5,1641.5,1549.0,1791.5,390.5,18.324239407347854,77.40670513847401,0.07564883679151535,-0.0975770354270935,0.0,0.0,0.0,
2_+861687+203985,1416.5,17.5,1729.0,1362.5,1257.5,1159.0,1293.5,1266.0,1410.0,1551.0,1518.5,1683.5,390.5,18.324329238876263,77.40670513847401,0.07966376841068268,-0.06518355011940002,0.0,0.0,0.0,
2_+861687+203986,1416.5,17.5,1729.0,1362.5,1224.0,1123.5,1222.0,1266.0,1410.0,1551.0,1405.5,1683.5,390.5,18.324419070404677,77.40670513847401,0.06945409625768661,-0.10354150831699371,0.0,0.0,0.0,
2_+861687+203987,1388.5,17.5,1654.5,1290.5,1197.5,1085.0,1156.0,1226.0,1366.0,1501.5,1295.0,1641.0,363.0,18.32450890193309,77.40670513847401,0.056762129068374634,-0.1217794120311737,0.0,0.0,0.0,
2_+861687+203988,1388.5,17.5,1654.5,1290.5,1192.0,1083.0,1149.5,1226.0,1366.0,1501.5,1340.5,1641.0,363.0,18.3245987334615,77.40670513847401,0.07675289362668991,-0.10487376153469086,0.0,0.0,0.0,
2_+861687+203989,1388.5,17.5,1503.5,1153.0,1220.0,1101.5,1210.5,1171.0,1274.0,1435.5,1396.0,1520.5,363.0,18.324688564989913,77.40670513847401,0.07131384313106537,-0.036736615002155304,0.0,0.0,0.0,
2_+861687+203990,1388.5,17.5,1503.5,1153.0,1168.5,1059.5,1101.0,1171.0,1274.0,1435.5,1319.0,1520.5,363.0,18.324778396518326,77.40670513847401,0.08817315101623535,-0.06712555140256882,0.0,0.0,0.0,
2_+861687+203991,1388.5,17.5,1267.0,987.0,1131.5,987.0,1006.0,1023.5,1123.0,1227.0,1152.0,1343.5,363.0,18.324868228046736,77.40670513847401,0.06742604076862335,-0.04767758026719093,0.0,0.0,0.0,
2_+861687+203992,1388.5,17.5,1267.0,987.0,1135.0,980.0,1007.5,1023.5,1123.0,1227.0,1119.0,1343.5,363.0,18.32495805957515,77.40670513847401,0.05242149531841278,-0.06199521943926811,0.0,0.0,0.0,
2_+861687+203993,1381.5,17.5,1301.5,985.5,1134.0,975.0,994.5,1013.5,1188.0,1327.5,1116.0,1474.5,351.5,18.325047891103562,77.40670513847401,0.05762564018368721,-0.07672307640314102,0.0,0.0,0.0,
2_+861687+203994,1381.5,17.5,1301.5,985.5,1129.5,978.5,971.5,1013.5,1188.0,1327.5,1212.5,1474.5,351.5,18.325137722631972,77.40670513847401,0.11039617657661438,-0.035394467413425446,0.0,0.0,0.0,
2_+861688+203963,1449.0,18.5,1727.0,1424.5,1282.0,1220.0,1395.0,1419.0,1525.0,1693.0,1585.5,1784.0,405.0,18.3223529452512,77.40679497000242,0.06367260217666626,-0.04304361343383789,0.0,0.0,0.0,
2_+861688+203964,1449.0,18.5,1750.5,1461.5,1241.5,1179.0,1348.0,1376.5,1505.5,1631.5,1526.0,1756.0,405.0,18.322442776779614,77.40679497000242,0.0617549754679203,-0.06879919767379761,0.0,0.0,0.0,
2_+861688+203965,1449.0,18.5,1750.5,1461.5,1224.5,1163.0,1329.0,1376.5,1505.5,1631.5,1494.0,1756.0,405.0,18.322532608308027,77.40679497000242,0.058401212096214294,-0.07910171896219254,0.0,0.0,0.0,
2_+861688+203966,1449.0,18.5,1672.5,1298.5,1232.5,1156.0,1323.0,1314.5,1515.5,1665.5,1536.5,1799.0,405.0,18.322622439836437,77.40679497000242,0.07466664165258408,-0.04246150702238083,0.0,0.0,0.0,
2_+861688+203967,1401.0,9.0,1678.0,1375.0,1168.0,1106.0,1258.0,1374.0,1533.0,1653.0,1567.0,1773.0,494.0,18.32271227136485,77.40679497000242,0.10938052833080292,-0.03420647233724594,0.0,0.0,0.0,
2_+861688+203968,,,,,,,,,,,,,,18.322802102893263,77.40679497000242,,,,,,
2_+861688+203969,,,,,,,,,,,,,,18.322891934421673,77.40679497000242,,,,,,
2_+861688+203970,1492.0,27.0,1680.0,1260.0,1282.0,1189.0,1313.0,1277.0,1514.0,1764.0,1535.0,1832.0,312.0,18.322981765950086,77.40679497000242,0.07794943451881409,-0.04510108754038811,0.0,0.0,0.0,
2_+861688+203971,1439.5,18.0,1737.0,1399.0,1285.0,1226.5,1392.0,1405.5,1547.0,1676.0,1578.5,1790.5,401.5,18.3230715974785,77.40679497000242,0.06237340718507767,-0.048185303807258606,0.0,0.0,0.0,
2_+861688+203972,1439.5,18.0,1737.0,1399.0,1280.0,1217.5,1399.0,1405.5,1547.0,1676.0,1562.5,1790.5,401.5,18.32316142900691,77.40679497000242,0.0550021193921566,-0.0531906858086586,0.0,0.0,0.0,
2_+861688+203973,1439.5,18.0,1756.0,1449.5,1281.0,1211.0,1382.0,1435.5,1541.0,1683.0,1536.5,1781.0,401.5,18.323251260535322,77.40679497000242,0.05278628319501877,-0.06686976552009583,0.0,0.0,0.0,
2_+861688+203974,1439.5,18.0,1756.0,1449.5,1260.5,1199.0,1376.5,1435.5,1541.0,1683.0,1555.0,1781.0,401.5,18.323341092063732,77.40679497000242,0.06078295037150383,-0.060838714241981506,0.0,0.0,0.0,
2_+861688+203975,1456.0,18.5,1799.5,1481.5,1265.5,1203.5,1386.5,1429.0,1566.5,1712.5,1567.0,1834.5,428.5,18.323430923592145,77.40679497000242,0.061000656336545944,-0.06932572275400162,0.0,0.0,0.0,
2_+861688+203976,1456.0,18.5,1799.5,1481.5,1263.0,1211.5,1380.0,1429.0,1566.5,1712.5,1573.0,1834.5,428.5,18.32352075512056,77.40679497000242,0.06512720137834549,-0.06751929223537445,0.0,0.0,0.0,
2_+861688+203977,1456.0,18.5,1831.0,1469.5,1262.0,1202.5,1371.0,1437.0,1575.0,1731.5,1574.0,1874.0,428.5,18.323610586648968,77.40679497000242,0.06863920390605927,-0.07581804692745209,0.0,0.0,0.0,
2_+861688+203978,1456.0,18.5,1831.0,1469.5,1265.5,1197.5,1367.5,1437.0,1575.0,1731.5,1621.5,1874.0,428.5,18.32370041817738,77.40679497000242,0.08507180958986282,-0.06078392267227173,0.0,0.0,0.0,
2_+861688+203979,1456.0,18.5,1876.5,1447.0,1226.0,1156.5,1271.5,1368.5,1601.0,1823.5,1731.5,1999.5,428.5,18.323790249705795,77.40679497000242,0.1538495272397995,-0.040139734745025635,0.0,0.0,0.0,
2_+861688+203980,1456.0,18.5,1876.5,1447.0,1204.5,1123.5,1222.5,1368.5,1601.0,1823.5,1815.0,1999.5,428.5,18.323880081234204,77.40679497000242,0.19510260224342346,-0.016674933955073357,0.0,0.0,0.0,
2_+861688+203981,1453.5,18.5,2058.5,1594.0,1284.0,1225.5,1411.5,1450.5,1647.0,1843.0,1803.5,2036.5,432.0,18.323969912762617,77.40679497000242,0.12216167896986008,-0.0660705640912056,0.0,0.0,0.0,
2_+861688+203982,1453.5,18.5,2058.5,1594.0,1334.0,1285.5,1499.0,1450.5,1647.0,1843.0,1783.0,2036.5,432.0,18.32405974429103,77.40679497000242,0.0861327275633812,-0.07219468057155609,0.0,0.0,0.0,
2_+861688+203983,1453.5,18.5,2046.5,1585.0,1303.0,1236.5,1424.0,1472.5,1573.5,1755.5,1681.0,1893.5,432.0,18.32414957581944,77.40679497000242,0.08247299492359161,-0.09849199652671814,0.0,0.0,0.0,
2_+861688+203984,1453.5,18.5,2046.5,1585.0,1287.0,1200.5,1391.0,1472.5,1573.5,1755.5,1634.5,1893.5,432.0,18.324239407347854,77.40679497000242,0.08017203956842422,-0.11218342185020447,0.0,0.0,0.0,
2_+861688+203985,1453.5,18.5,1689.5,1303.0,1270.0,1176.5,1323.5,1288.5,1397.0,1546.5,1567.0,1664.5,432.0,18.324329238876263,77.40679497000242,0.0835648775100708,-0.03798958286643028,0.0,0.0,0.0,
2_+861688+203986,1453.5,18.5,1689.5,1303.0,1216.0,1091.5,1203.0,1288.5,1397.0,1546.5,1355.0,1664.5,432.0,18.324419070404677,77.40679497000242,0.058811452239751816,-0.11016251146793365,0.0,0.0,0.0,
2_+861688+203987,1388.5,17.5,1654.5,1290.5,1197.5,1085.0,1156.0,1226.0,1366.0,1501.5,1295.0,1641.0,363.0,18.32450890193309,77.40679497000242,0.056762129068374634,-0.1217794120311737,0.0,0.0,0.0,
2_+861688+203988,1388.5,17.5,1654.5,1290.5,1192.0,1083.0,1149.5,1226.0,1366.0,1501.5,1340.5,1641.0,363.0,18.3245987334615,77.40679497000242,0.07675289362668991,-0.10487376153469086,0.0,0.0,0.0,
2_+861688+203989,1388.5,17.5,1503.5,1153.0,1220.0,1101.5,1210.5,1171.0,1274.0,1435.5,1396.0,1520.5,363.0,18.324688564989913,77.40679497000242,0.07131384313106537,-0.036736615002155304,0.0,0.0,0.0,
2_+861688+203990,1388.5,17.5,1503.5,1153.0,1168.5,1059.5,1101.0,1171.0,1274.0,1435.5,1319.0,1520.5,363.0,18.324778396518326,77.40679497000242,0.08817315101623535,-0.06712555140256882,0.0,0.0,0.0,
2_+861688+203991,1388.5,17.5,1267.0,987.0,1133.5,991.5,1027.5,1023.5,1123.0,1227.0,1142.0,1343.5,363.0,18.324868228046736,77.40679497000242,0.05277995392680168,-0.051814965903759,0.0,0.0,0.0,
2_+861688+203992,1388.5,17.5,1267.0,987.0,1146.0,1008.5,1016.5,1023.5,1123.0,1227.0,1152.5,1343.5,363.0,18.32495805957515,77.40679497000242,0.06278781592845917,-0.047213636338710785,0.0,0.0,0.0,
2_+861688+203993,1381.5,17.5,1301.5,985.5,1148.0,1003.0,1023.0,1013.5,1188.0,1327.5,1228.0,1474.5,351.5,18.325047891103562,77.40679497000242,0.09108807146549225,-0.029133029282093048,0.0,0.0,0.0,
2_+861688+203994,,,,,,,,,,,,,,18.325137722631972,77.40679497000242,,,,,,
2_+861689+203963,1449.0,18.5,1727.0,1424.5,1286.0,1209.5,1396.5,1419.0,1525.0,1693.0,1568.5,1784.0,405.0,18.3223529452512,77.40688480153084,0.05792715400457382,-0.0484267920255661,0.0,0.0,0.0,
2_+861689+203964,1449.0,18.5,1750.5,1461.5,1235.0,1171.5,1345.5,1376.5,1505.5,1631.5,1523.5,1756.0,405.0,18.322442776779614,77.40688480153084,0.06189066171646118,-0.06955085694789886,0.0,0.0,0.0,
2_+861689+203965,1449.0,18.5,1750.5,1461.5,1229.0,1163.5,1329.0,1376.5,1505.5,1631.5,1511.5,1756.0,405.0,18.322532608308027,77.40688480153084,0.0641331821680069,-0.07338838279247284,0.0,0.0,0.0,
2_+861689+203966,1449.0,18.5,1672.5,1298.5,1237.5,1154.5,1303.0,1314.5,1515.5,1665.5,1501.0,1799.0,405.0,18.322622439836437,77.40688480153084,0.07052317261695862,-0.05423453822731972,0.0,0.0,0.0,
2_+861689+203967,1449.0,18.5,1672.5,1298.5,1209.5,1107.0,1234.0,1314.5,1515.5,1665.5,1545.5,1799.0,405.0,18.32271227136485,77.40688480153084,0.11243776232004166,-0.039477862417697906,0.0,0.0,0.0,
2_+861689+203968,1439.5,18.0,1657.0,1273.0,1156.5,1065.5,1131.0,1284.0,1555.0,1747.0,1651.0,1860.0,401.5,18.322802102893263,77.40688480153084,0.18685537576675415,-0.001818446908146143,0.0,0.0,0.0,
2_+861689+203969,1492.0,27.0,1680.0,1260.0,1274.0,1159.0,1295.0,1277.0,1514.0,1764.0,1519.0,1832.0,312.0,18.322891934421673,77.40688480153084,0.07960198819637299,-0.05032822862267494,0.0,0.0,0.0,
2_+861689+203970,1439.5,18.0,1737.0,1399.0,1268.5,1203.0,1354.5,1405.5,1547.0,1676.0,1554.5,1790.5,401.5,18.322981765950086,77.40688480153084,0.0683087483048439,-0.0558333620429039,0.0,0.0,0.0,
2_+861689+203971,1439.5,18.0,1737.0,1399.0,1267.5,1208.5,1376.5,1405.5,1547.0,1676.0,1555.0,1790.5,401.5,18.3230715974785,77.40688480153084,0.06082011014223099,-0.055478278547525406,0.0,0.0,0.0,
2_+861689+203972,1439.5,18.0,1737.0,1399.0,1267.5,1208.5,1376.5,1405.5,1547.0,1676.0,1555.0,1790.5,401.5,18.32316142900691,77.40688480153084,0.06082011014223099,-0.055478278547525406,0.0,0.0,0.0,
2_+861689+203973,1439.5,18.0,1756.0,1449.5,1269.0,1195.5,1376.5,1435.5,1541.0,1683.0,1550.5,1781.0,401.5,18.323251260535322,77.40688480153084,0.059119921177625656,-0.06252913922071457,0.0,0.0,0.0,
2_+861689+203974,1439.5,18.0,1756.0,1449.5,1265.0,1209.5,1393.0,1435.5,1541.0,1683.0,1597.5,1781.0,401.5,18.323341092063732,77.40688480153084,0.06835070252418518,-0.04733416438102722,0.0,0.0,0.0,
2_+861689+203975,1456.0,18.5,1799.5,1481.5,1269.5,1204.0,1408.0,1429.0,1566.5,1712.5,1636.5,1834.5,428.5,18.323430923592145,77.40688480153084,0.0748886913061142,-0.04767269641160965,0.0,0.0,0.0,
2_+861689+203976,1456.0,18.5,1799.5,1481.5,1276.5,1215.5,1420.0,1429.0,1566.5,1712.5,1639.0,1834.5,428.5,18.32352075512056,77.40688480153084,0.07124069333076477,-0.047109391540288925,0.0,0.0,0.0,
2_+861689+203977,1456.0,18.5,1831.0,1469.5,1290.5,1230.0,1425.5,1437.0,1575.0,1731.5,1656.0,1874.0,428.5,18.323610586648968,77.40688480153084,0.07458674162626266,-0.05042606592178345,0.0,0.0,0.0,
2_+861689+203978,1456.0,18.5,1831.0,1469.5,1289.0,1234.5,1420.0,1437.0,1575.0,1731.5,1679.0,1874.0,428.5,18.32370041817738,77.40688480153084,0.08353009074926376,-0.043606847524642944,0.0,0.0,0.0,
2_+861689+203979,1456.0,18.5,1876.5,1447.0,1257.0,1184.0,1337.5,1368.5,1601.0,1823.5,1708.0,1999.5,428.5,18.323790249705795,77.40688480153084,0.12205751240253448,-0.04696501046419144,0.0,0.0,0.0,
2_+861689+203980,1456.0,18.5,1876.5,1447.0,1197.0,1143.5,1250.5,1368.5,1601.0,1823.5,1733.5,1999.5,428.5,18.323880081234204,77.40688480153084,0.16187746822834015,-0.0395573191344738,0.0,0.0,0.0,
2_+861689+203981,1453.5,18.5,2058.5,1594.0,1265.5,1196.0,1383.5,1450.5,1647.0,1843.0,1782.0,2036.5,432.0,18.323969912762617,77.40688480153084,0.1254625916481018,-0.07236744463443756,0.0,0.0,0.0,
2_+861689+203982,1453.5,18.5,2058.5,1594.0,1314.5,1253.0,1444.0,1450.5,1647.0,1843.0,1735.0,2036.5,432.0,18.32405974429103,77.40688480153084,0.0913378894329071,-0.08541101217269897,0.0,0.0,0.0,
2_+861689+203983,1453.5,18.5,2046.5,1585.0,1303.0,1236.5,1424.0,1472.5,1573.5,1755.5,1681.0,1893.5,432.0,18.32414957581944,77.40688480153084,0.08247299492359161,-0.09849199652671814,0.0,0.0,0.0,
2_+861689+203984,1453.5,18.5,2046.5,1585.0,1287.0,1200.5,1391.0,1472.5,1573.5,1755.5,1634.5,1893.5,432.0,18.324239407347854,77.40688480153084,0.08017203956842422,-0.11218342185020447,0.0,0.0,0.0,
2_+861689+203985,1453.5,18.5,1689.5,1303.0,1270.0,1176.5,1323.5,1288.5,1397.0,1546.5,1567.0,1664.5,432.0,18.324329238876263,77.40688480153084,0.0835648775100708,-0.03798958286643028,0.0,0.0,0.0,
2_+861689+203986,1453.5,18.5,1689.5,1303.0,1216.0,1091.5,1203.0,1288.5,1397.0,1546.5,1355.0,1664.5,432.0,18.324419070404677,77.40688480153084,0.058811452239751816,-0.11016251146793365,0.0,0.0,0.0,
2_+861689+203987,1404.0,18.5,1415.5,1102.0,1184.0,1061.0,1112.5,1138.0,1238.0,1348.0,1235.0,1440.5,380.0,18.32450890193309,77.40688480153084,0.052153781056404114,-0.06807467341423035,0.0,0.0,0.0,
2_+861689+203988,1404.0,18.5,1415.5,1102.0,1180.0,1049.5,1105.5,1138.0,1238.0,1348.0,1241.5,1440.5,380.0,18.3245987334615,77.40688480153084,0.058125048875808716,-0.0654386505484581,0.0,0.0,0.0,
2_+861689+203989,1345.0,10.0,1378.0,1123.0,1136.0,1051.0,1116.0,1137.0,1262.0,1368.0,1334.0,1491.0,465.0,18.324688564989913,77.40688480153084,0.08897959440946579,-0.01622418873012066,0.0,0.0,0.0,
2_+861689+203990,1463.0,27.0,1361.0,1014.0,1187.0,1054.0,1074.0,1095.0,1200.0,1331.0,1218.0,1494.0,295.0,18.324778396518326,77.40688480153084,0.0628272220492363,-0.05544784665107727,0.0,0.0,0.0,
2_+861689+203991,1404.0,18.5,1302.0,968.0,1135.5,986.0,1025.0,1040.0,1118.0,1202.5,1109.5,1305.5,380.0,18.324868228046736,77.40688480153084,0.03927106782793999,-0.08010303974151611,0.0,0.0,0.0,
2_+861689+203992,1404.0,18.5,1302.0,968.0,1134.0,983.5,1005.0,1040.0,1118.0,1202.5,1147.5,1305.5,380.0,18.32495805957515,77.40688480153084,0.06620068848133087,-0.06326130777597427,0.0,0.0,0.0,
2_+861689+203993,1384.5,17.5,1351.5,984.0,1147.5,1004.0,1032.5,1068.5,1236.5,1366.0,1298.5,1485.0,359.0,18.325047891103562,77.40688480153084,0.11316151916980743,-0.020946595817804337,0.0,0.0,0.0,
2_+861689+203994,,,,,,,,,,,,,,18.325137722631972,77.40688480153084,,,,,,
2_+861690+203964,1449.0,18.5,1817.5,1468.5,1260.5,1211.5,1382.5,1424.5,1550.5,1682.0,1585.5,1801.5,405.0,18.322442776779614,77.40697463305925,0.06836983561515808,-0.06820245087146759,0.0,0.0,0.0,
2_+861690+203965,1449.0,18.5,1817.5,1468.5,1279.5,1204.0,1393.0,1424.5,1550.5,1682.0,1618.0,1801.5,405.0,18.322532608308027,77.40697463305925,0.0745914876461029,-0.05826694518327713,0.0,0.0,0.0,
2_+861690+203966,1497.0,28.0,1613.0,1236.0,1280.0,1178.0,1315.0,1265.0,1367.0,1530.0,1484.0,1637.0,316.0,18.322622439836437,77.40697463305925,0.06037870794534683,-0.041653212159872055,0.0,0.0,0.0,
2_+861690+203967,1449.0,18.5,1646.5,1314.5,1228.5,1135.0,1277.5,1332.0,1433.5,1574.0,1458.0,1658.0,405.0,18.32271227136485,77.40697463305925,0.06561234593391418,-0.06113170087337494,0.0,0.0,0.0,
2_+861690+203968,1439.5,18.0,1562.5,1246.5,1192.5,1092.5,1198.0,1241.0,1387.0,1497.0,1388.0,1609.5,401.5,18.322802102893263,77.40697463305925,0.07336833328008652,-0.05919443070888519,0.0,0.0,0.0,
2_+861690+203969,1439.5,18.0,1562.5,1246.5,1220.0,1135.0,1266.5,1241.0,1387.0,1497.0,1442.0,1609.5,401.5,18.322891934421673,77.40697463305925,0.06477580964565277,-0.0403347946703434,0.0,0.0,0.0,
2_+861690+203970,1439.5,18.0,1678.0,1389.0,1264.5,1188.5,1346.0,1360.5,1479.5,1629.0,1542.5,1730.5,401.5,18.322981765950086,77.40697463305925,0.06803668290376663,-0.04195971041917801,0.0,0.0,0.0,
2_+861690+203971,1439.5,18.0,1678.0,1389.0,1269.0,1198.0,1381.5,1360.5,1479.5,1629.0,1566.5,1730.5,401.5,18.3230715974785,77.40697463305925,0.06271161884069443,-0.034276608377695084,0.0,0.0,0.0,
2_+861690+203972,1439.5,18.0,1823.5,1498.5,1269.5,1201.0,1390.0,1434.5,1571.5,1716.5,1594.5,1814.5,401.5,18.32316142900691,77.40697463305925,0.0683775320649147,-0.067107655107975,0.0,0.0,0.0,
2_+861690+203973,1439.5,18.0,1823.5,1498.5,1269.5,1215.5,1410.0,1434.5,1571.5,1716.5,1647.0,1814.5,401.5,18.323251260535322,77.40697463305925,0.07752364128828049,-0.05085529759526253,0.0,0.0,0.0,
2_+861690+203974,1439.5,18.0,1823.5,1498.5,1269.5,1215.5,1410.0,1434.5,1571.5,1716.5,1647.0,1814.5,401.5,18.323341092063732,77.40697463305925,0.07752364128828049,-0.05085529759526253,0.0,0.0,0.0,
2_+861690+203975,1456.0,18.5,1942.5,1582.0,1270.0,1217.0,1418.5,1499.0,1639.5,1809.0,1696.5,1934.5,428.5,18.323430923592145,77.40697463305925,0.08914867788553238,-0.06770665943622589,0.0,0.0,0.0,
2_+861690+203976,1456.0,18.5,1942.5,1582.0,1292.0,1244.0,1449.5,1499.0,1639.5,1809.0,1698.5,1934.5,428.5,18.32352075512056,77.40697463305925,0.07876591384410858,-0.06736420094966888,0.0,0.0,0.0,
2_+861690+203977,1456.0,18.5,1989.0,1597.0,1316.0,1258.0,1478.5,1533.5,1643.5,1815.0,1713.5,1947.0,428.5,18.323610586648968,77.40697463305925,0.07336227595806122,-0.07473713159561157,0.0,0.0,0.0,
2_+861690+203978,1456.0,18.5,1989.0,1597.0,1317.0,1254.0,1462.0,1533.5,1643.5,1815.0,1705.0,1947.0,428.5,18.32370041817738,77.40697463305925,0.07652195543050766,-0.07735233753919601,0.0,0.0,0.0,
2_+861690+203979,1456.0,18.5,1876.5,1447.0,1257.0,1184.0,1337.5,1368.5,1601.0,1823.5,1708.0,1999.5,428.5,18.323790249705795,77.40697463305925,0.12205751240253448,-0.04696501046419144,0.0,0.0,0.0,
2_+861690+203980,1456.0,18.5,1876.5,1447.0,1197.0,1143.5,1250.5,1368.5,1601.0,1823.5,1733.5,1999.5,428.5,18.323880081234204,77.40697463305925,0.16187746822834015,-0.0395573191344738,0.0,0.0,0.0,
2_+861690+203981,1453.5,18.5,2058.5,1594.0,1265.5,1196.0,1383.5,1450.5,1647.0,1843.0,1782.0,2036.5,432.0,18.323969912762617,77.40697463305925,0.1254625916481018,-0.07236744463443756,0.0,0.0,0.0,
2_+861690+203982,1453.5,18.5,2058.5,1594.0,1314.5,1253.0,1444.0,1450.5,1647.0,1843.0,1735.0,2036.5,432.0,18.32405974429103,77.40697463305925,0.0913378894329071,-0.08541101217269897,0.0,0.0,0.0,
2_+861690+203983,1453.5,18.5,2046.5,1585.0,1305.5,1220.0,1420.0,1472.5,1573.5,1755.5,1707.0,1893.5,432.0,18.32414957581944,77.40697463305925,0.09174992144107819,-0.0905875563621521,0.0,0.0,0.0,
2_+861690+203984,1453.5,18.5,2046.5,1585.0,1283.5,1197.5,1378.0,1472.5,1573.5,1755.5,1667.5,1893.5,432.0,18.324239407347854,77.40697463305925,0.09482745826244354,-0.1021820455789566,0.0,0.0,0.0,
2_+861690+203985,1453.5,18.5,1689.5,1303.0,1255.0,1171.5,1308.5,1288.5,1397.0,1546.5,1605.0,1664.5,432.0,18.324329238876263,77.40697463305925,0.10081788152456284,-0.026012524962425232,0.0,0.0,0.0,
2_+861690+203986,1453.5,18.5,1689.5,1303.0,1224.0,1107.5,1218.5,1288.5,1397.0,1546.5,1367.5,1664.5,432.0,18.324419070404677,77.40697463305925,0.05617281049489975,-0.10625074058771133,0.0,0.0,0.0,
2_+861690+203987,1404.0,18.5,1415.5,1102.0,1193.5,1072.0,1152.5,1138.0,1238.0,1348.0,1260.0,1440.5,380.0,18.32450890193309,77.40697463305925,0.04438316076993942,-0.058231696486473083,0.0,0.0,0.0,
2_+861690+203988,1404.0,18.5,1415.5,1102.0,1170.5,1055.5,1113.5,1138.0,1238.0,1348.0,1205.0,1440.5,380.0,18.3245987334615,77.40697463305925,0.039387136697769165,-0.08035349100828171,0.0,0.0,0.0,
2_+861690+203989,1404.0,18.5,1369.5,1068.5,1168.0,1049.5,1113.5,1116.0,1231.0,1349.5,1268.0,1492.5,380.0,18.324688564989913,77.40697463305925,0.0646282508969307,-0.03900540620088577,0.0,0.0,0.0,
2_+861690+203990,1404.0,18.5,1369.5,1068.5,1171.0,1042.0,1098.5,1116.0,1231.0,1349.5,1283.5,1492.5,380.0,18.324778396518326,77.40697463305925,0.07747133076190948,-0.032583534717559814,0.0,0.0,0.0,
2_+861690+203991,1404.0,18.5,1302.0,968.0,1132.5,992.0,1015.0,1040.0,1118.0,1202.5,1148.0,1305.5,380.0,18.324868228046736,77.40697463305925,0.06031379476189613,-0.06398741155862808,0.0,0.0,0.0,
2_+861690+203992,1404.0,18.5,1302.0,968.0,1121.0,978.0,985.5,1040.0,1118.0,1202.5,1080.5,1305.5,380.0,18.32495805957515,77.40697463305925,0.04587782919406891,-0.09308683127164841,0.0,0.0,0.0,
2_+861690+203993,1384.5,17.5,1351.5,984.0,1127.5,983.0,992.5,1068.5,1236.5,1366.0,1172.5,1485.0,359.0,18.325047891103562,77.40697463305925,0.0829407125711441,-0.07118020951747894,0.0,0.0,0.0,
2_+861690+203994,1318.0,9.0,1310.0,1005.0,1074.0,958.0,998.0,1056.0,1202.0,1333.0,1281.0,1413.0,432.0,18.325137722631972,77.40697463305925,0.12417726963758469,-0.01119258999824524,0.0,0.0,0.0,
2_+861691+203964,1449.0,18.5,1817.5,1468.5,1266.5,1195.5,1388.0,1424.5,1550.5,1682.0,1592.5,1801.5,405.0,18.322442776779614,77.40706446458766,0.06854687631130219,-0.06604831665754318,0.0,0.0,0.0,
2_+861691+203965,1449.0,18.5,1817.5,1468.5,1273.5,1198.0,1385.0,1424.5,1550.5,1682.0,1559.5,1801.5,405.0,18.322532608308027,77.40706446458766,0.05919582024216652,-0.07645179331302643,0.0,0.0,0.0,
2_+861691+203966,1449.0,18.5,1646.5,1314.5,1267.0,1182.5,1341.5,1332.0,1433.5,1574.0,1518.5,1658.0,405.0,18.322622439836437,77.40706446458766,0.06154973432421684,-0.04091636836528778,0.0,0.0,0.0,
2_+861691+203967,1449.0,18.5,1646.5,1314.5,1236.5,1129.5,1262.0,1332.0,1433.5,1574.0,1419.0,1658.0,405.0,18.32271227136485,77.40706446458766,0.05809750780463219,-0.07491546869277954,0.0,0.0,0.0,
2_+861691+203968,1439.5,18.0,1562.5,1246.5,1185.5,1087.0,1189.0,1241.0,1387.0,1497.0,1312.5,1609.5,401.5,18.322802102893263,77.40706446458766,0.04923826828598976,-0.08699537813663483,0.0,0.0,0.0,
2_+861691+203969,1439.5,18.0,1562.5,1246.5,1202.0,1094.0,1228.5,1241.0,1387.0,1497.0,1343.0,1609.5,401.5,18.322891934421673,77.40706446458766,0.04458106681704521,-0.0757284015417099,0.0,0.0,0.0,
2_+861691+203970,1439.5,18.0,1678.0,1389.0,1226.5,1143.0,1304.5,1360.5,1479.5,1629.0,1445.5,1730.5,401.5,18.322981765950086,77.40706446458766,0.05144601687788963,-0.07434103637933731,0.0,0.0,0.0,
2_+861691+203971,1439.5,18.0,1678.0,1389.0,1251.0,1183.5,1365.5,1360.5,1479.5,1629.0,1530.0,1730.5,401.5,18.3230715974785,77.40706446458766,0.05673534795641899,-0.04608364403247833,0.0,0.0,0.0,
2_+861691+203972,1439.5,18.0,1823.5,1498.5,1273.0,1199.0,1384.5,1434.5,1571.5,1716.5,1601.0,1814.5,401.5,18.32316142900691,77.40706446458766,0.0724245086312294,-0.06500287353992462,0.0,0.0,0.0,
2_+861691+203973,1439.5,18.0,1823.5,1498.5,1268.5,1204.5,1405.0,1434.5,1571.5,1716.5,1645.5,1814.5,401.5,18.323251260535322,77.40706446458766,0.07884547859430313,-0.05127732828259468,0.0,0.0,0.0,
2_+861691+203974,1456.0,18.5,1942.5,1582.0,1285.0,1225.5,1439.0,1499.0,1639.5,1809.0,1706.0,1934.5,428.5,18.323341092063732,77.40706446458766,0.08485376834869385,-0.06486715376377106,0.0,0.0,0.0,
2_+861691+203975,1456.0,18.5,1942.5,1582.0,1308.5,1258.0,1477.0,1499.0,1639.5,1809.0,1745.0,1934.5,428.5,18.323430923592145,77.40706446458766,0.08300551772117615,-0.053739309310913086,0.0,0.0,0.0,
2_+861691+203976,1456.0,18.5,1942.5,1582.0,1292.0,1244.0,1449.5,1499.0,1639.5,1809.0,1698.5,1934.5,428.5,18.32352075512056,77.40706446458766,0.07876591384410858,-0.06736420094966888,0.0,0.0,0.0,
2_+861691+203977,1456.0,18.5,1989.0,1597.0,1316.0,1258.0,1478.5,1533.5,1643.5,1815.0,1713.5,1947.0,428.5,18.323610586648968,77.40706446458766,0.07336227595806122,-0.07473713159561157,0.0,0.0,0.0,
2_+861691+203978,1456.0,18.5,1989.0,1597.0,1317.0,1254.0,1462.0,1533.5,1643.5,1815.0,1705.0,1947.0,428.5,18.32370041817738,77.40706446458766,0.07652195543050766,-0.07735233753919601,0.0,0.0,0.0,
2_+861691+203979,1456.0,18.5,2013.0,1566.0,1282.5,1204.0,1372.0,1455.5,1621.5,1793.5,1660.5,1926.5,428.5,18.323790249705795,77.40706446458766,0.09547226130962372,-0.09609638154506683,0.0,0.0,0.0,
2_+861691+203980,1456.0,18.5,2013.0,1566.0,1242.0,1163.5,1304.5,1455.5,1621.5,1793.5,1673.0,1926.5,428.5,18.323880081234204,77.40706446458766,0.12378788739442825,-0.09226597100496292,0.0,0.0,0.0,
2_+861691+203981,1453.5,18.5,2107.5,1641.5,1276.5,1202.5,1359.5,1471.0,1639.0,1818.5,1695.5,1989.5,432.0,18.323969912762617,77.40706446458766,0.10971302539110184,-0.10845370590686798,0.0,0.0,0.0,
2_+861691+203982,1453.5,18.5,2107.5,1641.5,1305.0,1247.0,1427.5,1471.0,1639.0,1818.5,1696.0,1989.5,432.0,18.32405974429103,77.40706446458766,0.0857837051153183,-0.1082330197095871,0.0,0.0,0.0,
2_+861691+203983,1453.5,18.5,2095.5,1649.0,1310.0,1234.0,1438.5,1476.5,1635.0,1816.5,1720.0,1983.5,432.0,18.32414957581944,77.40706446458766,0.08891074359416962,-0.09874662011861801,0.0,0.0,0.0,
2_+861691+203984,1453.5,18.5,2095.5,1649.0,1289.5,1214.0,1398.5,1476.5,1635.0,1816.5,1708.5,1983.5,432.0,18.324239407347854,77.40706446458766,0.0995902344584465,-0.10197630524635315,0.0,0.0,0.0,
2_+861691+203985,1453.5,18.5,1829.0,1412.0,1279.0,1193.0,1359.0,1380.5,1524.5,1681.0,1636.0,1834.5,432.0,18.324329238876263,77.40706446458766,0.091842882335186,-0.05609005689620972,0.0,0.0,0.0,
2_+861691+203986,1453.5,18.5,1829.0,1412.0,1242.5,1145.5,1264.5,1380.5,1524.5,1681.0,1456.0,1834.5,432.0,18.324419070404677,77.40706446458766,0.06892608851194382,-0.11484360694885254,0.0,0.0,0.0,
2_+861691+203987,1404.0,18.5,1626.5,1226.0,1207.0,1100.0,1203.5,1267.0,1393.0,1501.5,1372.0,1627.5,380.0,18.32450890193309,77.40706446458766,0.06497365236282349,-0.08528987318277359,0.0,0.0,0.0,
2_+861691+203988,1404.0,18.5,1626.5,1226.0,1196.5,1071.5,1177.0,1267.0,1393.0,1501.5,1352.0,1627.5,380.0,18.3245987334615,77.40706446458766,0.0677357167005539,-0.09381620585918427,0.0,0.0,0.0,
2_+861691+203989,1404.0,18.5,1528.0,1145.0,1168.0,1050.0,1123.0,1187.5,1287.0,1461.0,1262.0,1560.0,380.0,18.324688564989913,77.40706446458766,0.05803079158067703,-0.09554571658372879,0.0,0.0,0.0,
2_+861691+203990,1404.0,18.5,1528.0,1145.0,1166.0,1047.0,1120.0,1187.5,1287.0,1461.0,1312.0,1560.0,380.0,18.324778396518326,77.40706446458766,0.07897976040840149,-0.07602198421955109,0.0,0.0,0.0,
2_+861691+203991,1404.0,18.5,1433.5,1056.0,1173.0,1031.5,1095.5,1116.0,1322.5,1460.0,1247.0,1636.5,380.0,18.324868228046736,77.40706446458766,0.06340868026018143,-0.07075826823711395,0.0,0.0,0.0,
2_+861691+203992,1404.0,18.5,1433.5,1056.0,1145.5,1005.0,1040.5,1116.0,1322.5,1460.0,1219.0,1636.5,380.0,18.32495805957515,77.40706446458766,0.07879329472780228,-0.08079850673675537,0.0,0.0,0.0,
2_+861691+203993,1384.5,17.5,1369.0,996.0,1140.5,1017.5,1017.5,1086.5,1304.5,1486.0,1268.0,1584.5,359.0,18.325047891103562,77.40706446458766,0.10934074223041534,-0.03866012021899223,0.0,0.0,0.0,
2_+861691+203994,,,,,,,,,,,,,,18.325137722631972,77.40706446458766,,,,,,
2_+861691+203995,,,,,,,,,,,,,,18.325227554160385,77.40706446458766,,,,,,
2_+861692+203964,1449.0,18.5,1780.0,1413.5,1276.5,1206.0,1396.0,1422.0,1546.5,1681.5,1576.0,1797.0,405.0,18.322442776779614,77.40715429611608,0.06045994162559509,-0.060922641307115555,0.0,0.0,0.0,
2_+861692+203965,1449.0,18.5,1780.0,1413.5,1274.5,1208.5,1406.0,1422.0,1546.5,1681.5,1599.5,1797.0,405.0,18.322532608308027,77.40715429611608,0.06416402757167816,-0.05366494506597519,0.0,0.0,0.0,
2_+861692+203966,1449.0,18.5,1663.0,1319.5,1267.5,1190.5,1367.5,1370.5,1466.0,1600.0,1541.0,1700.0,405.0,18.322622439836437,77.40715429611608,0.05951919034123421,-0.038299672305583954,0.0,0.0,0.0,
2_+861692+203967,1449.0,18.5,1663.0,1319.5,1243.0,1147.5,1285.0,1370.5,1466.0,1600.0,1413.5,1700.0,405.0,18.32271227136485,77.40715429611608,0.047451313585042953,-0.08142121136188507,0.0,0.0,0.0,
2_+861692+203968,1439.5,18.0,1587.0,1255.5,1212.0,1096.5,1229.0,1283.0,1381.5,1514.0,1366.5,1625.5,401.5,18.322802102893263,77.40715429611608,0.05276104062795639,-0.0748799592256546,0.0,0.0,0.0,
2_+861692+203969,1439.5,18.0,1587.0,1255.5,1206.5,1108.0,1234.0,1283.0,1381.5,1514.0,1375.5,1625.5,401.5,18.322891934421673,77.40715429611608,0.05422882363200188,-0.07137972116470337,0.0,0.0,0.0,
2_+861692+203970,1439.5,18.0,1651.0,1343.0,1224.5,1137.5,1272.5,1320.0,1422.5,1577.0,1450.5,1700.5,401.5,18.322981765950086,77.40715429611608,0.06543609499931335,-0.0644623190164566,0.0,0.0,0.0,
2_+861692+203971,1439.5,18.0,1651.0,1343.0,1242.0,1170.0,1321.0,1320.0,1422.5,1577.0,1529.5,1700.5,401.5,18.3230715974785,77.40715429611608,0.07315400242805481,-0.03801350295543671,0.0,0.0,0.0,
2_+861692+203972,1439.5,18.0,1823.5,1498.5,1273.0,1199.0,1384.5,1434.5,1571.5,1716.5,1601.0,1814.5,401.5,18.32316142900691,77.40715429611608,0.0724245086312294,-0.06500287353992462,0.0,0.0,0.0,
2_+861692+203973,1439.5,18.0,1823.5,1498.5,1268.5,1204.5,1405.0,1434.5,1571.5,1716.5,1645.5,1814.5,401.5,18.323251260535322,77.40715429611608,0.07884547859430313,-0.05127732828259468,0.0,0.0,0.0,
2_+861692+203974,1456.0,18.5,1942.5,1582.0,1285.0,1225.5,1439.0,1499.0,1639.5,1809.0,1706.0,1934.5,428.5,18.323341092063732,77.40715429611608,0.08485376834869385,-0.06486715376377106,0.0,0.0,0.0,
2_+861692+203975,1456.0,18.5,1942.5,1582.0,1308.5,1258.0,1477.0,1499.0,1639.5,1809.0,1745.0,1934.5,428.5,18.323430923592145,77.40715429611608,0.08300551772117615,-0.053739309310913086,0.0,0.0,0.0,
2_+861692+203976,1456.0,18.5,1989.0,1597.0,1325.5,1272.5,1503.0,1533.5,1643.5,1815.0,1745.5,1947.0,428.5,18.32352075512056,77.40715429611608,0.07440824061632156,-0.06555234640836716,0.0,0.0,0.0,
2_+861692+203977,1456.0,18.5,1989.0,1597.0,1324.5,1266.5,1477.5,1533.5,1643.5,1815.0,1731.0,1947.0,428.5,18.323610586648968,77.40715429611608,0.07880639284849167,-0.06980354338884354,0.0,0.0,0.0,
2_+861692+203978,1456.0,18.5,2013.0,1566.0,1303.0,1237.5,1431.0,1455.5,1621.5,1793.5,1672.5,1926.5,428.5,18.32370041817738,77.40715429611608,0.07777055352926254,-0.09266851842403412,0.0,0.0,0.0,
2_+861692+203979,1456.0,18.5,2013.0,1566.0,1303.0,1237.5,1431.0,1455.5,1621.5,1793.5,1672.5,1926.5,428.5,18.323790249705795,77.40715429611608,0.07777055352926254,-0.09266851842403412,0.0,0.0,0.0,
2_+861692+203980,1456.0,18.5,2013.0,1566.0,1295.5,1229.0,1399.5,1455.5,1621.5,1793.5,1729.5,1926.5,428.5,18.323880081234204,77.40715429611608,0.10532048344612122,-0.07595032453536987,0.0,0.0,0.0,
2_+861692+203981,1453.5,18.5,2107.5,1641.5,1302.5,1241.5,1433.5,1471.0,1639.0,1818.5,1744.0,1989.5,432.0,18.323969912762617,77.40715429611608,0.09746544063091278,-0.09452162683010101,0.0,0.0,0.0,
2_+861692+203982,1453.5,18.5,2107.5,1641.5,1320.0,1259.5,1470.5,1471.0,1639.0,1818.5,1753.5,1989.5,432.0,18.32405974429103,77.40715429611608,0.0877397432923317,-0.09170739352703094,0.0,0.0,0.0,
2_+861692+203983,1453.5,18.5,2095.5,1649.0,1312.5,1256.0,1466.0,1476.5,1635.0,1816.5,1756.0,1983.5,432.0,18.32414957581944,77.40715429611608,0.08972731977701187,-0.08845727890729904,0.0,0.0,0.0,
2_+861692+203984,1453.5,18.5,2095.5,1649.0,1308.0,1254.5,1447.0,1476.5,1635.0,1816.5,1730.0,1983.5,432.0,18.324239407347854,77.40715429611608,0.08892934024333954,-0.09580187499523163,0.0,0.0,0.0,
2_+861692+203985,1453.5,18.5,1829.0,1412.0,1310.5,1248.0,1417.5,1380.5,1524.5,1681.0,1668.5,1834.5,432.0,18.324329238876263,77.40715429611608,0.08082764595746994,-0.04607905074954033,0.0,0.0,0.0,
2_+861692+203986,1453.5,18.5,1829.0,1412.0,1269.0,1204.0,1355.0,1380.5,1524.5,1681.0,1584.0,1834.5,432.0,18.324419070404677,77.40715429611608,0.07741409540176392,-0.07197575271129608,0.0,0.0,0.0,
2_+861692+203987,1345.0,10.0,1671.0,1281.0,1219.0,1180.0,1332.0,1324.0,1442.0,1566.0,1604.0,1681.0,465.0,18.32450890193309,77.40715429611608,0.09264305233955383,-0.02045801468193531,0.0,0.0,0.0,
2_+861692+203988,1463.0,27.0,1582.0,1171.0,1254.0,1134.0,1257.0,1210.0,1344.0,1437.0,1514.0,1574.0,295.0,18.3245987334615,77.40715429611608,0.092746302485466,-0.021963823586702347,0.0,0.0,0.0,
2_+861692+203989,1404.0,18.5,1528.0,1145.0,1190.5,1085.0,1173.5,1187.5,1287.0,1461.0,1390.0,1560.0,380.0,18.324688564989913,77.40715429611608,0.08350396156311035,-0.04838710278272629,0.0,0.0,0.0,
2_+861692+203990,1404.0,18.5,1528.0,1145.0,1185.0,1069.0,1149.5,1187.5,1287.0,1461.0,1414.5,1560.0,380.0,18.324778396518326,77.40715429611608,0.10344980657100677,-0.038629524409770966,0.0,0.0,0.0,
2_+861692+203991,,,,,,,,,,,,,,18.324868228046736,77.40715429611608,,,,,,
2_+861692+203992,,,,,,,,,,,,,,18.32495805957515,77.40715429611608,,,,,,
2_+861692+203993,,,,,,,,,,,,,,18.325047891103562,77.40715429611608,,,,,,
2_+861692+203994,,,,,,,,,,,,,,18.325137722631972,77.40715429611608,,,,,,
2_+861692+203995,1318.0,9.0,1379.0,1029.0,1093.0,992.0,1046.0,1125.0,1415.0,1604.0,1368.0,1658.0,432.0,18.325227554160385,77.40715429611608,0.13338856399059296,-0.004004368558526039,0.0,0.0,0.0,
2_+861693+203964,1449.0,18.5,1780.0,1413.5,1277.0,1210.5,1399.5,1422.0,1546.5,1681.5,1592.5,1797.0,405.0,18.322442776779614,77.40724412764449,0.06445805728435516,-0.055638618767261505,0.0,0.0,0.0,
2_+861693+203965,1449.0,18.5,1780.0,1413.5,1282.5,1221.5,1405.5,1422.0,1546.5,1681.5,1614.5,1797.0,405.0,18.322532608308027,77.40724412764449,0.0689275935292244,-0.04913482069969177,0.0,0.0,0.0,
2_+861693+203966,1449.0,18.5,1663.0,1319.5,1270.5,1191.0,1359.0,1370.5,1466.0,1600.0,1538.0,1700.0,405.0,18.322622439836437,77.40724412764449,0.061400093138217926,-0.03953943029046059,0.0,0.0,0.0,
2_+861693+203967,1449.0,18.5,1663.0,1319.5,1256.5,1176.0,1337.5,1370.5,1466.0,1600.0,1506.5,1700.0,405.0,18.32271227136485,77.40724412764449,0.0593242309987545,-0.04945897310972214,0.0,0.0,0.0,
2_+861693+203968,1439.5,18.0,1587.0,1255.5,1212.0,1096.5,1229.0,1283.0,1381.5,1514.0,1366.5,1625.5,401.5,18.322802102893263,77.40724412764449,0.05276104062795639,-0.0748799592256546,0.0,0.0,0.0,
2_+861693+203969,1439.5,18.0,1587.0,1255.5,1206.5,1108.0,1234.0,1283.0,1381.5,1514.0,1375.5,1625.5,401.5,18.322891934421673,77.40724412764449,0.05422882363200188,-0.07137972116470337,0.0,0.0,0.0,
2_+861693+203970,1439.5,18.0,1651.0,1343.0,1224.5,1137.5,1272.5,1320.0,1422.5,1577.0,1450.5,1700.5,401.5,18.322981765950086,77.40724412764449,0.06543609499931335,-0.0644623190164566,0.0,0.0,0.0,
2_+861693+203971,1439.5,18.0,1651.0,1343.0,1242.0,1170.0,1321.0,1320.0,1422.5,1577.0,1529.5,1700.5,401.5,18.3230715974785,77.40724412764449,0.07315400242805481,-0.03801350295543671,0.0,0.0,0.0,
2_+861693+203972,1439.5,18.0,1779.5,1453.0,1253.0,1180.5,1353.5,1387.5,1513.0,1661.0,1561.5,1765.0,401.5,18.32316142900691,77.40724412764449,0.07130170613527298,-0.06517404317855835,0.0,0.0,0.0,
2_+861693+203973,1439.5,18.0,1779.5,1453.0,1255.0,1197.0,1386.5,1387.5,1513.0,1661.0,1612.5,1765.0,401.5,18.323251260535322,77.40724412764449,0.0753573477268219,-0.0491054467856884,0.0,0.0,0.0,
2_+861693+203974,1456.0,18.5,1896.0,1545.5,1282.5,1224.5,1425.0,1458.0,1593.0,1750.5,1654.0,1882.0,428.5,18.323341092063732,77.40724412764449,0.07437075674533844,-0.06809595227241516,0.0,0.0,0.0,
2_+861693+203975,1456.0,18.5,1896.0,1545.5,1305.0,1248.5,1453.5,1458.0,1593.0,1750.5,1703.0,1882.0,428.5,18.323430923592145,77.40724412764449,0.07888539135456085,-0.05370398610830307,0.0,0.0,0.0,
2_+861693+203976,1456.0,18.5,2006.5,1614.0,1319.0,1271.0,1474.0,1521.0,1658.5,1824.5,1732.5,1960.5,428.5,18.32352075512056,77.40724412764449,0.08046626299619675,-0.07339224219322205,0.0,0.0,0.0,
2_+861693+203977,1456.0,18.5,2006.5,1614.0,1325.0,1277.5,1479.0,1521.0,1658.5,1824.5,1731.0,1960.5,428.5,18.323610586648968,77.40724412764449,0.07849657535552979,-0.07376670092344284,0.0,0.0,0.0,
2_+861693+203978,1456.0,18.5,2087.5,1637.5,1310.5,1267.5,1486.5,1527.5,1669.5,1856.0,1748.5,2003.0,428.5,18.32370041817738,77.40724412764449,0.08092276006937027,-0.08854256570339203,0.0,0.0,0.0,
2_+861693+203979,1456.0,18.5,2087.5,1637.5,1294.0,1255.0,1441.0,1527.5,1669.5,1856.0,1794.0,2003.0,428.5,18.323790249705795,77.40724412764449,0.10893486440181732,-0.07579855620861053,0.0,0.0,0.0,
2_+861693+203980,1453.5,18.5,2110.5,1643.0,1298.0,1249.5,1436.5,1486.5,1643.5,1814.0,1773.0,1992.5,432.0,18.323880081234204,77.40724412764449,0.1043904721736908,-0.08727346360683441,0.0,0.0,0.0,
2_+861693+203981,1453.5,18.5,2110.5,1643.0,1298.0,1249.5,1436.5,1486.5,1643.5,1814.0,1773.0,1992.5,432.0,18.323969912762617,77.40724412764449,0.1043904721736908,-0.08727346360683441,0.0,0.0,0.0,
2_+861693+203982,1453.5,18.5,2110.5,1643.0,1315.0,1262.5,1476.5,1486.5,1643.5,1814.0,1756.5,1992.5,432.0,18.32405974429103,77.40724412764449,0.08641739934682846,-0.09173215925693512,0.0,0.0,0.0,
2_+861693+203983,1453.5,18.5,2079.5,1637.0,1308.0,1264.5,1457.0,1458.0,1611.5,1779.0,1739.0,1946.0,432.0,18.32414957581944,77.40724412764449,0.0880524218082428,-0.0893983393907547,0.0,0.0,0.0,
2_+861693+203984,1453.5,18.5,2079.5,1637.0,1300.0,1237.5,1444.0,1458.0,1611.5,1779.0,1713.5,1946.0,432.0,18.324239407347854,77.40724412764449,0.08526822924613953,-0.09661854803562164,0.0,0.0,0.0,
2_+861693+203985,1453.5,18.5,1976.5,1528.5,1288.0,1231.0,1404.5,1393.5,1537.5,1713.5,1691.5,1908.0,432.0,18.324329238876263,77.40724412764449,0.09234945476055145,-0.07802754640579224,0.0,0.0,0.0,
2_+861693+203986,1453.5,18.5,1976.5,1528.5,1255.5,1188.5,1319.5,1393.5,1537.5,1713.5,1633.5,1908.0,432.0,18.324419070404677,77.40724412764449,0.10551797598600388,-0.09581202268600464,0.0,0.0,0.0,
2_+861693+203987,1404.0,18.5,1869.5,1413.5,1232.0,1145.0,1274.5,1287.0,1439.5,1613.5,1602.5,1814.5,380.0,18.32450890193309,77.40724412764449,0.11366507411003113,-0.07718533277511597,0.0,0.0,0.0,
2_+861693+203988,1404.0,18.5,1869.5,1413.5,1207.5,1101.0,1239.5,1287.0,1439.5,1613.5,1576.5,1814.5,380.0,18.3245987334615,77.40724412764449,0.11931062489748001,-0.08533923327922821,0.0,0.0,0.0,
2_+861693+203989,1404.0,18.5,1776.5,1319.5,1185.0,1062.0,1182.0,1238.0,1405.5,1613.5,1465.0,1752.5,380.0,18.324688564989913,77.40724412764449,0.10641446709632874,-0.09650736302137375,0.0,0.0,0.0,
2_+861693+203990,1404.0,18.5,1776.5,1319.5,1186.5,1072.5,1158.5,1238.0,1405.5,1613.5,1561.0,1752.5,380.0,18.324778396518326,77.40724412764449,0.14756250381469727,-0.06493785977363586,0.0,0.0,0.0,
2_+861693+203991,1345.0,10.0,1679.0,1250.0,1145.0,1054.0,1168.0,1224.0,1479.0,1613.0,1674.0,1765.0,465.0,18.324868228046736,77.40724412764449,0.17804363369941711,-0.0014912019250914454,0.0,0.0,0.0,
2_+861693+203992,1463.0,27.0,1601.0,1116.0,1198.0,1070.0,1068.0,1155.0,1435.0,1523.0,1526.0,1716.0,295.0,18.32495805957515,77.40724412764449,0.17656129598617554,-0.023984650149941444,0.0,0.0,0.0,
2_+861693+203993,1451.0,26.0,1330.0,999.0,1217.0,1090.0,1108.0,1113.0,1196.0,1401.0,1284.0,1493.0,286.0,18.325047891103562,77.40724412764449,0.0735785961151123,-0.01759755238890648,0.0,0.0,0.0,
2_+861693+203994,1384.5,17.5,1378.0,1040.5,1176.5,1040.0,1087.5,1130.5,1237.5,1429.0,1231.5,1501.0,359.0,18.325137722631972,77.40724412764449,0.06146162748336792,-0.05643776059150696,0.0,0.0,0.0,
2_+861693+203995,1384.5,17.5,1342.0,1027.0,1167.0,1032.5,1083.0,1131.0,1290.0,1388.0,1285.5,1525.0,359.0,18.325227554160385,77.40724412764449,0.0855652242898941,-0.021499719470739365,0.0,0.0,0.0,
2_+861694+203964,1449.0,18.5,1780.0,1413.5,1277.0,1210.5,1399.5,1422.0,1546.5,1681.5,1592.5,1797.0,405.0,18.322442776779614,77.4073339591729,0.06445805728435516,-0.055638618767261505,0.0,0.0,0.0,
2_+861694+203965,1449.0,18.5,1780.0,1413.5,1282.5,1221.5,1405.5,1422.0,1546.5,1681.5,1614.5,1797.0,405.0,18.322532608308027,77.4073339591729,0.0689275935292244,-0.04913482069969177,0.0,0.0,0.0,
2_+861694+203966,1449.0,18.5,1663.0,1319.5,1270.5,1191.0,1359.0,1370.5,1466.0,1600.0,1538.0,1700.0,405.0,18.322622439836437,77.4073339591729,0.061400093138217926,-0.03953943029046059,0.0,0.0,0.0,
2_+861694+203967,1449.0,18.5,1663.0,1319.5,1256.5,1176.0,1337.5,1370.5,1466.0,1600.0,1506.5,1700.0,405.0,18.32271227136485,77.4073339591729,0.0593242309987545,-0.04945897310972214,0.0,0.0,0.0,
2_+861694+203968,1439.5,18.0,1587.0,1255.5,1260.0,1172.5,1329.0,1283.0,1381.5,1514.0,1521.0,1625.5,401.5,18.322802102893263,77.4073339591729,0.06733030080795288,-0.021299026906490326,0.0,0.0,0.0,
2_+861694+203969,1439.5,18.0,1587.0,1255.5,1241.5,1162.5,1284.5,1283.0,1381.5,1514.0,1493.0,1625.5,401.5,18.322891934421673,77.4073339591729,0.07491875439882278,-0.030695784837007523,0.0,0.0,0.0,
2_+861694+203970,1439.5,18.0,1651.0,1343.0,1219.5,1130.0,1255.0,1320.0,1422.5,1577.0,1464.0,1700.5,401.5,18.322981765950086,77.4073339591729,0.0768556296825409,-0.05985214561223984,0.0,0.0,0.0,
2_+861694+203971,1439.5,18.0,1651.0,1343.0,1228.5,1140.5,1281.5,1320.0,1422.5,1577.0,1480.0,1700.5,401.5,18.3230715974785,77.4073339591729,0.07192287594079971,-0.05442500114440918,0.0,0.0,0.0,
2_+861694+203972,1439.5,18.0,1779.5,1453.0,1245.5,1161.0,1305.0,1387.5,1513.0,1661.0,1508.0,1765.0,401.5,18.32316142900691,77.4073339591729,0.0721760243177414,-0.08246217668056488,0.0,0.0,0.0,
2_+861694+203973,1439.5,18.0,1779.5,1453.0,1246.0,1183.0,1335.5,1387.5,1513.0,1661.0,1546.5,1765.0,401.5,18.323251260535322,77.4073339591729,0.07319145649671555,-0.06993843615055084,0.0,0.0,0.0,
2_+861694+203974,1456.0,18.5,1896.0,1545.5,1269.0,1201.5,1383.5,1458.0,1593.0,1750.5,1591.0,1882.0,428.5,18.323341092063732,77.4073339591729,0.06975297629833221,-0.08739292621612549,0.0,0.0,0.0,
2_+861694+203975,1456.0,18.5,1896.0,1545.5,1281.5,1234.5,1429.5,1458.0,1593.0,1750.5,1659.5,1882.0,428.5,18.323430923592145,77.4073339591729,0.07433658093214035,-0.06653541326522827,0.0,0.0,0.0,
2_+861694+203976,1456.0,18.5,2006.5,1614.0,1308.5,1263.0,1467.0,1521.0,1658.5,1824.5,1712.5,1960.5,428.5,18.32352075512056,77.4073339591729,0.07716593146324158,-0.07908820360898972,0.0,0.0,0.0,
2_+861694+203977,1456.0,18.5,2006.5,1614.0,1316.0,1270.0,1481.0,1521.0,1658.5,1824.5,1733.5,1960.5,428.5,18.323610586648968,77.4073339591729,0.07852421700954437,-0.07298225909471512,0.0,0.0,0.0,
2_+861694+203978,1456.0,18.5,2087.5,1637.5,1322.0,1272.0,1491.5,1527.5,1669.5,1856.0,1785.0,2003.0,428.5,18.32370041817738,77.4073339591729,0.08956935256719589,-0.07822832465171814,0.0,0.0,0.0,
2_+861694+203979,1456.0,18.5,2087.5,1637.5,1282.5,1244.0,1435.0,1527.5,1669.5,1856.0,1788.5,2003.0,428.5,18.323790249705795,77.4073339591729,0.1094999685883522,-0.07743433117866516,0.0,0.0,0.0,
2_+861694+203980,1453.5,18.5,2110.5,1643.0,1283.0,1211.5,1407.5,1486.5,1643.5,1814.0,1729.5,1992.5,432.0,18.323880081234204,77.4073339591729,0.10194914788007736,-0.0998210459947586,0.0,0.0,0.0,
2_+861694+203981,1453.5,18.5,2110.5,1643.0,1284.5,1213.0,1388.5,1486.5,1643.5,1814.0,1678.5,1992.5,432.0,18.323969912762617,77.4073339591729,0.09443436563014984,-0.11411823332309723,0.0,0.0,0.0,
2_+861694+203982,1453.5,18.5,2079.5,1637.0,1276.5,1198.5,1386.0,1458.0,1611.5,1779.0,1665.0,1946.0,432.0,18.32405974429103,77.4073339591729,0.09134358912706375,-0.110775887966156,0.0,0.0,0.0,
2_+861694+203983,1453.5,18.5,2079.5,1637.0,1276.5,1198.5,1386.0,1458.0,1611.5,1779.0,1665.0,1946.0,432.0,18.32414957581944,77.4073339591729,0.09134358912706375,-0.110775887966156,0.0,0.0,0.0,
2_+861694+203984,1453.5,18.5,2079.5,1637.0,1278.0,1193.5,1382.5,1458.0,1611.5,1779.0,1648.0,1946.0,432.0,18.324239407347854,77.4073339591729,0.08747885376214981,-0.11586447805166245,0.0,0.0,0.0,
2_+861694+203985,1453.5,18.5,1976.5,1528.5,1276.0,1200.0,1357.0,1393.5,1537.5,1713.5,1665.0,1908.0,432.0,18.324329238876263,77.4073339591729,0.10179375112056732,-0.08564943075180054,0.0,0.0,0.0,
2_+861694+203986,1453.5,18.5,1976.5,1528.5,1247.0,1161.0,1288.5,1393.5,1537.5,1713.5,1596.5,1908.0,432.0,18.324419070404677,77.4073339591729,0.10637544840574265,-0.10685133934020996,0.0,0.0,0.0,
2_+861694+203987,1404.0,18.5,1869.5,1413.5,1210.0,1100.5,1210.0,1287.0,1439.5,1613.5,1516.0,1814.5,380.0,18.32450890193309,77.4073339591729,0.11179494112730026,-0.10478970408439636,0.0,0.0,0.0,
2_+861694+203988,1404.0,18.5,1869.5,1413.5,1204.0,1095.0,1195.5,1287.0,1439.5,1613.5,1493.5,1814.5,380.0,18.3245987334615,77.4073339591729,0.11050567775964737,-0.1120782196521759,0.0,0.0,0.0,
2_+861694+203989,1404.0,18.5,1776.5,1319.5,1203.0,1080.0,1187.0,1238.0,1405.5,1613.5,1486.5,1752.5,380.0,18.324688564989913,77.4073339591729,0.11182649433612823,-0.089030921459198,0.0,0.0,0.0,
2_+861694+203990,1404.0,18.5,1776.5,1319.5,1192.0,1066.5,1170.5,1238.0,1405.5,1613.5,1512.0,1752.5,380.0,18.324778396518326,77.4073339591729,0.12732604146003723,-0.08042873442173004,0.0,0.0,0.0,
2_+861694+203991,1404.0,18.5,1640.0,1183.0,1200.5,1071.0,1155.5,1189.5,1457.0,1568.0,1534.5,1740.5,380.0,18.324868228046736,77.4073339591729,0.14090193808078766,-0.03311979025602341,0.0,0.0,0.0,
2_+861694+203992,1404.0,18.5,1640.0,1183.0,1179.5,1057.5,1089.5,1189.5,1457.0,1568.0,1415.5,1740.5,380.0,18.32495805957515,77.4073339591729,0.12863220274448395,-0.07462085038423538,0.0,0.0,0.0,
2_+861694+203993,1384.5,17.5,1378.0,1040.5,1159.0,1048.5,1082.5,1130.5,1237.5,1429.0,1247.5,1501.0,359.0,18.325047891103562,77.4073339591729,0.07067807018756866,-0.049627210944890976,0.0,0.0,0.0,
2_+861694+203994,1384.5,17.5,1378.0,1040.5,1169.0,1062.0,1113.0,1130.5,1237.5,1429.0,1246.5,1501.0,359.0,18.325137722631972,77.4073339591729,0.05666060745716095,-0.04979410395026207,0.0,0.0,0.0,
2_+861694+203995,1384.5,17.5,1342.0,1027.0,1164.5,1057.0,1093.0,1131.0,1290.0,1388.0,1300.5,1525.0,359.0,18.325227554160385,77.4073339591729,0.08660455793142319,-0.015719259157776833,0.0,0.0,0.0,
2_+861695+203964,1453.5,18.0,1766.0,1396.5,1293.0,1220.5,1405.5,1429.0,1547.0,1691.0,1596.0,1804.5,418.5,18.322442776779614,77.40742379070132,0.06336860358715057,-0.05065423250198364,0.0,0.0,0.0,
2_+861695+203965,1453.5,18.0,1766.0,1396.5,1298.5,1233.0,1422.5,1429.0,1547.0,1691.0,1597.0,1804.5,418.5,18.322532608308027,77.40742379070132,0.057574041187763214,-0.05054470896720886,0.0,0.0,0.0,
2_+861695+203966,1453.5,18.0,1728.5,1367.5,1275.5,1203.0,1370.0,1398.5,1512.0,1669.0,1554.0,1772.5,418.5,18.322622439836437,77.40742379070132,0.0627494752407074,-0.05339919030666351,0.0,0.0,0.0,
2_+861695+203967,1453.5,18.0,1728.5,1367.5,1269.0,1186.5,1348.5,1398.5,1512.0,1669.0,1544.0,1772.5,418.5,18.32271227136485,77.40742379070132,0.06750554591417313,-0.05645374208688736,0.0,0.0,0.0,
2_+861695+203968,1428.0,18.0,1664.0,1304.0,1266.5,1175.0,1333.5,1306.0,1463.0,1604.5,1526.5,1736.5,397.0,18.322802102893263,77.40742379070132,0.06736652553081512,-0.0432250089943409,0.0,0.0,0.0,
2_+861695+203969,1428.0,18.0,1664.0,1304.0,1224.5,1135.0,1270.5,1306.0,1463.0,1604.5,1461.0,1736.5,397.0,18.322891934421673,77.40742379070132,0.06949709355831146,-0.06527930498123169,0.0,0.0,0.0,
2_+861695+203970,1428.0,18.0,1635.0,1264.0,1208.5,1088.0,1200.5,1271.5,1426.0,1576.0,1408.5,1717.0,397.0,18.322981765950086,77.40742379070132,0.07966727018356323,-0.07447119057178497,0.0,0.0,0.0,
2_+861695+203971,1428.0,18.0,1635.0,1264.0,1214.0,1101.0,1234.0,1271.5,1426.0,1576.0,1430.0,1717.0,397.0,18.3230715974785,77.40742379070132,0.07362455129623413,-0.06688080728054047,0.0,0.0,0.0,
2_+861695+203972,1428.0,18.0,1702.0,1376.5,1232.0,1136.5,1288.5,1314.5,1444.0,1576.5,1481.5,1726.5,397.0,18.32316142900691,77.40742379070132,0.06965940445661545,-0.06920094043016434,0.0,0.0,0.0,
2_+861695+203973,1428.0,18.0,1702.0,1376.5,1238.0,1162.0,1302.0,1314.5,1444.0,1576.5,1495.5,1726.5,397.0,18.323251260535322,77.40742379070132,0.06904593110084534,-0.06460846215486526,0.0,0.0,0.0,
2_+861695+203974,1450.5,19.0,1794.0,1450.5,1244.5,1172.5,1331.5,1387.0,1507.0,1641.0,1533.0,1760.5,416.5,18.323341092063732,77.40742379070132,0.07034499198198318,-0.07840593159198761,0.0,0.0,0.0,
2_+861695+203975,1450.5,19.0,1794.0,1450.5,1262.0,1205.5,1393.5,1387.0,1507.0,1641.0,1590.0,1760.5,416.5,18.323430923592145,77.40742379070132,0.06578871607780457,-0.0603121742606163,0.0,0.0,0.0,
2_+861695+203976,1450.5,19.0,1888.0,1520.5,1287.0,1232.0,1425.5,1442.0,1580.0,1722.0,1634.0,1859.0,416.5,18.32352075512056,77.40742379070132,0.06800574064254761,-0.07225442677736282,0.0,0.0,0.0,
2_+861695+203977,1450.5,19.0,1888.0,1520.5,1301.5,1246.0,1440.5,1442.0,1580.0,1722.0,1670.5,1859.0,416.5,18.323610586648968,77.40742379070132,0.07384804636240005,-0.06117233633995056,0.0,0.0,0.0,
2_+861695+203978,1450.5,19.0,1972.5,1566.5,1309.5,1248.5,1465.0,1459.5,1597.0,1759.0,1710.5,1918.0,416.5,18.32370041817738,77.40742379070132,0.07739590853452682,-0.07112664729356766,0.0,0.0,0.0,
2_+861695+203979,1450.5,19.0,1972.5,1566.5,1298.0,1236.5,1430.0,1459.5,1597.0,1759.0,1721.5,1918.0,416.5,18.323790249705795,77.40742379070132,0.092621810734272,-0.06810995936393738,0.0,0.0,0.0,
2_+861695+203980,1446.0,20.0,2012.5,1610.0,1289.0,1202.0,1392.5,1445.0,1586.5,1757.0,1681.5,1922.0,433.0,18.323880081234204,77.40742379070132,0.09347271919250488,-0.09034356474876404,0.0,0.0,0.0,
2_+861695+203981,1446.0,20.0,2012.5,1610.0,1263.0,1189.5,1364.5,1445.0,1586.5,1757.0,1629.5,1922.0,433.0,18.323969912762617,77.40742379070132,0.08823072165250778,-0.10555990040302277,0.0,0.0,0.0,
2_+861695+203982,1446.0,20.0,2031.0,1614.5,1260.0,1172.5,1363.5,1410.5,1556.0,1719.5,1632.5,1890.5,433.0,18.32405974429103,77.40742379070132,0.08960726857185364,-0.10895957052707672,0.0,0.0,0.0,
2_+861695+203983,1446.0,20.0,2031.0,1614.5,1260.5,1184.0,1367.0,1410.5,1556.0,1719.5,1649.5,1890.5,433.0,18.32414957581944,77.40742379070132,0.09349106252193451,-0.1038132756948471,0.0,0.0,0.0,
2_+861695+203984,1446.0,20.0,1969.0,1513.5,1267.0,1196.5,1360.5,1363.0,1483.5,1683.0,1670.0,1826.5,433.0,18.324239407347854,77.40742379070132,0.1018802747130394,-0.08236730098724365,0.0,0.0,0.0,
2_+861695+203985,1446.0,20.0,1969.0,1513.5,1242.0,1159.0,1289.0,1363.0,1483.5,1683.0,1601.0,1826.5,433.0,18.324329238876263,77.40742379070132,0.10691151022911072,-0.10402184724807739,0.0,0.0,0.0,
2_+861695+203986,1446.0,20.0,1969.0,1513.5,1242.0,1159.0,1289.0,1363.0,1483.5,1683.0,1601.0,1826.5,433.0,18.324419070404677,77.40742379070132,0.10691151022911072,-0.10402184724807739,0.0,0.0,0.0,
2_+861695+203987,1407.0,19.0,1811.0,1398.5,1207.5,1107.5,1217.0,1235.0,1399.0,1549.0,1517.0,1734.0,392.0,18.32450890193309,77.40742379070132,0.10941934585571289,-0.0885850116610527,0.0,0.0,0.0,
2_+861695+203988,1407.0,19.0,1811.0,1398.5,1209.5,1103.0,1218.5,1235.0,1399.0,1549.0,1515.0,1734.0,392.0,18.3245987334615,77.40742379070132,0.10833713412284851,-0.08913017809391022,0.0,0.0,0.0,
2_+861695+203989,1407.0,19.0,1763.5,1343.0,1209.5,1104.0,1219.5,1207.0,1371.5,1537.0,1526.5,1707.0,392.0,18.324688564989913,77.40742379070132,0.11165938526391983,-0.0721534863114357,0.0,0.0,0.0,
2_+861695+203990,1407.0,19.0,1763.5,1343.0,1197.5,1092.5,1185.0,1207.0,1371.5,1537.0,1497.0,1707.0,392.0,18.324778396518326,77.40742379070132,0.11585405468940735,-0.08215119689702988,0.0,0.0,0.0,
2_+861695+203991,1407.0,19.0,1572.5,1190.0,1174.0,1065.0,1153.5,1147.0,1285.0,1428.0,1449.5,1577.0,392.0,18.324868228046736,77.40742379070132,0.11311089247465134,-0.040973544120788574,0.0,0.0,0.0,
2_+861695+203992,1407.0,19.0,1572.5,1190.0,1165.0,1034.5,1095.0,1147.0,1285.0,1428.0,1302.0,1577.0,392.0,18.32495805957515,77.40742379070132,0.08515241742134094,-0.09494315832853317,0.0,0.0,0.0,
2_+861695+203993,1384.0,17.5,1267.0,1009.0,1146.0,1022.5,1051.0,1053.5,1149.5,1267.0,1184.0,1336.5,340.0,18.325047891103562,77.40742379070132,0.05914035066962242,-0.034043751657009125,0.0,0.0,0.0,
2_+861695+203994,1384.0,17.5,1267.0,1009.0,1159.5,1034.5,1070.0,1053.5,1149.5,1267.0,1189.5,1336.5,340.0,18.325137722631972,77.40742379070132,0.05326349660754204,-0.031372737139463425,0.0,0.0,0.0,
2_+861695+203995,1384.0,17.5,1243.5,982.5,1179.0,1052.5,1090.0,1072.5,1162.5,1255.0,1231.0,1341.0,340.0,18.325227554160385,77.40742379070132,0.0607551746070385,-0.005049511790275574,0.0,0.0,0.0,
2_+861696+203965,1453.5,18.0,1766.0,1396.5,1301.0,1240.0,1407.0,1429.0,1547.0,1691.0,1587.5,1804.5,418.5,18.322532608308027,77.40751362222973,0.06005634367465973,-0.05354945734143257,0.0,0.0,0.0,
2_+861696+203966,1453.5,18.0,1728.5,1367.5,1288.5,1224.5,1378.0,1398.5,1512.0,1669.0,1571.0,1772.5,418.5,18.322622439836437,77.40751362222973,0.06522469967603683,-0.04821554571390152,0.0,0.0,0.0,
2_+861696+203967,1453.5,18.0,1728.5,1367.5,1273.5,1193.0,1355.5,1398.5,1512.0,1669.0,1547.0,1772.5,418.5,18.32271227136485,77.40751362222973,0.06579861789941788,-0.05572625994682312,0.0,0.0,0.0,
2_+861696+203968,1428.0,18.0,1664.0,1304.0,1255.0,1160.5,1311.5,1306.0,1463.0,1604.5,1494.5,1736.5,397.0,18.322802102893263,77.40751362222973,0.06488080322742462,-0.05405235290527344,0.0,0.0,0.0,
2_+861696+203969,1428.0,18.0,1664.0,1304.0,1206.5,1108.0,1236.0,1306.0,1463.0,1604.5,1505.0,1736.5,397.0,18.322891934421673,77.40751362222973,0.09843631833791733,-0.050180111080408096,0.0,0.0,0.0,
2_+861696+203970,1428.0,18.0,1635.0,1264.0,1163.5,1064.0,1122.5,1271.5,1426.0,1576.0,1530.0,1717.0,397.0,18.322981765950086,77.40751362222973,0.15348738431930542,-0.03333638235926628,0.0,0.0,0.0,
2_+861696+203971,1428.0,18.0,1635.0,1264.0,1195.5,1088.0,1192.5,1271.5,1426.0,1576.0,1535.0,1717.0,397.0,18.3230715974785,77.40751362222973,0.1252381056547165,-0.032204851508140564,0.0,0.0,0.0,
2_+861696+203972,1428.0,18.0,1702.0,1376.5,1231.0,1142.0,1285.5,1314.5,1444.0,1576.5,1482.5,1726.5,397.0,18.32316142900691,77.40751362222973,0.071040078997612,-0.06896118074655533,0.0,0.0,0.0,
2_+861696+203973,1428.0,18.0,1702.0,1376.5,1237.5,1139.5,1305.0,1314.5,1444.0,1576.5,1482.5,1726.5,397.0,18.323251260535322,77.40751362222973,0.06359077244997025,-0.06893613934516907,0.0,0.0,0.0,
2_+861696+203974,1450.5,19.0,1794.0,1450.5,1244.5,1159.5,1309.5,1387.0,1507.0,1641.0,1487.5,1760.5,416.5,18.323341092063732,77.40751362222973,0.06361496448516846,-0.09337185323238373,0.0,0.0,0.0,
2_+861696+203975,1450.5,19.0,1794.0,1450.5,1256.0,1180.5,1355.5,1387.0,1507.0,1641.0,1538.5,1760.5,416.5,18.323430923592145,77.40751362222973,0.06326145678758621,-0.07662174850702286,0.0,0.0,0.0,
2_+861696+203976,1450.5,19.0,1888.0,1520.5,1265.0,1202.0,1394.5,1442.0,1580.0,1722.0,1602.5,1859.0,416.5,18.32352075512056,77.40751362222973,0.06936585158109665,-0.08175622671842575,0.0,0.0,0.0,
2_+861696+203977,1450.5,19.0,1888.0,1520.5,1280.5,1217.0,1402.5,1442.0,1580.0,1722.0,1602.5,1859.0,416.5,18.323610586648968,77.40751362222973,0.06645599007606506,-0.08185321092605591,0.0,0.0,0.0,
2_+861696+203978,1450.5,19.0,1972.5,1566.5,1283.5,1214.0,1408.0,1459.5,1597.0,1759.0,1618.0,1918.0,416.5,18.32370041817738,77.40751362222973,0.06930987536907196,-0.09875299036502838,0.0,0.0,0.0,
2_+861696+203979,1450.5,19.0,1972.5,1566.5,1293.0,1237.5,1425.0,1459.5,1597.0,1759.0,1665.5,1918.0,416.5,18.323790249705795,77.40751362222973,0.077818363904953,-0.08433906733989716,0.0,0.0,0.0,
2_+861696+203980,1446.0,20.0,2012.5,1610.0,1294.0,1227.5,1429.0,1445.0,1586.5,1757.0,1664.5,1922.0,433.0,18.323880081234204,77.40751362222973,0.07606568932533264,-0.09489728510379791,0.0,0.0,0.0,
2_+861696+203981,1446.0,20.0,2012.5,1610.0,1279.5,1211.0,1414.0,1445.0,1586.5,1757.0,1662.5,1922.0,433.0,18.323969912762617,77.40751362222973,0.08039462566375732,-0.09566009789705276,0.0,0.0,0.0,
2_+861696+203982,1446.0,20.0,2031.0,1614.5,1268.0,1194.5,1383.5,1410.5,1556.0,1719.5,1659.5,1890.5,433.0,18.32405974429103,77.40751362222973,0.09052968770265579,-0.1009109765291214,0.0,0.0,0.0,
2_+861696+203983,1446.0,20.0,2031.0,1614.5,1272.0,1185.5,1366.5,1410.5,1556.0,1719.5,1665.5,1890.5,433.0,18.32414957581944,77.40751362222973,0.09844420105218887,-0.099056676030159,0.0,0.0,0.0,
2_+861696+203984,1446.0,20.0,1969.0,1513.5,1254.0,1191.0,1359.5,1363.0,1483.5,1683.0,1664.5,1826.5,433.0,18.324239407347854,77.40751362222973,0.10044258832931519,-0.0841609537601471,0.0,0.0,0.0,
2_+861696+203985,1446.0,20.0,1969.0,1513.5,1255.0,1158.0,1303.0,1363.0,1483.5,1683.0,1579.0,1826.5,433.0,18.324329238876263,77.40751362222973,0.0952170118689537,-0.11061684787273407,0.0,0.0,0.0,
2_+861696+203986,1407.0,19.0,1811.0,1398.5,1201.5,1107.0,1222.0,1235.0,1399.0,1549.0,1480.0,1734.0,392.0,18.324419070404677,77.40751362222973,0.0948929414153099,-0.10105761885643005,0.0,0.0,0.0,
2_+861696+203987,1407.0,19.0,1811.0,1398.5,1202.5,1088.0,1184.5,1235.0,1399.0,1549.0,1464.0,1734.0,392.0,18.32450890193309,77.40751362222973,0.1055888682603836,-0.10597117245197296,0.0,0.0,0.0,
2_+861696+203988,1407.0,19.0,1811.0,1398.5,1202.5,1088.0,1184.5,1235.0,1399.0,1549.0,1464.0,1734.0,392.0,18.3245987334615,77.40751362222973,0.1055888682603836,-0.10597117245197296,0.0,0.0,0.0,
2_+861696+203989,1407.0,19.0,1763.5,1343.0,1203.5,1082.5,1192.5,1207.0,1371.5,1537.0,1467.5,1707.0,392.0,18.324688564989913,77.40751362222973,0.10325378179550171,-0.09175838530063629,0.0,0.0,0.0,
2_+861696+203990,1407.0,19.0,1763.5,1343.0,1180.0,1086.0,1173.5,1207.0,1371.5,1537.0,1454.0,1707.0,392.0,18.324778396518326,77.40751362222973,0.10657395422458649,-0.09634436666965485,0.0,0.0,0.0,
2_+861696+203991,1407.0,19.0,1572.5,1190.0,1175.5,1057.5,1130.5,1147.0,1285.0,1428.0,1420.0,1577.0,392.0,18.324868228046736,77.40751362222973,0.11331863701343536,-0.05086192116141319,0.0,0.0,0.0,
2_+861696+203992,1407.0,19.0,1572.5,1190.0,1165.5,1038.0,1092.0,1147.0,1285.0,1428.0,1317.0,1577.0,392.0,18.32495805957515,77.40751362222973,0.09239307790994644,-0.08910147845745087,0.0,0.0,0.0,
2_+861696+203993,1384.0,17.5,1267.0,1009.0,1144.0,1003.5,1045.0,1053.5,1149.5,1267.0,1163.5,1336.5,340.0,18.325047891103562,77.40751362222973,0.052826888859272,-0.04318677634000778,0.0,0.0,0.0,
2_+861696+203994,1384.0,17.5,1267.0,1009.0,1127.0,985.5,1018.5,1053.5,1149.5,1267.0,1125.5,1336.5,340.0,18.325137722631972,77.40751362222973,0.050326306372880936,-0.058966148644685745,0.0,0.0,0.0,
2_+861696+203995,1384.0,17.5,1243.5,982.5,1143.0,997.0,1039.5,1072.5,1162.5,1255.0,1144.0,1341.0,340.0,18.325227554160385,77.40751362222973,0.048123523592948914,-0.04173547029495239,0.0,0.0,0.0,
2_+861697+203965,1453.5,18.0,1772.0,1403.5,1316.0,1258.5,1444.5,1433.0,1551.0,1690.5,1618.5,1793.0,418.5,18.322532608308027,77.40760345375814,0.05685796961188316,-0.04532170295715332,0.0,0.0,0.0,
2_+861697+203966,1453.5,18.0,1787.0,1413.5,1313.0,1264.5,1436.5,1430.5,1531.0,1684.0,1617.0,1783.5,418.5,18.322622439836437,77.40760345375814,0.05905245244503021,-0.05021306872367859,0.0,0.0,0.0,
2_+861697+203967,1453.5,18.0,1787.0,1413.5,1297.0,1219.0,1383.5,1430.5,1531.0,1684.0,1573.5,1783.5,418.5,18.32271227136485,77.40760345375814,0.06407294422388077,-0.06398767977952957,0.0,0.0,0.0,
2_+861697+203968,1428.0,18.0,1702.5,1321.0,1267.0,1177.0,1323.5,1330.5,1478.5,1633.0,1511.5,1799.5,397.0,18.322802102893263,77.40760345375814,0.06615564972162247,-0.05974320322275162,0.0,0.0,0.0,
2_+861697+203969,1428.0,18.0,1702.5,1321.0,1225.5,1115.0,1245.5,1330.5,1478.5,1633.0,1590.5,1799.5,397.0,18.322891934421673,77.40760345375814,0.12149274349212646,-0.034341391175985336,0.0,0.0,0.0,
2_+861697+203970,,,,,,,,,,,,,,18.322981765950086,77.40760345375814,,,,,,
2_+861697+203971,1478.0,27.0,1699.0,1231.0,1246.0,1131.0,1270.0,1234.0,1474.0,1696.0,1526.0,1860.0,315.0,18.3230715974785,77.40760345375814,0.09155937284231186,-0.05364340916275978,0.0,0.0,0.0,
2_+861697+203972,1428.0,18.0,1777.5,1377.0,1241.5,1146.0,1299.5,1357.5,1503.0,1695.0,1534.5,1791.5,397.0,18.32316142900691,77.40760345375814,0.08287796378135681,-0.07325312495231628,0.0,0.0,0.0,
2_+861697+203973,1428.0,18.0,1777.5,1377.0,1263.5,1180.5,1349.0,1357.5,1503.0,1695.0,1564.5,1791.5,397.0,18.323251260535322,77.40760345375814,0.07381252944469452,-0.06372570246458054,0.0,0.0,0.0,
2_+861697+203974,1450.5,19.0,1825.5,1448.0,1264.5,1185.5,1363.5,1409.0,1527.5,1666.5,1559.0,1796.5,416.5,18.323341092063732,77.40760345375814,0.06670709699392319,-0.07904960960149765,0.0,0.0,0.0,
2_+861697+203975,1450.5,19.0,1825.5,1448.0,1259.5,1186.0,1359.5,1409.0,1527.5,1666.5,1546.5,1796.5,416.5,18.323430923592145,77.40760345375814,0.06419093161821365,-0.08288165926933289,0.0,0.0,0.0,
2_+861697+203976,1450.5,19.0,1848.0,1477.5,1265.5,1190.0,1367.0,1413.5,1533.0,1680.5,1572.0,1813.5,416.5,18.32352075512056,77.40760345375814,0.06971271336078644,-0.08073557913303375,0.0,0.0,0.0,
2_+861697+203977,1450.5,19.0,1848.0,1477.5,1271.0,1190.0,1372.5,1413.5,1533.0,1680.5,1563.5,1813.5,416.5,18.323610586648968,77.40760345375814,0.06506440788507462,-0.08349238336086273,0.0,0.0,0.0,
2_+861697+203978,1450.5,19.0,1870.5,1482.5,1262.5,1189.5,1344.5,1425.5,1520.0,1690.0,1547.5,1792.5,416.5,18.32370041817738,77.40760345375814,0.07005119323730469,-0.09467142820358276,0.0,0.0,0.0,
2_+861697+203979,1450.5,19.0,1870.5,1482.5,1275.0,1202.5,1356.0,1425.5,1520.0,1690.0,1584.0,1792.5,416.5,18.323790249705795,77.40760345375814,0.07756442576646805,-0.08290669322013855,0.0,0.0,0.0,
2_+861697+203980,1446.0,20.0,1979.0,1559.5,1293.0,1226.5,1412.5,1447.0,1564.0,1737.5,1639.0,1875.5,433.0,18.323880081234204,77.40760345375814,0.07415212690830231,-0.09393469989299774,0.0,0.0,0.0,
2_+861697+203981,1446.0,20.0,1979.0,1559.5,1283.5,1225.0,1424.5,1447.0,1564.0,1737.5,1698.0,1875.5,433.0,18.323969912762617,77.40760345375814,0.08755995333194733,-0.0764567032456398,0.0,0.0,0.0,
2_+861697+203982,1446.0,20.0,2001.5,1589.5,1263.5,1205.5,1399.0,1426.0,1559.0,1736.0,1670.5,1876.0,433.0,18.32405974429103,77.40760345375814,0.08826722204685211,-0.09040999412536621,0.0,0.0,0.0,
2_+861697+203983,1446.0,20.0,2001.5,1589.5,1267.5,1190.5,1359.5,1426.0,1559.0,1736.0,1643.5,1876.0,433.0,18.32414957581944,77.40760345375814,0.09440770000219345,-0.09841212630271912,0.0,0.0,0.0,
2_+861697+203984,1446.0,20.0,1915.0,1492.0,1252.0,1177.0,1344.0,1361.5,1509.0,1662.5,1604.5,1829.0,433.0,18.324239407347854,77.40760345375814,0.088230662047863,-0.08842115104198456,0.0,0.0,0.0,
2_+861697+203985,1446.0,20.0,1915.0,1492.0,1252.0,1146.5,1284.0,1361.5,1509.0,1662.5,1555.0,1829.0,433.0,18.324329238876263,77.40760345375814,0.09501022845506668,-0.10415008664131165,0.0,0.0,0.0,
2_+861697+203986,1407.0,19.0,1770.5,1354.5,1212.0,1092.5,1210.5,1274.5,1398.5,1559.0,1477.0,1691.5,392.0,18.324419070404677,77.40760345375814,0.09861576557159424,-0.09106738120317459,0.0,0.0,0.0,
2_+861697+203987,1407.0,19.0,1770.5,1354.5,1194.5,1073.0,1169.5,1274.5,1398.5,1559.0,1415.0,1691.5,392.0,18.32450890193309,77.40760345375814,0.0949387326836586,-0.1116093099117279,0.0,0.0,0.0,
2_+861697+203988,1407.0,19.0,1665.0,1270.5,1188.5,1078.0,1159.0,1195.5,1317.5,1479.5,1423.5,1626.0,392.0,18.3245987334615,77.40760345375814,0.10226123034954071,-0.07833188772201538,0.0,0.0,0.0,
2_+861697+203989,1407.0,19.0,1665.0,1270.5,1179.5,1058.0,1152.5,1195.5,1317.5,1479.5,1416.0,1626.0,392.0,18.324688564989913,77.40760345375814,0.10234188288450241,-0.08102399855852127,0.0,0.0,0.0,
2_+861697+203990,1407.0,19.0,1665.0,1270.5,1179.5,1058.0,1152.5,1195.5,1317.5,1479.5,1416.0,1626.0,392.0,18.324778396518326,77.40760345375814,0.10234188288450241,-0.08102399855852127,0.0,0.0,0.0,
2_+861697+203991,1407.0,19.0,1558.0,1182.0,1169.5,1042.5,1121.5,1156.5,1292.5,1435.0,1389.0,1588.0,392.0,18.324868228046736,77.40760345375814,0.10651452094316483,-0.0573100671172142,0.0,0.0,0.0,
2_+861697+203992,1407.0,19.0,1558.0,1182.0,1165.5,1034.5,1097.5,1156.5,1292.5,1435.0,1367.0,1588.0,392.0,18.32495805957515,77.40760345375814,0.10908681899309158,-0.06545613706111908,0.0,0.0,0.0,
2_+861697+203993,1384.0,17.5,1294.0,1012.5,1144.5,1005.5,1053.5,1050.0,1159.0,1249.5,1183.0,1348.0,340.0,18.325047891103562,77.40760345375814,0.05657758563756943,-0.04552365839481354,0.0,0.0,0.0,
2_+861697+203994,1384.0,17.5,1294.0,1012.5,1115.5,986.0,993.0,1050.0,1159.0,1249.5,1089.0,1348.0,340.0,18.325137722631972,77.40760345375814,0.04601798206567764,-0.08566271513700485,0.0,0.0,0.0,
2_+861697+203995,1384.0,17.5,1155.5,923.5,1127.5,971.5,988.0,999.5,1070.5,1184.5,1083.5,1238.5,340.0,18.325227554160385,77.40760345375814,0.0465284027159214,-0.03213755041360855,0.0,0.0,0.0,
2_+861698+203965,1453.5,18.0,1772.0,1403.5,1314.5,1264.5,1440.5,1433.0,1551.0,1690.5,1588.0,1793.0,418.5,18.322532608308027,77.40769328528656,0.04871337115764618,-0.054813452064991,0.0,0.0,0.0,
2_+861698+203966,1453.5,18.0,1787.0,1413.5,1302.5,1251.0,1432.5,1430.5,1531.0,1684.0,1626.5,1783.5,418.5,18.322622439836437,77.40769328528656,0.06332632154226303,-0.04732444882392883,0.0,0.0,0.0,
2_+861698+203967,1453.5,18.0,1787.0,1413.5,1294.0,1212.0,1387.0,1430.5,1531.0,1684.0,1587.0,1783.5,418.5,18.32271227136485,77.40769328528656,0.06697864830493927,-0.0596943236887455,0.0,0.0,0.0,
2_+861698+203968,1428.0,18.0,1702.5,1321.0,1262.5,1179.0,1340.0,1330.5,1478.5,1633.0,1541.0,1799.5,397.0,18.322802102893263,77.40769328528656,0.06962432712316513,-0.050126753747463226,0.0,0.0,0.0,
2_+861698+203969,1428.0,18.0,1702.5,1321.0,1220.5,1129.0,1266.5,1330.5,1478.5,1633.0,1490.5,1799.5,397.0,18.322891934421673,77.40769328528656,0.08129807561635971,-0.06642383337020874,0.0,0.0,0.0,
2_+861698+203970,1378.0,9.0,1640.0,1278.0,1159.0,1069.0,1193.0,1261.0,1539.0,1724.0,1590.0,1807.0,479.0,18.322981765950086,77.40769328528656,0.14265181124210358,-0.015479875728487968,0.0,0.0,0.0,
2_+861698+203971,1478.0,27.0,1699.0,1231.0,1231.0,1127.0,1193.0,1234.0,1474.0,1696.0,1584.0,1860.0,315.0,18.3230715974785,77.40769328528656,0.140799418091774,-0.035028938204050064,0.0,0.0,0.0,
2_+861698+203972,1428.0,18.0,1777.5,1377.0,1232.0,1142.5,1298.5,1357.5,1503.0,1695.0,1571.0,1791.5,397.0,18.32316142900691,77.40769328528656,0.09532978385686874,-0.061493612825870514,0.0,0.0,0.0,
2_+861698+203973,1428.0,18.0,1777.5,1377.0,1272.5,1200.0,1372.0,1357.5,1503.0,1695.0,1588.5,1791.5,397.0,18.323251260535322,77.40769328528656,0.07298325002193451,-0.05607343837618828,0.0,0.0,0.0,
2_+861698+203974,1450.5,19.0,1825.5,1448.0,1289.0,1213.0,1387.0,1409.0,1527.5,1666.5,1569.0,1796.5,416.5,18.323341092063732,77.40769328528656,0.06149858981370926,-0.07572896778583527,0.0,0.0,0.0,
2_+861698+203975,1450.5,19.0,1825.5,1448.0,1276.5,1214.0,1389.0,1409.0,1527.5,1666.5,1583.5,1796.5,416.5,18.323430923592145,77.40769328528656,0.0651915892958641,-0.07127495110034943,0.0,0.0,0.0,
2_+861698+203976,1450.5,19.0,1848.0,1477.5,1292.0,1227.0,1406.0,1413.5,1533.0,1680.5,1607.5,1813.5,416.5,18.32352075512056,77.40769328528656,0.06668954342603683,-0.06978799402713776,0.0,0.0,0.0,
2_+861698+203977,1450.5,19.0,1848.0,1477.5,1299.0,1228.0,1410.0,1413.5,1533.0,1680.5,1595.0,1813.5,416.5,18.323610586648968,77.40769328528656,0.061483606696128845,-0.07366884499788284,0.0,0.0,0.0,
2_+861698+203978,1450.5,19.0,1870.5,1482.5,1291.5,1212.0,1389.5,1425.5,1520.0,1690.0,1578.5,1792.5,416.5,18.32370041817738,77.40769328528656,0.06351109594106674,-0.08495685458183289,0.0,0.0,0.0,
2_+861698+203979,1450.5,19.0,1870.5,1482.5,1293.0,1197.0,1369.5,1425.5,1520.0,1690.0,1568.5,1792.5,416.5,18.323790249705795,77.40769328528656,0.06770399212837219,-0.08783156424760818,0.0,0.0,0.0,
2_+861698+203980,1446.0,20.0,1979.0,1559.5,1281.0,1205.0,1376.5,1447.0,1564.0,1737.5,1610.0,1875.5,433.0,18.323880081234204,77.40769328528656,0.07815426588058472,-0.10273590683937073,0.0,0.0,0.0,
2_+861698+203981,1446.0,20.0,1979.0,1559.5,1267.5,1200.5,1394.5,1447.0,1564.0,1737.5,1646.5,1875.5,433.0,18.323969912762617,77.40769328528656,0.08282699435949326,-0.09165772795677185,0.0,0.0,0.0,
2_+861698+203982,1446.0,20.0,2001.5,1589.5,1273.0,1213.0,1383.0,1426.0,1559.0,1736.0,1650.5,1876.0,433.0,18.32405974429103,77.40769328528656,0.08796383440494537,-0.09631405025720596,0.0,0.0,0.0,
2_+861698+203983,1446.0,20.0,2001.5,1589.5,1268.5,1188.5,1358.5,1426.0,1559.0,1736.0,1626.5,1876.0,433.0,18.32414957581944,77.40769328528656,0.08954085409641266,-0.10361291468143463,0.0,0.0,0.0,
2_+861698+203984,1446.0,20.0,1915.0,1492.0,1257.5,1168.0,1328.5,1361.5,1509.0,1662.5,1576.0,1829.0,433.0,18.324239407347854,77.40769328528656,0.08486564457416534,-0.09742279350757599,0.0,0.0,0.0,
2_+861698+203985,1446.0,20.0,1915.0,1492.0,1255.5,1175.5,1324.5,1361.5,1509.0,1662.5,1607.5,1829.0,433.0,18.324329238876263,77.40769328528656,0.09635435789823532,-0.08746135234832764,0.0,0.0,0.0,
2_+861698+203986,1407.0,19.0,1770.5,1354.5,1253.0,1161.0,1303.5,1274.5,1398.5,1559.0,1545.5,1691.5,392.0,18.324419070404677,77.40769328528656,0.08449367433786392,-0.06880845129489899,0.0,0.0,0.0,
2_+861698+203987,1407.0,19.0,1770.5,1354.5,1218.5,1106.0,1199.0,1274.5,1398.5,1559.0,1455.5,1691.5,392.0,18.32450890193309,77.40769328528656,0.09629108011722565,-0.09793591499328613,0.0,0.0,0.0,
2_+861698+203988,1407.0,19.0,1665.0,1270.5,1192.5,1075.5,1189.0,1195.5,1317.5,1479.5,1437.5,1626.0,392.0,18.3245987334615,77.40769328528656,0.09441842138767242,-0.07348938286304474,0.0,0.0,0.0,
2_+861698+203989,1407.0,19.0,1665.0,1270.5,1177.5,1053.0,1151.0,1195.5,1317.5,1479.5,1403.0,1626.0,392.0,18.324688564989913,77.40769328528656,0.0984831303358078,-0.08555129170417786,0.0,0.0,0.0,
2_+861698+203990,1407.0,19.0,1558.0,1182.0,1174.5,1045.0,1128.0,1156.5,1292.5,1435.0,1383.0,1588.0,392.0,18.324778396518326,77.40769328528656,0.10156802088022232,-0.05940350145101547,0.0,0.0,0.0,
2_+861698+203991,1407.0,19.0,1558.0,1182.0,1177.5,1045.5,1138.0,1156.5,1292.5,1435.0,1388.0,1588.0,392.0,18.324868228046736,77.40769328528656,0.0989018976688385,-0.057694122195243835,0.0,0.0,0.0,
2_+861698+203992,1447.0,26.0,1232.0,949.0,1185.0,1039.0,1053.0,1020.0,1112.0,1220.0,1164.0,1299.0,270.0,18.32495805957515,77.40769328528656,0.050067659467458725,-0.028380634263157845,0.0,0.0,0.0,
2_+861698+203993,1447.0,26.0,1232.0,949.0,1185.0,1039.0,1053.0,1020.0,1112.0,1220.0,1164.0,1299.0,270.0,18.325047891103562,77.40769328528656,0.050067659467458725,-0.028380634263157845,0.0,0.0,0.0,
2_+861698+203994,1384.0,17.5,1294.0,1012.5,1135.0,991.0,1032.0,1050.0,1159.0,1249.5,1142.5,1348.0,340.0,18.325137722631972,77.40769328528656,0.05038547143340111,-0.06203719973564148,0.0,0.0,0.0,
2_+861698+203995,1384.0,17.5,1155.5,923.5,1129.5,981.5,1009.0,999.5,1070.5,1184.5,1104.0,1238.5,340.0,18.325227554160385,77.40769328528656,0.04495149478316307,-0.022845663130283356,0.0,0.0,0.0,
2_+861698+203996,1384.0,17.5,1155.5,923.5,1130.5,987.0,1004.5,999.5,1070.5,1184.5,1121.0,1238.5,340.0,18.325317385688795,77.40769328528656,0.05485329404473305,-0.015156918205320835,0.0,0.0,0.0,
2_+861699+203965,1453.5,18.0,1828.5,1387.0,1306.0,1223.5,1393.0,1408.0,1573.0,1743.5,1601.0,1897.5,418.5,18.322532608308027,77.40778311681495,0.06936182826757431,-0.06643500924110413,0.0,0.0,0.0,
2_+861699+203966,1453.5,18.0,1796.5,1407.0,1298.0,1231.0,1404.5,1391.0,1508.0,1675.0,1599.5,1806.0,418.5,18.322622439836437,77.40778311681495,0.06498318910598755,-0.058137454092502594,0.0,0.0,0.0,
2_+861699+203967,1453.5,18.0,1796.5,1407.0,1278.5,1191.5,1367.0,1391.0,1508.0,1675.0,1568.5,1806.0,418.5,18.32271227136485,77.40778311681495,0.06835808604955673,-0.06811442226171494,0.0,0.0,0.0,
2_+861699+203968,1428.0,18.0,1672.5,1306.5,1245.5,1155.5,1316.0,1285.5,1382.5,1543.0,1515.0,1666.0,397.0,18.322802102893263,77.40778311681495,0.07024886459112167,-0.049556829035282135,0.0,0.0,0.0,
2_+861699+203969,1428.0,18.0,1672.5,1306.5,1213.5,1113.5,1241.5,1285.5,1382.5,1543.0,1449.0,1666.0,397.0,18.322891934421673,77.40778311681495,0.07693734765052795,-0.0717889592051506,0.0,0.0,0.0,
2_+861699+203970,1428.0,18.0,1615.5,1233.0,1181.0,1080.5,1178.5,1216.0,1365.0,1518.0,1441.0,1617.0,397.0,18.322981765950086,77.40778311681495,0.10017310827970505,-0.05690392106771469,0.0,0.0,0.0,
2_+861699+203971,1428.0,18.0,1615.5,1233.0,1190.5,1066.5,1173.0,1216.0,1365.0,1518.0,1458.0,1617.0,397.0,18.3230715974785,77.40778311681495,0.10837655514478683,-0.050992075353860855,0.0,0.0,0.0,
2_+861699+203972,1428.0,18.0,1708.0,1324.5,1216.0,1120.0,1246.5,1300.5,1423.5,1574.0,1472.5,1693.0,397.0,18.32316142900691,77.40778311681495,0.08337180316448212,-0.07389175891876221,0.0,0.0,0.0,
2_+861699+203973,1428.0,18.0,1708.0,1324.5,1258.0,1181.5,1333.0,1300.5,1423.5,1574.0,1528.0,1693.0,397.0,18.323251260535322,77.40778311681495,0.0682334452867508,-0.05542556941509247,0.0,0.0,0.0,
2_+861699+203974,1450.5,19.0,1788.0,1412.0,1279.0,1193.5,1369.5,1374.0,1485.0,1617.0,1580.5,1781.0,416.5,18.323341092063732,77.40778311681495,0.07149003446102142,-0.06152379512786865,0.0,0.0,0.0,
2_+861699+203975,1450.5,19.0,1788.0,1412.0,1270.0,1211.0,1388.0,1374.0,1485.0,1617.0,1596.0,1781.0,416.5,18.323430923592145,77.40778311681495,0.0695396289229393,-0.056770458817481995,0.0,0.0,0.0,
2_+861699+203976,1450.5,19.0,1864.0,1457.0,1298.0,1238.0,1414.5,1433.0,1549.0,1712.0,1630.5,1817.5,416.5,18.32352075512056,77.40778311681495,0.07071543484926224,-0.06702868640422821,0.0,0.0,0.0,
2_+861699+203977,1450.5,19.0,1864.0,1457.0,1310.5,1230.0,1430.0,1433.0,1549.0,1712.0,1625.0,1817.5,416.5,18.323610586648968,77.40778311681495,0.06368372589349747,-0.06876513361930847,0.0,0.0,0.0,
2_+861699+203978,1450.5,19.0,1867.5,1477.0,1296.5,1215.0,1407.0,1410.5,1553.5,1702.5,1603.5,1839.5,416.5,18.32370041817738,77.40778311681495,0.06497128307819366,-0.076380155980587,0.0,0.0,0.0,
2_+861699+203979,1450.5,19.0,1867.5,1477.0,1283.5,1202.0,1370.0,1410.5,1553.5,1702.5,1594.0,1839.5,416.5,18.323790249705795,77.40778311681495,0.07539249956607819,-0.07920269668102264,0.0,0.0,0.0,
2_+861699+203980,1446.0,20.0,1930.5,1530.0,1258.5,1185.0,1351.0,1410.0,1546.0,1738.0,1596.0,1897.0,433.0,18.323880081234204,77.40778311681495,0.08295046538114548,-0.09500688314437866,0.0,0.0,0.0,
2_+861699+203981,1446.0,20.0,1930.5,1530.0,1262.0,1188.0,1376.0,1410.0,1546.0,1738.0,1617.0,1897.0,433.0,18.323969912762617,77.40778311681495,0.08044545352458954,-0.08841538429260254,0.0,0.0,0.0,
2_+861699+203982,1446.0,20.0,1941.0,1542.5,1271.5,1212.0,1398.0,1417.5,1565.5,1727.0,1663.0,1896.0,433.0,18.32405974429103,77.40778311681495,0.08630871772766113,-0.0774366706609726,0.0,0.0,0.0,
2_+861699+203983,1446.0,20.0,1941.0,1542.5,1269.5,1208.0,1382.5,1417.5,1565.5,1727.0,1648.0,1896.0,433.0,18.32414957581944,77.40778311681495,0.08747950196266174,-0.08187548816204071,0.0,0.0,0.0,
2_+861699+203984,1446.0,20.0,1830.5,1436.0,1258.5,1185.5,1362.0,1338.0,1471.0,1636.5,1618.0,1793.5,433.0,18.324239407347854,77.40778311681495,0.08568277209997177,-0.06191112846136093,0.0,0.0,0.0,
2_+861699+203985,1446.0,20.0,1830.5,1436.0,1263.5,1188.5,1337.5,1338.0,1471.0,1636.5,1600.5,1793.5,433.0,18.324329238876263,77.40778311681495,0.08937579393386841,-0.06715528666973114,0.0,0.0,0.0,
2_+861699+203986,1407.0,19.0,1745.5,1345.5,1246.5,1167.0,1300.0,1289.5,1434.0,1584.0,1555.5,1744.5,392.0,18.324419070404677,77.40778311681495,0.0892382338643074,-0.057806216180324554,0.0,0.0,0.0,
2_+861699+203987,1407.0,19.0,1745.5,1345.5,1212.0,1111.5,1227.5,1289.5,1434.0,1584.0,1465.0,1744.5,392.0,18.32450890193309,77.40778311681495,0.08795962482690811,-0.08781888335943222,0.0,0.0,0.0,
2_+861699+203988,1407.0,19.0,1663.0,1285.0,1194.0,1084.5,1186.0,1211.5,1355.0,1480.5,1404.0,1644.5,392.0,18.3245987334615,77.40778311681495,0.0841480940580368,-0.08446690440177917,0.0,0.0,0.0,
2_+861699+203989,1407.0,19.0,1663.0,1285.0,1185.0,1068.0,1169.5,1211.5,1355.0,1480.5,1397.0,1644.5,392.0,18.324688564989913,77.40778311681495,0.08853448927402496,-0.08701977133750916,0.0,0.0,0.0,
2_+861699+203990,1407.0,19.0,1670.5,1263.0,1178.5,1057.0,1159.5,1231.5,1331.5,1529.0,1385.0,1652.5,392.0,18.324778396518326,77.40778311681495,0.08855105936527252,-0.0934080258011818,0.0,0.0,0.0,
2_+861699+203991,1407.0,19.0,1670.5,1263.0,1172.5,1058.5,1168.5,1231.5,1331.5,1529.0,1409.5,1652.5,392.0,18.324868228046736,77.40778311681495,0.09366906434297562,-0.08466814458370209,0.0,0.0,0.0,
2_+861699+203992,1384.0,17.5,1589.0,1210.5,1201.5,1111.5,1206.5,1268.0,1408.5,1600.0,1464.0,1741.5,340.0,18.32495805957515,77.40778311681495,0.09581471234560013,-0.04125816375017166,0.0,0.0,0.0,
2_+861699+203993,1384.0,17.5,1589.0,1210.5,1202.5,1089.5,1183.5,1268.0,1408.5,1600.0,1345.0,1741.5,340.0,18.325047891103562,77.40778311681495,0.06220058351755142,-0.08544336259365082,0.0,0.0,0.0,
2_+861699+203994,1384.0,17.5,1360.0,1037.0,1145.0,1005.0,1044.0,1079.5,1245.0,1331.5,1196.0,1472.0,340.0,18.325137722631972,77.40778311681495,0.06725309789180756,-0.06447240710258484,0.0,0.0,0.0,
2_+861699+203995,1384.0,17.5,1360.0,1037.0,1145.0,1005.0,1044.0,1079.5,1245.0,1331.5,1196.0,1472.0,340.0,18.325227554160385,77.40778311681495,0.06725309789180756,-0.06447240710258484,0.0,0.0,0.0,
2_+861699+203996,1384.0,17.5,1360.0,1037.0,1136.5,992.5,1029.0,1079.5,1245.0,1331.5,1153.0,1472.0,340.0,18.325317385688795,77.40778311681495,0.05717046931385994,-0.08208519965410233,0.0,0.0,0.0,
2_+861700+203965,1453.5,18.0,1828.5,1387.0,1251.5,1181.0,1313.5,1408.0,1573.0,1743.5,1687.0,1897.5,418.5,18.322532608308027,77.40787294834337,0.1235942617058754,-0.041060686111450195,0.0,0.0,0.0,
2_+861700+203966,1453.5,18.0,1796.5,1407.0,1266.0,1199.5,1359.0,1391.0,1508.0,1675.0,1610.5,1806.0,418.5,18.322622439836437,77.40787294834337,0.0841723382472992,-0.055085621774196625,0.0,0.0,0.0,
2_+861700+203967,1453.5,18.0,1796.5,1407.0,1248.5,1150.0,1307.0,1391.0,1508.0,1675.0,1519.5,1806.0,418.5,18.32271227136485,77.40787294834337,0.07501500844955444,-0.08372165262699127,0.0,0.0,0.0,
2_+861700+203968,1428.0,18.0,1672.5,1306.5,1219.5,1111.0,1247.5,1285.5,1382.5,1543.0,1437.0,1666.0,397.0,18.322802102893263,77.40787294834337,0.07052898406982422,-0.07577759772539139,0.0,0.0,0.0,
2_+861700+203969,1428.0,18.0,1672.5,1306.5,1206.5,1086.5,1197.0,1285.5,1382.5,1543.0,1402.0,1666.0,397.0,18.322891934421673,77.40787294834337,0.07889144867658615,-0.08797317743301392,0.0,0.0,0.0,
2_+861700+203970,1428.0,18.0,1615.5,1233.0,1191.0,1060.0,1165.0,1216.0,1365.0,1518.0,1388.0,1617.0,397.0,18.322981765950086,77.40787294834337,0.0874229371547699,-0.0754905641078949,0.0,0.0,0.0,
2_+861700+203971,1428.0,18.0,1615.5,1233.0,1181.0,1066.5,1171.5,1216.0,1365.0,1518.0,1371.5,1617.0,397.0,18.3230715974785,77.40787294834337,0.07884355634450912,-0.08149680495262146,0.0,0.0,0.0,
2_+861700+203972,1428.0,18.0,1708.0,1324.5,1212.5,1107.5,1230.5,1300.5,1423.5,1574.0,1426.0,1693.0,397.0,18.32316142900691,77.40787294834337,0.07373131066560745,-0.08979012072086334,0.0,0.0,0.0,
2_+861700+203973,1428.0,18.0,1708.0,1324.5,1243.0,1145.5,1288.0,1300.5,1423.5,1574.0,1467.0,1693.0,397.0,18.323251260535322,77.40787294834337,0.0650126039981842,-0.07570986449718475,0.0,0.0,0.0,
2_+861700+203974,1450.5,19.0,1788.0,1412.0,1248.5,1148.0,1293.5,1374.0,1485.0,1617.0,1500.0,1781.0,416.5,18.323341092063732,77.40787294834337,0.07385672628879547,-0.0875411182641983,0.0,0.0,0.0,
2_+861700+203975,1450.5,19.0,1788.0,1412.0,1244.0,1160.0,1333.5,1374.0,1485.0,1617.0,1521.0,1781.0,416.5,18.323430923592145,77.40787294834337,0.06573010981082916,-0.08058574795722961,0.0,0.0,0.0,
2_+861700+203976,1450.5,19.0,1864.0,1457.0,1287.0,1206.0,1386.5,1433.0,1549.0,1712.0,1602.5,1817.5,416.5,18.32352075512056,77.40787294834337,0.07224847376346588,-0.07541166245937347,0.0,0.0,0.0,
2_+861700+203977,1450.5,19.0,1864.0,1457.0,1307.0,1235.0,1409.5,1433.0,1549.0,1712.0,1638.0,1817.5,416.5,18.323610586648968,77.40787294834337,0.07487505674362183,-0.06467850506305695,0.0,0.0,0.0,
2_+861700+203978,1450.5,19.0,1867.5,1477.0,1289.5,1207.5,1385.5,1410.5,1553.5,1702.5,1602.5,1839.5,416.5,18.32370041817738,77.40787294834337,0.07226268202066422,-0.07672429829835892,0.0,0.0,0.0,
2_+861700+203979,1450.5,19.0,1867.5,1477.0,1269.5,1194.0,1346.0,1410.5,1553.5,1702.5,1627.5,1839.5,416.5,18.323790249705795,77.40787294834337,0.09460299462080002,-0.06870622932910919,0.0,0.0,0.0,
2_+861700+203980,1446.0,20.0,1930.5,1530.0,1263.5,1205.0,1367.5,1410.0,1546.0,1738.0,1657.0,1897.0,433.0,18.323880081234204,77.40787294834337,0.09564194083213806,-0.07625506073236465,0.0,0.0,0.0,
2_+861700+203981,1446.0,20.0,1930.5,1530.0,1285.0,1230.5,1412.5,1410.0,1546.0,1738.0,1693.0,1897.0,433.0,18.323969912762617,77.40787294834337,0.09017486870288849,-0.06563836336135864,0.0,0.0,0.0,
2_+861700+203982,1446.0,20.0,1941.0,1542.5,1286.0,1231.5,1420.5,1417.5,1565.5,1727.0,1702.5,1896.0,433.0,18.32405974429103,77.40787294834337,0.08998653292655945,-0.06588266044855118,0.0,0.0,0.0,
2_+861700+203983,1446.0,20.0,1941.0,1542.5,1266.0,1188.0,1374.0,1417.5,1565.5,1727.0,1634.0,1896.0,433.0,18.32414957581944,77.40787294834337,0.08612900972366333,-0.08640861511230469,0.0,0.0,0.0,
2_+861700+203984,1446.0,20.0,1830.5,1436.0,1227.0,1136.5,1282.0,1338.0,1471.0,1636.5,1549.0,1793.5,433.0,18.324239407347854,77.40787294834337,0.09396584331989288,-0.08372515439987183,0.0,0.0,0.0,
2_+861700+203985,1446.0,20.0,1830.5,1436.0,1201.5,1108.0,1219.0,1338.0,1471.0,1636.5,1480.5,1793.5,433.0,18.324329238876263,77.40787294834337,0.09675868600606918,-0.10582171380519867,0.0,0.0,0.0,
2_+861700+203986,1407.0,19.0,1745.5,1345.5,1218.0,1115.0,1254.5,1289.5,1434.0,1584.0,1497.0,1744.5,392.0,18.324419070404677,77.40787294834337,0.08828604221343994,-0.07663990557193756,0.0,0.0,0.0,
2_+861700+203987,1407.0,19.0,1745.5,1345.5,1216.5,1129.0,1251.0,1289.5,1434.0,1584.0,1527.5,1744.5,392.0,18.32450890193309,77.40787294834337,0.09873006492853165,-0.06737183034420013,0.0,0.0,0.0,
2_+861700+203988,1407.0,19.0,1663.0,1285.0,1199.0,1085.5,1203.5,1211.5,1355.0,1480.5,1471.5,1644.5,392.0,18.3245987334615,77.40787294834337,0.09986182302236557,-0.0614161342382431,0.0,0.0,0.0,
2_+861700+203989,1407.0,19.0,1663.0,1285.0,1195.0,1074.0,1178.5,1211.5,1355.0,1480.5,1431.0,1644.5,392.0,18.324688564989913,77.40787294834337,0.09670557081699371,-0.07504889369010925,0.0,0.0,0.0,
2_+861700+203990,1407.0,19.0,1670.5,1263.0,1186.5,1075.5,1138.5,1231.5,1331.5,1529.0,1411.0,1652.5,392.0,18.324778396518326,77.40787294834337,0.106666699051857,-0.08429636806249619,0.0,0.0,0.0,
2_+861700+203991,1407.0,19.0,1670.5,1263.0,1197.5,1074.5,1181.5,1231.5,1331.5,1529.0,1461.5,1652.5,392.0,18.324868228046736,77.40787294834337,0.10603723675012589,-0.0669734925031662,0.0,0.0,0.0,
2_+861700+203992,,,,,,,,,,,,,,18.32495805957515,77.40787294834337,,,,,,
2_+861700+203993,1447.0,26.0,1540.0,1120.0,1233.0,1113.0,1209.0,1198.0,1307.0,1532.0,1420.0,1682.0,270.0,18.325047891103562,77.40787294834337,0.08025865256786346,-0.04054053872823715,0.0,0.0,0.0,
2_+861700+203994,1447.0,26.0,1315.0,981.0,1164.0,1020.0,1033.0,1054.0,1169.0,1275.0,1200.0,1409.0,270.0,18.325137722631972,77.40787294834337,0.07478728145360947,-0.04572564736008644,0.0,0.0,0.0,
2_+861700+203995,1384.0,17.5,1360.0,1037.0,1138.0,991.0,1029.0,1079.5,1245.0,1331.5,1286.0,1472.0,340.0,18.325227554160385,77.40787294834337,0.11113052070140839,-0.027764443308115005,0.0,0.0,0.0,
2_+861700+203996,1447.0,26.0,1246.0,970.0,1195.0,1049.0,1070.0,1023.0,1111.0,1258.0,1220.0,1304.0,270.0,18.325317385688795,77.40787294834337,0.06550218164920807,-0.010543390177190304,0.0,0.0,0.0,
2_+861701+203965,1434.0,18.0,1897.5,1358.5,1214.5,1154.5,1261.5,1378.0,1637.5,1816.0,1740.5,2080.5,426.0,18.322532608308027,77.40796277987178,0.15783515572547913,-0.044532597064971924,0.0,0.0,0.0,
2_+861701+203966,1434.0,18.0,1743.0,1333.5,1227.5,1138.5,1299.5,1275.0,1409.0,1583.5,1577.5,1744.5,426.0,18.322622439836437,77.40796277987178,0.09644795209169388,-0.05003092437982559,0.0,0.0,0.0,
2_+861701+203967,1434.0,18.0,1743.0,1333.5,1212.0,1108.5,1234.5,1275.0,1409.0,1583.5,1480.0,1744.5,426.0,18.32271227136485,77.40796277987178,0.0903688296675682,-0.08163856714963913,0.0,0.0,0.0,
2_+861701+203968,1405.0,18.0,1597.0,1247.5,1192.0,1093.0,1203.0,1197.0,1295.0,1450.5,1415.5,1571.0,387.5,18.322802102893263,77.40796277987178,0.08093218505382538,-0.060440629720687866,0.0,0.0,0.0,
2_+861701+203969,1405.0,18.0,1597.0,1247.5,1177.5,1073.5,1152.0,1197.0,1295.0,1450.5,1345.5,1571.0,387.5,18.322891934421673,77.40796277987178,0.07742472738027573,-0.08552423119544983,0.0,0.0,0.0,
2_+861701+203970,1405.0,18.0,1593.0,1215.5,1169.0,1049.5,1150.5,1185.5,1337.0,1485.0,1332.0,1638.0,387.5,18.322981765950086,77.40796277987178,0.07307131588459015,-0.08906593918800354,0.0,0.0,0.0,
2_+861701+203971,1405.0,18.0,1593.0,1215.5,1176.0,1061.5,1159.5,1185.5,1337.0,1485.0,1414.0,1638.0,387.5,18.3230715974785,77.40796277987178,0.0988122895359993,-0.059522438794374466,0.0,0.0,0.0,
2_+861701+203972,1405.0,18.0,1651.0,1225.5,1193.0,1087.0,1156.0,1233.0,1444.5,1661.0,1537.5,1781.5,387.5,18.32316142900691,77.40796277987178,0.14170370995998383,-0.035634759813547134,0.0,0.0,0.0,
2_+861701+203973,1405.0,18.0,1651.0,1225.5,1219.0,1095.5,1213.0,1233.0,1444.5,1661.0,1510.5,1781.5,387.5,18.323251260535322,77.40796277987178,0.1087832972407341,-0.0449216328561306,0.0,0.0,0.0,
2_+861701+203974,1390.5,19.0,1602.0,1215.5,1223.0,1104.5,1229.5,1229.5,1381.0,1494.5,1430.0,1650.0,364.5,18.323341092063732,77.40796277987178,0.07523459941148758,-0.05684909224510193,0.0,0.0,0.0,
2_+861701+203975,1390.5,19.0,1602.0,1215.5,1216.0,1106.5,1237.0,1229.5,1381.0,1494.5,1415.5,1650.0,364.5,18.323430923592145,77.40796277987178,0.06748936325311661,-0.061799075454473495,0.0,0.0,0.0,
2_+861701+203976,1390.5,19.0,1602.0,1244.5,1243.5,1145.5,1295.5,1230.0,1346.0,1515.0,1500.5,1601.0,364.5,18.32352075512056,77.40796277987178,0.07358444482088089,-0.032635729759931564,0.0,0.0,0.0,
2_+861701+203977,1452.0,28.0,1640.0,1236.0,1296.0,1163.0,1319.0,1241.0,1341.0,1535.0,1536.0,1635.0,290.0,18.323610586648968,77.40796277987178,0.07600700855255127,-0.032745592296123505,0.0,0.0,0.0,
2_+861701+203978,1390.5,19.0,1711.0,1297.5,1234.0,1140.5,1280.5,1254.5,1443.0,1573.5,1524.0,1715.5,364.5,18.32370041817738,77.40796277987178,0.08655667304992676,-0.05771540105342865,0.0,0.0,0.0,
2_+861701+203979,1390.5,19.0,1711.0,1297.5,1218.5,1129.0,1269.0,1254.5,1443.0,1573.5,1576.5,1715.5,364.5,18.323790249705795,77.40796277987178,0.10818172246217728,-0.040625814348459244,0.0,0.0,0.0,
2_+861701+203980,1389.0,19.0,1866.5,1409.5,1239.5,1162.5,1308.0,1346.0,1513.5,1685.0,1615.5,1835.0,357.0,18.323880081234204,77.40796277987178,0.10519903898239136,-0.07205503433942795,0.0,0.0,0.0,
2_+861701+203981,1389.0,19.0,1866.5,1409.5,1256.5,1182.0,1350.5,1346.0,1513.5,1685.0,1668.5,1835.0,357.0,18.323969912762617,77.40796277987178,0.10517077893018723,-0.056059613823890686,0.0,0.0,0.0,
2_+861701+203982,1389.0,19.0,1833.0,1428.0,1251.0,1182.0,1354.0,1343.0,1490.0,1662.0,1659.0,1814.5,357.0,18.32405974429103,77.40796277987178,0.10104918479919434,-0.05002141743898392,0.0,0.0,0.0,
2_+861701+203983,1389.0,19.0,1833.0,1428.0,1230.0,1150.5,1292.5,1343.0,1490.0,1662.0,1590.5,1814.5,357.0,18.32414957581944,77.40796277987178,0.1028294637799263,-0.07149866968393326,0.0,0.0,0.0,
2_+861701+203984,1389.0,19.0,1639.5,1281.0,1209.0,1097.5,1205.0,1220.5,1361.0,1509.5,1491.5,1648.5,357.0,18.324239407347854,77.40796277987178,0.10582032054662704,-0.04778425022959709,0.0,0.0,0.0,
2_+861701+203985,1389.0,19.0,1639.5,1281.0,1194.5,1075.5,1163.0,1220.5,1361.0,1509.5,1409.5,1648.5,357.0,18.324329238876263,77.40796277987178,0.09583432227373123,-0.07544158399105072,0.0,0.0,0.0,
2_+861701+203986,1382.5,18.5,1634.5,1266.5,1210.5,1105.0,1215.0,1208.5,1364.0,1504.5,1468.0,1659.5,340.0,18.324419070404677,77.40796277987178,0.09481175988912582,-0.053564153611660004,0.0,0.0,0.0,
2_+861701+203987,1382.5,18.5,1634.5,1266.5,1212.0,1124.0,1245.0,1208.5,1364.0,1504.5,1564.0,1659.5,340.0,18.32450890193309,77.40796277987178,0.11348255723714828,-0.021996617317199707,0.0,0.0,0.0,
2_+861701+203988,1382.5,18.5,1646.5,1260.0,1197.5,1077.5,1207.0,1209.5,1363.0,1544.5,1522.5,1701.5,340.0,18.3245987334615,77.40796277987178,0.11529631167650223,-0.039331063628196716,0.0,0.0,0.0,
2_+861701+203989,1382.5,18.5,1646.5,1260.0,1179.5,1069.5,1173.0,1209.5,1363.0,1544.5,1479.0,1701.5,340.0,18.324688564989913,77.40796277987178,0.11500737816095352,-0.053839318454265594,0.0,0.0,0.0,
2_+861701+203990,1382.5,18.5,1619.5,1208.5,1172.0,1049.5,1144.0,1193.5,1373.5,1539.5,1409.5,1692.5,340.0,18.324778396518326,77.40796277987178,0.10384207218885422,-0.06942132115364075,0.0,0.0,0.0,
2_+861701+203991,1382.5,18.5,1619.5,1208.5,1185.0,1066.5,1153.5,1193.5,1373.5,1539.5,1491.0,1692.5,340.0,18.324868228046736,77.40796277987178,0.12797756493091583,-0.041385091841220856,0.0,0.0,0.0,
2_+861701+203992,,,,,,,,,,,,,,18.32495805957515,77.40796277987178,,,,,,
2_+861701+203993,1441.0,26.0,1575.0,1117.0,1231.0,1114.0,1179.0,1189.0,1463.0,1585.0,1540.0,1776.0,272.0,18.325047891103562,77.40796277987178,0.1327694058418274,-0.01123595517128706,0.0,0.0,0.0,
2_+861701+203994,,,,,,,,,,,,,,18.325137722631972,77.40796277987178,,,,,,
2_+861702+203966,1434.0,18.0,1743.0,1333.5,1192.5,1091.0,1214.0,1275.0,1409.0,1583.5,1484.0,1744.5,426.0,18.322622439836437,77.4080526114002,0.09985890239477158,-0.08042097091674805,0.0,0.0,0.0,
2_+861702+203967,1434.0,18.0,1743.0,1333.5,1193.0,1087.0,1196.0,1275.0,1409.0,1583.5,1428.5,1744.5,426.0,18.32271227136485,77.4080526114002,0.08853761851787567,-0.09917785227298737,0.0,0.0,0.0,
2_+861702+203968,1405.0,18.0,1597.0,1247.5,1185.5,1076.5,1188.5,1197.0,1295.0,1450.5,1393.0,1571.0,387.5,18.322802102893263,77.4080526114002,0.07892563194036484,-0.06848032027482986,0.0,0.0,0.0,
2_+861702+203969,1405.0,18.0,1597.0,1247.5,1181.0,1054.5,1157.0,1197.0,1295.0,1450.5,1354.5,1571.0,387.5,18.322891934421673,77.4080526114002,0.07843714207410812,-0.08233633637428284,0.0,0.0,0.0,
2_+861702+203970,1405.0,18.0,1593.0,1215.5,1168.0,1061.5,1148.0,1185.5,1337.0,1485.0,1365.0,1638.0,387.5,18.322981765950086,77.4080526114002,0.08637109398841858,-0.07687107473611832,0.0,0.0,0.0,
2_+861702+203971,1405.0,18.0,1593.0,1215.5,1179.5,1062.0,1160.5,1185.5,1337.0,1485.0,1516.5,1638.0,387.5,18.3230715974785,77.4080526114002,0.13206259906291962,-0.025194091722369194,0.0,0.0,0.0,
2_+861702+203972,,,,,,,,,,,,,,18.32316142900691,77.4080526114002,,,,,,
2_+861702+203973,1462.0,27.0,1664.0,1198.0,1244.0,1107.0,1203.0,1224.0,1385.0,1631.0,1500.0,1788.0,305.0,18.323251260535322,77.4080526114002,0.10987791419029236,-0.051833122968673706,0.0,0.0,0.0,
2_+861702+203974,1390.5,19.0,1602.0,1215.5,1191.0,1073.5,1165.5,1229.5,1381.0,1494.5,1414.0,1650.0,364.5,18.323341092063732,77.4080526114002,0.09507168084383011,-0.06338071823120117,0.0,0.0,0.0,
2_+861702+203975,1390.5,19.0,1602.0,1215.5,1175.0,1042.5,1126.0,1229.5,1381.0,1494.5,1310.5,1650.0,364.5,18.323430923592145,77.4080526114002,0.07570724189281464,-0.10011925548315048,0.0,0.0,0.0,
2_+861702+203976,1390.5,19.0,1602.0,1244.5,1161.0,1041.5,1123.5,1230.0,1346.0,1515.0,1307.5,1601.0,364.5,18.32352075512056,77.4080526114002,0.07616415619850159,-0.10109847784042358,0.0,0.0,0.0,
2_+861702+203977,1390.5,19.0,1602.0,1244.5,1161.0,1035.5,1127.5,1230.0,1346.0,1515.0,1359.0,1601.0,364.5,18.323610586648968,77.4080526114002,0.09334137290716171,-0.0819457620382309,0.0,0.0,0.0,
2_+861702+203978,1390.5,19.0,1711.0,1297.5,1161.0,1046.5,1126.5,1254.5,1443.0,1573.5,1363.5,1715.5,364.5,18.32370041817738,77.4080526114002,0.09539243578910828,-0.11273258179426193,0.0,0.0,0.0,
2_+861702+203979,1390.5,19.0,1711.0,1297.5,1161.5,1058.5,1145.0,1254.5,1443.0,1573.5,1450.0,1715.5,364.5,18.323790249705795,77.4080526114002,0.11775017529726028,-0.08238168060779572,0.0,0.0,0.0,
2_+861702+203980,1389.0,19.0,1866.5,1409.5,1184.0,1093.0,1204.5,1346.0,1513.5,1685.0,1538.5,1835.0,357.0,18.323880081234204,77.4080526114002,0.12210143357515335,-0.09625117480754852,0.0,0.0,0.0,
2_+861702+203981,1389.0,19.0,1866.5,1409.5,1217.5,1142.5,1270.5,1346.0,1513.5,1685.0,1584.0,1835.0,357.0,18.323969912762617,77.4080526114002,0.10969898104667664,-0.08195672929286957,0.0,0.0,0.0,
2_+861702+203982,1389.0,19.0,1833.0,1428.0,1240.5,1155.5,1298.5,1343.0,1490.0,1662.0,1587.5,1814.5,357.0,18.32405974429103,77.4080526114002,0.0998668447136879,-0.07199643552303314,0.0,0.0,0.0,
2_+861702+203983,1389.0,19.0,1833.0,1428.0,1220.0,1132.5,1254.5,1343.0,1490.0,1662.0,1529.5,1814.5,357.0,18.32414957581944,77.4080526114002,0.09820939600467682,-0.09079425036907196,0.0,0.0,0.0,
2_+861702+203984,1389.0,19.0,1639.5,1281.0,1184.0,1078.0,1179.5,1220.5,1361.0,1509.5,1412.5,1648.5,357.0,18.324239407347854,77.4080526114002,0.08955442160367966,-0.07477313280105591,0.0,0.0,0.0,
2_+861702+203985,1389.0,19.0,1639.5,1281.0,1176.0,1049.0,1111.0,1220.5,1361.0,1509.5,1330.0,1648.5,357.0,18.324329238876263,77.4080526114002,0.0899173691868782,-0.10421888530254364,0.0,0.0,0.0,
2_+861702+203986,1382.5,18.5,1634.5,1266.5,1177.5,1054.5,1142.0,1208.5,1364.0,1504.5,1393.5,1659.5,340.0,18.324419070404677,77.4080526114002,0.09962114691734314,-0.07951752841472626,0.0,0.0,0.0,
2_+861702+203987,1382.5,18.5,1634.5,1266.5,1178.0,1070.0,1180.5,1208.5,1364.0,1504.5,1459.5,1659.5,340.0,18.32450890193309,77.4080526114002,0.1058310866355896,-0.05644654482603073,0.0,0.0,0.0,
2_+861702+203988,1382.5,18.5,1646.5,1260.0,1185.5,1070.0,1158.5,1209.5,1363.0,1544.5,1445.5,1701.5,340.0,18.3245987334615,77.4080526114002,0.11034946143627167,-0.06494797766208649,0.0,0.0,0.0,
2_+861702+203989,1382.5,18.5,1646.5,1260.0,1169.5,1058.0,1126.5,1209.5,1363.0,1544.5,1454.5,1701.5,340.0,18.324688564989913,77.4080526114002,0.12704049050807953,-0.061883799731731415,0.0,0.0,0.0,
2_+861702+203990,1382.5,18.5,1619.5,1208.5,1165.0,1037.0,1096.0,1193.5,1373.5,1539.5,1474.0,1692.5,340.0,18.324778396518326,77.4080526114002,0.14713937044143677,-0.04699449613690376,0.0,0.0,0.0,
2_+861703+203966,1434.0,18.0,1748.0,1331.5,1180.5,1064.5,1167.5,1236.0,1369.0,1550.5,1470.5,1680.5,426.0,18.322622439836437,77.40814244292861,0.11429750174283981,-0.08670186996459961,0.0,0.0,0.0,
2_+861703+203967,1434.0,18.0,1748.0,1331.5,1187.5,1072.0,1209.0,1236.0,1369.0,1550.5,1440.5,1680.5,426.0,18.32271227136485,77.40814244292861,0.0873495414853096,-0.09646481275558472,0.0,0.0,0.0,
2_+861703+203968,1405.0,18.0,1709.5,1336.0,1182.5,1084.0,1206.5,1271.0,1390.0,1509.5,1428.0,1676.5,387.5,18.322802102893263,77.40814244292861,0.08377018570899963,-0.09005872160196304,0.0,0.0,0.0,
2_+861703+203969,1405.0,18.0,1709.5,1336.0,1178.5,1054.0,1184.5,1271.0,1390.0,1509.5,1381.5,1676.5,387.5,18.322891934421673,77.40814244292861,0.07662758231163025,-0.10626162588596344,0.0,0.0,0.0,
2_+861703+203970,1405.0,18.0,1678.5,1262.0,1176.0,1059.5,1160.0,1239.5,1354.0,1506.5,1381.5,1625.0,387.5,18.322981765950086,77.40814244292861,0.08719538152217865,-0.09702181071043015,0.0,0.0,0.0,
2_+861703+203971,1405.0,18.0,1678.5,1262.0,1177.0,1065.5,1156.0,1239.5,1354.0,1506.5,1459.5,1625.0,387.5,18.3230715974785,77.40814244292861,0.11590725183486938,-0.06993423402309418,0.0,0.0,0.0,
2_+861703+203972,1348.0,9.0,1590.0,1240.0,1145.0,1029.0,1161.0,1205.0,1359.0,1480.0,1515.0,1667.0,470.0,18.32316142900691,77.40814244292861,0.13228699564933777,-0.02415458858013153,0.0,0.0,0.0,
2_+861703+203973,1405.0,18.0,1573.0,1192.0,1201.0,1070.5,1188.5,1186.5,1355.5,1496.5,1477.0,1667.5,387.5,18.323251260535322,77.40814244292861,0.10763537883758545,-0.03202888369560242,0.0,0.0,0.0,
2_+861703+203974,1390.5,19.0,1378.0,1031.0,1146.5,1020.5,1065.0,1088.5,1204.0,1322.0,1286.5,1448.5,364.5,18.323341092063732,77.40814244292861,0.09310325980186462,-0.03519561514258385,0.0,0.0,0.0,
2_+861703+203975,1390.5,19.0,1378.0,1031.0,1135.5,978.0,1034.0,1088.5,1204.0,1322.0,1199.5,1448.5,364.5,18.323430923592145,77.40814244292861,0.07418419420719147,-0.06912696361541748,0.0,0.0,0.0,
2_+861703+203976,1390.5,19.0,1328.0,1004.0,1138.0,981.5,1029.0,1064.0,1164.5,1307.0,1212.5,1408.5,364.5,18.32352075512056,77.40814244292861,0.08234339952468872,-0.045314159244298935,0.0,0.0,0.0,
2_+861703+203977,1390.5,19.0,1328.0,1004.0,1137.0,991.5,1052.0,1064.0,1164.5,1307.0,1261.0,1408.5,364.5,18.323610586648968,77.40814244292861,0.09079379588365555,-0.025733310729265213,0.0,0.0,0.0,
2_+861703+203978,1390.5,19.0,1469.5,1087.0,1142.0,1010.0,1071.0,1120.5,1307.0,1457.0,1337.0,1616.5,364.5,18.32370041817738,77.40814244292861,0.11060687154531479,-0.04689359664916992,0.0,0.0,0.0,
2_+861703+203979,,,,,,,,,,,,,,18.323790249705795,77.40814244292861,,,,,,
2_+861703+203980,1453.0,27.0,1658.0,1223.0,1233.0,1105.0,1195.0,1217.0,1366.0,1554.0,1590.0,1711.0,288.0,18.323880081234204,77.40814244292861,0.14183123409748077,-0.020935960114002228,0.0,0.0,0.0,
2_+861703+203981,1453.0,27.0,1658.0,1223.0,1258.0,1153.0,1267.0,1217.0,1366.0,1554.0,1495.0,1711.0,288.0,18.323969912762617,77.40814244292861,0.08254887908697128,-0.05169679597020149,0.0,0.0,0.0,
2_+861703+203982,1389.0,19.0,1561.5,1213.5,1206.5,1120.5,1240.0,1185.5,1314.0,1470.5,1508.5,1589.0,357.0,18.32405974429103,77.40814244292861,0.09749183058738708,-0.017414994537830353,0.0,0.0,0.0,
2_+861703+203983,1389.0,19.0,1561.5,1213.5,1192.0,1082.5,1178.0,1185.5,1314.0,1470.5,1410.0,1589.0,357.0,18.32414957581944,77.40814244292861,0.08936461806297302,-0.05122708901762962,0.0,0.0,0.0,
2_+861703+203984,1389.0,19.0,1346.5,1066.0,1160.5,1029.0,1099.0,1068.0,1170.5,1291.0,1306.5,1415.5,357.0,18.324239407347854,77.40814244292861,0.08595601469278336,-0.0153495529666543,0.0,0.0,0.0,
2_+861703+203985,1389.0,19.0,1346.5,1066.0,1151.5,1009.0,1068.5,1068.0,1170.5,1291.0,1264.0,1415.5,357.0,18.324329238876263,77.40814244292861,0.08397887647151947,-0.03160061314702034,0.0,0.0,0.0,
2_+861703+203986,1382.5,18.5,1314.0,1042.0,1150.0,1011.0,1066.5,1034.0,1131.5,1237.5,1244.5,1351.0,340.0,18.324419070404677,77.40814244292861,0.07724849134683609,-0.02699993923306465,0.0,0.0,0.0,
2_+861703+203987,1382.5,18.5,1314.0,1042.0,1147.0,1016.5,1066.0,1034.0,1131.5,1237.5,1229.5,1351.0,340.0,18.32450890193309,77.40814244292861,0.07158501446247101,-0.03303736448287964,0.0,0.0,0.0,
2_+861704+203966,1434.0,18.0,1748.0,1331.5,1183.0,1074.5,1192.0,1236.0,1369.0,1550.5,1473.5,1680.5,426.0,18.322622439836437,77.40823227445702,0.105612613260746,-0.08528737723827362,0.0,0.0,0.0,
2_+861704+203967,1434.0,18.0,1748.0,1331.5,1205.0,1117.0,1241.0,1236.0,1369.0,1550.5,1489.5,1680.5,426.0,18.32271227136485,77.40823227445702,0.09101041406393051,-0.07985471189022064,0.0,0.0,0.0,
2_+861704+203968,1405.0,18.0,1709.5,1336.0,1221.0,1138.0,1283.0,1271.0,1390.0,1509.5,1516.0,1676.5,387.5,18.322802102893263,77.40823227445702,0.08316552639007568,-0.06014480069279671,0.0,0.0,0.0,
2_+861704+203969,1405.0,18.0,1709.5,1336.0,1224.0,1121.5,1262.5,1271.0,1390.0,1509.5,1482.5,1676.5,387.5,18.322891934421673,77.40823227445702,0.0793796256184578,-0.07196240872144699,0.0,0.0,0.0,
2_+861704+203970,1405.0,18.0,1678.5,1262.0,1199.0,1090.0,1198.0,1239.5,1354.0,1506.5,1427.0,1625.0,387.5,18.322981765950086,77.40823227445702,0.08685705810785294,-0.08135974407196045,0.0,0.0,0.0,
2_+861704+203971,1405.0,18.0,1678.5,1262.0,1183.0,1064.0,1170.0,1239.5,1354.0,1506.5,1400.5,1625.0,387.5,18.3230715974785,77.40823227445702,0.08969219028949738,-0.09025267511606216,0.0,0.0,0.0,
2_+861704+203972,1405.0,18.0,1573.0,1192.0,1188.0,1068.0,1182.0,1186.5,1355.5,1496.5,1403.5,1667.5,387.5,18.32316142900691,77.40823227445702,0.0857805460691452,-0.0569160133600235,0.0,0.0,0.0,
2_+861704+203973,1405.0,18.0,1573.0,1192.0,1180.0,1055.0,1142.5,1186.5,1355.5,1496.5,1353.5,1667.5,387.5,18.323251260535322,77.40823227445702,0.08413854986429214,-0.07536232471466064,0.0,0.0,0.0,
2_+861704+203974,1390.5,19.0,1378.0,1031.0,1140.0,989.5,1040.5,1088.5,1204.0,1322.0,1252.5,1448.5,364.5,18.323341092063732,77.40823227445702,0.09204967319965363,-0.047946419566869736,0.0,0.0,0.0,
2_+861704+203975,1390.5,19.0,1378.0,1031.0,1138.5,975.0,1015.5,1088.5,1204.0,1322.0,1192.0,1448.5,364.5,18.323430923592145,77.40823227445702,0.08020426332950592,-0.072230264544487,0.0,0.0,0.0,
2_+861704+203976,1390.5,19.0,1328.0,1004.0,1132.0,980.0,1026.0,1064.0,1164.5,1307.0,1215.0,1408.5,364.5,18.32352075512056,77.40823227445702,0.08451825380325317,-0.044292815029621124,0.0,0.0,0.0,
2_+861704+203977,1390.5,19.0,1328.0,1004.0,1128.0,987.5,1038.5,1064.0,1164.5,1307.0,1253.5,1408.5,364.5,18.323610586648968,77.40823227445702,0.09420930594205856,-0.028710870072245598,0.0,0.0,0.0,
2_+861704+203978,1390.5,19.0,1469.5,1087.0,1137.5,996.0,1047.5,1120.5,1307.0,1457.0,1300.0,1616.5,364.5,18.32370041817738,77.40823227445702,0.1077088788151741,-0.0608825720846653,0.0,0.0,0.0,
2_+861704+203979,1390.5,19.0,1469.5,1087.0,1139.5,1021.0,1076.5,1120.5,1307.0,1457.0,1397.0,1616.5,364.5,18.323790249705795,77.40823227445702,0.12978734076023102,-0.025132354348897934,0.0,0.0,0.0,
2_+861704+203980,1389.0,19.0,1608.5,1221.0,1174.0,1053.5,1131.5,1207.0,1395.5,1565.5,1459.0,1705.0,357.0,18.323880081234204,77.40823227445702,0.1265927255153656,-0.048492804169654846,0.0,0.0,0.0,
2_+861704+203981,1389.0,19.0,1608.5,1221.0,1191.5,1071.5,1166.0,1207.0,1395.5,1565.5,1421.5,1705.0,357.0,18.323969912762617,77.40823227445702,0.09865501523017883,-0.061540715396404266,0.0,0.0,0.0,
2_+861704+203982,1389.0,19.0,1561.5,1213.5,1191.5,1071.5,1158.5,1185.5,1314.0,1470.5,1385.0,1589.0,357.0,18.32405974429103,77.40823227445702,0.08888405561447144,-0.06002965569496155,0.0,0.0,0.0,
2_+861704+203983,1389.0,19.0,1561.5,1213.5,1157.0,1028.0,1078.0,1185.5,1314.0,1470.5,1285.0,1589.0,357.0,18.32414957581944,77.40823227445702,0.08730406314134598,-0.09737397730350494,0.0,0.0,0.0,
2_+861705+203966,1434.0,18.0,1899.0,1458.0,1187.5,1078.5,1225.5,1334.5,1454.5,1623.0,1485.0,1769.5,426.0,18.322622439836437,77.40832210598543,0.09578196704387665,-0.1223195493221283,0.0,0.0,0.0,
2_+861705+203967,1434.0,18.0,1899.0,1458.0,1241.0,1147.5,1315.0,1334.5,1454.5,1623.0,1552.0,1769.5,426.0,18.32271227136485,77.40832210598543,0.0826520323753357,-0.10052631050348282,0.0,0.0,0.0,
2_+861705+203968,1405.0,18.0,1923.0,1512.0,1258.0,1191.0,1386.0,1402.5,1530.5,1710.0,1630.0,1865.0,387.5,18.322802102893263,77.40832210598543,0.08078118413686752,-0.08257639408111572,0.0,0.0,0.0,
2_+861705+203969,1405.0,18.0,1923.0,1512.0,1265.5,1199.0,1395.0,1402.5,1530.5,1710.0,1637.5,1865.0,387.5,18.322891934421673,77.40832210598543,0.07976881414651871,-0.08067446202039719,0.0,0.0,0.0,
2_+861705+203970,1405.0,18.0,1765.5,1357.5,1226.0,1152.5,1313.0,1291.5,1449.0,1654.0,1560.5,1809.5,387.5,18.322981765950086,77.40832210598543,0.08555378019809723,-0.06283460557460785,0.0,0.0,0.0,
2_+861705+203971,1405.0,18.0,1765.5,1357.5,1197.5,1085.5,1208.5,1291.5,1449.0,1654.0,1439.0,1809.5,387.5,18.3230715974785,77.40832210598543,0.08691999316215515,-0.10199669003486633,0.0,0.0,0.0,
2_+861705+203972,1405.0,18.0,1550.5,1159.0,1183.5,1071.5,1183.5,1160.0,1357.0,1495.0,1395.5,1649.0,387.5,18.32316142900691,77.40832210598543,0.08211709558963776,-0.05255841091275215,0.0,0.0,0.0,
2_+861705+203973,1405.0,18.0,1550.5,1159.0,1165.5,1045.5,1125.0,1160.0,1357.0,1495.0,1316.5,1649.0,387.5,18.323251260535322,77.40832210598543,0.07818717509508133,-0.08184196054935455,0.0,0.0,0.0,
2_+861705+203974,1390.5,19.0,1324.0,1005.0,1130.5,989.0,1046.0,1068.0,1179.5,1338.0,1229.0,1438.5,364.5,18.323341092063732,77.40832210598543,0.0802290067076683,-0.037229023873806,0.0,0.0,0.0,
2_+861705+203975,1390.5,19.0,1324.0,1005.0,1127.5,990.0,1019.0,1068.0,1179.5,1338.0,1209.5,1438.5,364.5,18.323430923592145,77.40832210598543,0.08566682040691376,-0.04502106457948685,0.0,0.0,0.0,
2_+861705+203976,1390.5,19.0,1227.5,946.0,1131.5,983.5,1020.5,1038.0,1173.0,1287.5,1212.5,1385.5,364.5,18.32352075512056,77.40832210598543,0.0860944390296936,-0.00614094128832221,0.0,0.0,0.0,
2_+861705+203977,,,,,,,,,,,,,,18.323610586648968,77.40832210598543,,,,,,
2_+861705+203978,,,,,,,,,,,,,,18.32370041817738,77.40832210598543,,,,,,
2_+861705+203979,,,,,,,,,,,,,,18.323790249705795,77.40832210598543,,,,,,
2_+861705+203980,,,,,,,,,,,,,,18.323880081234204,77.40832210598543,,,,,,
2_+861706+203966,1434.0,18.0,1899.0,1458.0,1230.5,1136.5,1295.0,1334.5,1454.5,1623.0,1547.0,1769.5,426.0,18.322622439836437,77.40841193751385,0.08875521272420883,-0.10212133079767227,0.0,0.0,0.0,
2_+861706+203967,1434.0,18.0,1899.0,1458.0,1257.0,1178.5,1345.5,1334.5,1454.5,1623.0,1612.5,1769.5,426.0,18.32271227136485,77.40841193751385,0.09009096026420593,-0.08169575780630112,0.0,0.0,0.0,
2_+861706+203968,1405.0,18.0,1923.0,1512.0,1256.0,1175.5,1375.5,1402.5,1530.5,1710.0,1643.5,1865.0,387.5,18.322802102893263,77.40841193751385,0.08870595693588257,-0.07843592762947083,0.0,0.0,0.0,
2_+861706+203969,1405.0,18.0,1923.0,1512.0,1246.0,1188.5,1373.5,1402.5,1530.5,1710.0,1662.0,1865.0,387.5,18.322891934421673,77.40841193751385,0.09487707912921906,-0.07295041531324387,0.0,0.0,0.0,
2_+861706+203970,1405.0,18.0,1765.5,1357.5,1233.0,1155.0,1333.5,1291.5,1449.0,1654.0,1609.0,1809.5,387.5,18.322981765950086,77.40841193751385,0.09314122051000595,-0.047202255576848984,0.0,0.0,0.0,
2_+861706+203971,1405.0,18.0,1765.5,1357.5,1189.0,1089.5,1212.0,1291.5,1449.0,1654.0,1570.5,1809.5,387.5,18.3230715974785,77.40841193751385,0.12907373905181885,-0.058434486389160156,0.0,0.0,0.0,
2_+861706+203972,1462.0,27.0,1514.0,1105.0,1201.0,1072.0,1124.0,1136.0,1281.0,1456.0,1509.0,1629.0,305.0,18.32316142900691,77.40841193751385,0.14622104167938232,-0.0016539860516786575,0.0,0.0,0.0,
2_+861706+203973,1405.0,18.0,1550.5,1159.0,1157.5,1027.5,1110.0,1160.0,1357.0,1495.0,1425.0,1649.0,387.5,18.323251260535322,77.40841193751385,0.1228301003575325,-0.04329623281955719,0.0,0.0,0.0,
2_+861706+203974,1390.5,19.0,1324.0,1005.0,1137.5,1003.0,1060.0,1068.0,1179.5,1338.0,1255.5,1438.5,364.5,18.323341092063732,77.40841193751385,0.08412060141563416,-0.02665690705180168,0.0,0.0,0.0,
2_+861706+203975,1390.5,19.0,1324.0,1005.0,1124.5,983.5,1036.5,1068.0,1179.5,1338.0,1232.5,1438.5,364.5,18.323430923592145,77.40841193751385,0.08629317581653595,-0.03571298345923424,0.0,0.0,0.0,
2_+861706+203976,1452.0,28.0,1239.0,938.0,1186.0,1018.0,1035.0,1047.0,1178.0,1301.0,1238.0,1395.0,290.0,18.32352075512056,77.40841193751385,0.08930928260087967,-4.037141625303775E-4,0.0,0.0,0.0,
2_+861707+203966,1418.0,18.5,1993.0,1471.0,1247.5,1168.5,1391.5,1360.5,1567.0,1749.5,1676.5,1915.0,414.0,18.322622439836437,77.40850176904226,0.0927862673997879,-0.08639775961637497,0.0,0.0,0.0,
2_+861707+203967,1418.0,18.5,1993.0,1471.0,1223.0,1168.5,1355.5,1360.5,1567.0,1749.5,1651.0,1915.0,414.0,18.32271227136485,77.40850176904226,0.09777648746967316,-0.09433314204216003,0.0,0.0,0.0,
2_+861707+203968,1397.0,18.5,1890.5,1418.0,1217.0,1141.0,1305.0,1307.5,1463.0,1608.5,1592.0,1764.5,394.0,18.322802102893263,77.40850176904226,0.09890863299369812,-0.08579716831445694,0.0,0.0,0.0,
2_+861707+203969,1397.0,18.5,1890.5,1418.0,1218.5,1123.0,1276.0,1307.5,1463.0,1608.5,1548.0,1764.5,394.0,18.322891934421673,77.40850176904226,0.09624942392110825,-0.09961822628974915,0.0,0.0,0.0,
3_+861708+203973,1397.0,18.5,1662.0,1231.0,1188.0,1101.5,1205.0,1231.0,1433.0,1596.0,1503.5,1757.0,394.0,18.323251260535322,77.40859160057067,0.11021701246500015,-0.04999476671218872,0.0,0.0,0.0,
3_+861709+203967,1418.0,18.5,1953.5,1416.0,1164.5,1094.0,1177.0,1316.5,1538.0,1704.5,1692.0,1896.5,414.0,18.32271227136485,77.40868143209909,0.17948462069034576,-0.07172710448503494,0.0,0.0,0.0,
3_+861709+203968,1397.0,18.5,1828.5,1381.5,1188.5,1091.0,1208.0,1278.5,1424.5,1602.5,1629.0,1752.0,394.0,18.322802102893263,77.40868143209909,0.14550578594207764,-0.06010842323303223,0.0,0.0,0.0,
3_+861709+203969,1397.0,18.5,1828.5,1381.5,1186.0,1084.5,1199.5,1278.5,1424.5,1602.5,1424.5,1752.0,394.0,18.322891934421673,77.40868143209909,0.08537054806947708,-0.12451519072055817,0.0,0.0,0.0,
3_+861709+203970,1397.0,18.5,1807.0,1381.0,1205.5,1087.0,1218.5,1275.0,1395.0,1551.5,1430.5,1678.0,394.0,18.322981765950086,77.40868143209909,0.07999496161937714,-0.11623851954936981,0.0,0.0,0.0,
3_+861709+203971,1397.0,18.5,1807.0,1381.0,1218.0,1122.5,1271.5,1275.0,1395.0,1551.5,1490.5,1678.0,394.0,18.3230715974785,77.40868143209909,0.07912996411323547,-0.09602193534374237,0.0,0.0,0.0,
3_+861709+203972,1397.0,18.5,1844.0,1393.0,1220.0,1128.5,1317.5,1331.0,1458.5,1596.5,1565.0,1734.5,394.0,18.32316142900691,77.40868143209909,0.08573028445243835,-0.08198316395282745,0.0,0.0,0.0,
3_+861709+203973,1397.0,18.5,1844.0,1393.0,1222.5,1138.5,1328.0,1331.0,1458.5,1596.5,1567.0,1734.5,394.0,18.323251260535322,77.40868143209909,0.08258134126663208,-0.08128552883863449,0.0,0.0,0.0,
3_+861709+203974,1365.0,18.5,1586.5,1194.5,1219.0,1125.0,1258.0,1235.0,1376.0,1541.5,1526.0,1629.5,326.5,18.323341092063732,77.40868143209909,0.09573710709810257,-0.019108954817056656,0.0,0.0,0.0,
3_+861710+203965,1418.0,18.5,1980.5,1405.0,1183.0,1108.0,1207.0,1291.0,1585.5,1775.0,1621.5,1972.0,414.0,18.322532608308027,77.40877126362749,0.14628832042217255,-0.09991154074668884,0.0,0.0,0.0,
3_+861710+203966,1418.0,18.5,1953.5,1416.0,1203.0,1110.5,1266.0,1316.5,1538.0,1704.5,1555.5,1896.5,414.0,18.322622439836437,77.40877126362749,0.10242728143930435,-0.1135484129190445,0.0,0.0,0.0,
3_+861710+203967,1418.0,18.5,1953.5,1416.0,1214.5,1127.5,1307.5,1316.5,1538.0,1704.5,1560.5,1896.5,414.0,18.32271227136485,77.40877126362749,0.08822605013847351,-0.11181416362524033,0.0,0.0,0.0,
3_+861710+203968,1397.0,18.5,1828.5,1381.5,1212.5,1135.0,1329.5,1278.5,1424.5,1602.5,1553.5,1752.0,394.0,18.322802102893263,77.40877126362749,0.07746034860610962,-0.08149454742670059,0.0,0.0,0.0,
3_+861710+203969,1397.0,18.5,1828.5,1381.5,1200.5,1129.0,1287.0,1278.5,1424.5,1602.5,1495.0,1752.0,394.0,18.322891934421673,77.40877126362749,0.0743928849697113,-0.10070790350437164,0.0,0.0,0.0,
3_+861710+203970,1397.0,18.5,1807.0,1381.0,1203.0,1122.5,1286.0,1275.0,1395.0,1551.5,1498.0,1678.0,394.0,18.322981765950086,77.40877126362749,0.0760846808552742,-0.09347433596849442,0.0,0.0,0.0,
3_+861710+203971,1397.0,18.5,1807.0,1381.0,1207.5,1128.0,1291.0,1275.0,1395.0,1551.5,1515.5,1678.0,394.0,18.3230715974785,77.40877126362749,0.07993432879447937,-0.08769991993904114,0.0,0.0,0.0,
3_+861710+203972,1397.0,18.5,1844.0,1393.0,1212.0,1123.0,1293.5,1331.0,1458.5,1596.5,1519.0,1734.5,394.0,18.32316142900691,77.40877126362749,0.08000948280096054,-0.09677920490503311,0.0,0.0,0.0,
3_+861710+203973,1397.0,18.5,1844.0,1393.0,1209.0,1106.5,1289.5,1331.0,1458.5,1596.5,1529.0,1734.5,394.0,18.323251260535322,77.40877126362749,0.08495552092790604,-0.09340719878673553,0.0,0.0,0.0,
3_+861710+203974,1298.0,9.0,1691.0,1289.0,1163.0,1093.0,1274.0,1303.0,1446.0,1614.0,1580.0,1704.0,390.0,18.323341092063732,77.40877126362749,0.107217937707901,-0.0339345782995224,0.0,0.0,0.0,
3_+861710+203975,1365.0,18.5,1586.5,1194.5,1165.0,1040.5,1108.5,1235.0,1376.0,1541.5,1430.5,1629.5,326.5,18.323430923592145,77.40877126362749,0.12481413781642914,-0.05251270532608032,0.0,0.0,0.0,
3_+861711+203965,1418.0,18.5,1824.5,1370.5,1191.5,1110.5,1213.0,1252.0,1420.5,1581.5,1454.0,1692.5,414.0,18.322532608308027,77.4088610951559,0.09000800549983978,-0.11331018805503845,0.0,0.0,0.0,
3_+861711+203966,1418.0,18.5,1790.0,1353.5,1180.5,1106.0,1225.5,1247.5,1352.0,1507.5,1435.5,1617.5,414.0,18.322622439836437,77.4088610951559,0.07888661324977875,-0.10994600504636765,0.0,0.0,0.0,
3_+861711+203967,1418.0,18.5,1790.0,1353.5,1189.5,1086.5,1230.5,1247.5,1352.0,1507.5,1468.5,1617.5,414.0,18.32271227136485,77.4088610951559,0.08822379261255264,-0.09868119657039642,0.0,0.0,0.0,
3_+861711+203968,1397.0,18.5,1737.0,1309.0,1190.0,1076.5,1233.0,1216.5,1320.0,1457.0,1449.5,1566.5,394.0,18.322802102893263,77.4088610951559,0.08065715432167053,-0.09028918296098709,0.0,0.0,0.0,
3_+861711+203969,1397.0,18.5,1737.0,1309.0,1187.5,1079.0,1200.5,1216.5,1320.0,1457.0,1417.0,1566.5,394.0,18.322891934421673,77.4088610951559,0.0827542394399643,-0.10148359835147858,0.0,0.0,0.0,
3_+861711+203970,1397.0,18.5,1717.0,1309.0,1179.0,1087.0,1208.0,1208.0,1298.0,1445.0,1390.0,1554.0,394.0,18.322981765950086,77.4088610951559,0.07007183134555817,-0.10521873831748962,0.0,0.0,0.0,
3_+861711+203971,1397.0,18.5,1717.0,1309.0,1174.0,1072.0,1200.5,1208.0,1298.0,1445.0,1378.5,1554.0,394.0,18.3230715974785,77.4088610951559,0.06902811676263809,-0.10931558907032013,0.0,0.0,0.0,
3_+861711+203972,1397.0,18.5,1767.5,1356.5,1175.5,1082.5,1220.0,1240.5,1378.0,1518.0,1384.0,1633.0,394.0,18.32316142900691,77.4088610951559,0.06300017237663269,-0.12168695777654648,0.0,0.0,0.0,
3_+861711+203973,1397.0,18.5,1767.5,1356.5,1193.5,1102.0,1239.5,1240.5,1378.0,1518.0,1449.0,1633.0,394.0,18.323251260535322,77.4088610951559,0.07777843624353409,-0.099124476313591,0.0,0.0,0.0,
3_+861711+203974,1365.0,18.5,1602.0,1194.5,1183.5,1082.0,1211.5,1195.0,1350.0,1506.0,1511.5,1602.0,326.5,18.323341092063732,77.4088610951559,0.11034752428531647,-0.028408851474523544,0.0,0.0,0.0,
3_+861711+203975,1365.0,18.5,1602.0,1194.5,1148.5,1034.5,1094.0,1195.0,1350.0,1506.0,1464.0,1602.0,326.5,18.323430923592145,77.4088610951559,0.14455164968967438,-0.044635944068431854,0.0,0.0,0.0,
3_+861711+203976,,,,,,,,,,,,,,18.32352075512056,77.4088610951559,,,,,,
3_+861712+203965,1418.0,18.5,1824.5,1370.5,1210.5,1111.0,1227.0,1252.0,1420.5,1581.5,1431.5,1692.5,414.0,18.322532608308027,77.40895092668431,0.07647731155157089,-0.12106407433748245,0.0,0.0,0.0,
3_+861712+203966,1418.0,18.5,1790.0,1353.5,1203.0,1076.5,1215.5,1247.5,1352.0,1507.5,1402.0,1617.5,414.0,18.322622439836437,77.40895092668431,0.0709516778588295,-0.12191164493560791,0.0,0.0,0.0,
3_+861712+203967,1418.0,18.5,1790.0,1353.5,1164.0,1053.0,1158.0,1247.5,1352.0,1507.5,1334.0,1617.5,414.0,18.32271227136485,77.40895092668431,0.07060514390468597,-0.14598655700683594,0.0,0.0,0.0,
3_+861712+203968,1397.0,18.5,1737.0,1309.0,1152.5,1034.5,1141.5,1216.5,1320.0,1457.0,1311.5,1566.5,394.0,18.322802102893263,77.40895092668431,0.06934817880392075,-0.1396239697933197,0.0,0.0,0.0,
3_+861712+203969,1397.0,18.5,1737.0,1309.0,1154.0,1027.5,1132.5,1216.5,1320.0,1457.0,1295.0,1566.5,394.0,18.322891934421673,77.40895092668431,0.06705319136381149,-0.14579975605010986,0.0,0.0,0.0,
3_+861712+203970,1397.0,18.5,1717.0,1309.0,1156.0,1031.0,1131.0,1208.0,1298.0,1445.0,1290.0,1554.0,394.0,18.322981765950086,77.40895092668431,0.06579826027154922,-0.14196014404296875,0.0,0.0,0.0,
3_+861712+203971,1397.0,18.5,1717.0,1309.0,1169.5,1051.0,1146.0,1208.0,1298.0,1445.0,1301.0,1554.0,394.0,18.3230715974785,77.40895092668431,0.06351412087678909,-0.1378009021282196,0.0,0.0,0.0,
3_+861712+203972,1397.0,18.5,1767.5,1356.5,1175.5,1082.5,1220.0,1240.5,1378.0,1518.0,1384.0,1633.0,394.0,18.32316142900691,77.40895092668431,0.06300017237663269,-0.12168695777654648,0.0,0.0,0.0,
3_+861712+203973,1397.0,18.5,1767.5,1356.5,1193.5,1102.0,1239.5,1240.5,1378.0,1518.0,1449.0,1633.0,394.0,18.323251260535322,77.40895092668431,0.07777843624353409,-0.099124476313591,0.0,0.0,0.0,
3_+861712+203974,1365.0,18.5,1602.0,1194.5,1183.5,1082.0,1211.5,1195.0,1350.0,1506.0,1511.5,1602.0,326.5,18.323341092063732,77.40895092668431,0.11034752428531647,-0.028408851474523544,0.0,0.0,0.0,
3_+861712+203975,1365.0,18.5,1602.0,1194.5,1148.5,1034.5,1094.0,1195.0,1350.0,1506.0,1464.0,1602.0,326.5,18.323430923592145,77.40895092668431,0.14455164968967438,-0.044635944068431854,0.0,0.0,0.0,
3_+861712+203976,,,,,,,,,,,,,,18.32352075512056,77.40895092668431,,,,,,
3_+861713+203965,1411.5,19.0,1870.0,1385.0,1226.5,1137.0,1252.5,1286.0,1446.0,1629.0,1459.5,1753.5,399.0,18.322532608308027,77.40904075821273,0.07657992839813232,-0.12329152226448059,0.0,0.0,0.0,
3_+861713+203966,1411.5,19.0,1894.5,1396.5,1226.5,1131.0,1236.0,1303.0,1472.0,1609.0,1483.5,1792.5,399.0,18.322622439836437,77.40904075821273,0.09055011719465256,-0.12204520404338837,0.0,0.0,0.0,
3_+861713+203967,1411.5,19.0,1894.5,1396.5,1201.5,1095.0,1197.0,1303.0,1472.0,1609.0,1443.0,1792.5,399.0,18.32271227136485,77.40904075821273,0.09268320351839066,-0.13567715883255005,0.0,0.0,0.0,
3_+861713+203968,1397.0,18.5,1737.0,1309.0,1152.5,1034.5,1141.5,1216.5,1320.0,1457.0,1311.5,1566.5,394.0,18.322802102893263,77.40904075821273,0.06934817880392075,-0.1396239697933197,0.0,0.0,0.0,
3_+861713+203969,1397.0,18.5,1737.0,1309.0,1154.0,1027.5,1132.5,1216.5,1320.0,1457.0,1295.0,1566.5,394.0,18.322891934421673,77.40904075821273,0.06705319136381149,-0.14579975605010986,0.0,0.0,0.0,
3_+861713+203970,1397.0,18.5,1717.0,1309.0,1156.0,1031.0,1131.0,1208.0,1298.0,1445.0,1290.0,1554.0,394.0,18.322981765950086,77.40904075821273,0.06579826027154922,-0.14196014404296875,0.0,0.0,0.0,
3_+861713+203971,1397.0,18.5,1717.0,1309.0,1169.5,1051.0,1146.0,1208.0,1298.0,1445.0,1301.0,1554.0,394.0,18.3230715974785,77.40904075821273,0.06351412087678909,-0.1378009021282196,0.0,0.0,0.0,
3_+861713+203972,1397.0,18.5,1767.5,1356.5,1190.5,1089.5,1216.5,1240.5,1378.0,1518.0,1412.0,1633.0,394.0,18.32316142900691,77.40904075821273,0.07441417872905731,-0.1118001639842987,0.0,0.0,0.0,
3_+861713+203973,1397.0,18.5,1767.5,1356.5,1202.5,1114.0,1262.0,1240.5,1378.0,1518.0,1466.0,1633.0,394.0,18.323251260535322,77.40904075821273,0.07454589009284973,-0.09346224367618561,0.0,0.0,0.0,
3_+861713+203974,1365.0,18.5,1602.0,1194.5,1179.5,1073.5,1202.5,1195.0,1350.0,1506.0,1400.0,1602.0,326.5,18.323341092063732,77.40904075821273,0.07549911737442017,-0.06717166304588318,0.0,0.0,0.0,
3_+861713+203975,1365.0,18.5,1602.0,1194.5,1149.5,1023.0,1103.0,1195.0,1350.0,1506.0,1324.0,1602.0,326.5,18.323430923592145,77.40904075821273,0.09099799394607544,-0.09440311789512634,0.0,0.0,0.0,
3_+861713+203976,,,,,,,,,,,,,,18.32352075512056,77.40904075821273,,,,,,
3_+861713+203977,1365.0,18.5,1185.5,909.5,1101.5,944.0,965.0,1007.0,1132.0,1220.0,1048.0,1301.0,326.5,18.323610586648968,77.40904075821273,0.040775272995233536,-0.06093389168381691,0.0,0.0,0.0,
3_+861714+203965,1411.5,19.0,1870.0,1385.0,1226.5,1137.0,1252.5,1286.0,1446.0,1629.0,1459.5,1753.5,399.0,18.322532608308027,77.40913058974114,0.07657992839813232,-0.12329152226448059,0.0,0.0,0.0,
3_+861714+203966,1411.5,19.0,1894.5,1396.5,1226.5,1131.0,1236.0,1303.0,1472.0,1609.0,1483.5,1792.5,399.0,18.322622439836437,77.40913058974114,0.09055011719465256,-0.12204520404338837,0.0,0.0,0.0,
3_+861714+203967,1411.5,19.0,1894.5,1396.5,1201.5,1095.0,1197.0,1303.0,1472.0,1609.0,1443.0,1792.5,399.0,18.32271227136485,77.40913058974114,0.09268320351839066,-0.13567715883255005,0.0,0.0,0.0,
3_+861714+203968,1393.0,19.0,1749.0,1292.5,1184.0,1066.0,1184.5,1202.5,1358.0,1513.5,1406.5,1701.5,395.5,18.322802102893263,77.40913058974114,0.08497713506221771,-0.10896824300289154,0.0,0.0,0.0,
3_+861714+203969,1393.0,19.0,1749.0,1292.5,1170.0,1038.5,1139.5,1202.5,1358.0,1513.5,1311.5,1701.5,395.5,18.322891934421673,77.40913058974114,0.06974140554666519,-0.14312133193016052,0.0,0.0,0.0,
3_+861714+203970,1393.0,19.0,1670.0,1219.5,1152.5,1026.5,1114.0,1171.0,1312.0,1441.0,1277.5,1578.0,395.5,18.322981765950086,77.40913058974114,0.06844928115606308,-0.1331651210784912,0.0,0.0,0.0,
3_+861714+203971,1393.0,19.0,1670.0,1219.5,1161.5,1037.5,1142.5,1171.0,1312.0,1441.0,1316.5,1578.0,395.5,18.3230715974785,77.40913058974114,0.07080645859241486,-0.11846187710762024,0.0,0.0,0.0,
3_+861714+203972,1393.0,19.0,1693.5,1279.5,1173.5,1061.0,1195.0,1203.5,1332.0,1489.5,1379.0,1628.0,395.5,18.32316142900691,77.40913058974114,0.07164458185434341,-0.10232535004615784,0.0,0.0,0.0,
3_+861714+203973,1393.0,19.0,1693.5,1279.5,1173.5,1079.5,1213.5,1203.5,1332.0,1489.5,1411.5,1628.0,395.5,18.323251260535322,77.40913058974114,0.07548777014017105,-0.09077638387680054,0.0,0.0,0.0,
3_+861714+203974,1386.5,18.5,1626.5,1208.0,1166.0,1065.5,1180.0,1186.0,1353.5,1500.5,1365.5,1619.5,382.5,18.323341092063732,77.40913058974114,0.07230549305677414,-0.08769036829471588,0.0,0.0,0.0,
3_+861714+203975,1386.5,18.5,1626.5,1208.0,1154.0,1028.0,1122.5,1186.0,1353.5,1500.5,1272.0,1619.5,382.5,18.323430923592145,77.40913058974114,0.06202445551753044,-0.12251772731542587,0.0,0.0,0.0,
3_+861714+203976,1386.5,18.5,1455.5,1092.5,1143.0,1013.0,1061.0,1116.5,1252.0,1366.5,1221.5,1451.0,382.5,18.32352075512056,77.40913058974114,0.07028456032276154,-0.08715427666902542,0.0,0.0,0.0,
3_+861714+203977,1386.5,18.5,1455.5,1092.5,1124.5,987.0,1013.0,1116.5,1252.0,1366.5,1157.5,1451.0,382.5,18.323610586648968,77.40913058974114,0.06596118956804276,-0.11432202905416489,0.0,0.0,0.0,
3_+861714+203978,1386.5,18.5,1290.5,996.0,1121.0,985.0,1019.0,1067.0,1177.5,1274.5,1109.0,1338.0,382.5,18.32370041817738,77.40913058974114,0.04260618984699249,-0.07542948424816132,0.0,0.0,0.0,
3_+861715+203964,1411.5,19.0,1870.0,1385.0,1198.5,1110.0,1218.5,1286.0,1446.0,1629.0,1536.5,1753.5,399.0,18.322442776779614,77.40922042126955,0.11489694565534592,-0.09839583188295364,0.0,0.0,0.0,
3_+861715+203965,1411.5,19.0,1870.0,1385.0,1205.0,1123.0,1244.5,1286.0,1446.0,1629.0,1584.0,1753.5,399.0,18.322532608308027,77.40922042126955,0.12000227719545364,-0.08282893896102905,0.0,0.0,0.0,
3_+861715+203966,1411.5,19.0,1894.5,1396.5,1193.0,1124.0,1254.5,1303.0,1472.0,1609.0,1687.5,1792.5,399.0,18.322622439836437,77.40922042126955,0.1471787840127945,-0.057801321148872375,0.0,0.0,0.0,
3_+861715+203967,1411.5,19.0,1894.5,1396.5,1238.0,1133.0,1282.5,1303.0,1472.0,1609.0,1717.0,1792.5,399.0,18.32271227136485,77.40922042126955,0.14428913593292236,-0.04963935166597366,0.0,0.0,0.0,
3_+861715+203968,1393.0,19.0,1749.0,1292.5,1199.5,1098.0,1239.0,1202.5,1358.0,1513.5,1584.5,1701.5,395.5,18.322802102893263,77.40922042126955,0.12150410562753677,-0.0500822439789772,0.0,0.0,0.0,
3_+861715+203969,1393.0,19.0,1749.0,1292.5,1157.0,1037.0,1141.5,1202.5,1358.0,1513.5,1449.5,1701.5,395.5,18.322891934421673,77.40922042126955,0.11771301180124283,-0.09442906826734543,0.0,0.0,0.0,
3_+861715+203970,1393.0,19.0,1670.0,1219.5,1140.5,1009.0,1087.0,1171.0,1312.0,1441.0,1399.0,1578.0,395.5,18.322981765950086,77.40922042126955,0.1249856948852539,-0.08877305686473846,0.0,0.0,0.0,
3_+861715+203971,1393.0,19.0,1670.0,1219.5,1144.0,1013.0,1081.5,1171.0,1312.0,1441.0,1397.0,1578.0,395.5,18.3230715974785,77.40922042126955,0.1269502341747284,-0.08969558775424957,0.0,0.0,0.0,
3_+861715+203972,1393.0,19.0,1693.5,1279.5,1167.0,1035.5,1129.5,1203.5,1332.0,1489.5,1374.5,1628.0,395.5,18.32316142900691,77.40922042126955,0.09764331579208374,-0.1042255386710167,0.0,0.0,0.0,
3_+861715+203973,1393.0,19.0,1693.5,1279.5,1161.0,1048.0,1149.5,1203.5,1332.0,1489.5,1410.0,1628.0,395.5,18.323251260535322,77.40922042126955,0.10179796814918518,-0.09132890403270721,0.0,0.0,0.0,
3_+861715+203974,1386.5,18.5,1626.5,1208.0,1144.5,1041.5,1108.5,1186.0,1353.5,1500.5,1481.0,1619.5,382.5,18.323341092063732,77.40922042126955,0.14373895525932312,-0.04694060608744621,0.0,0.0,0.0,
3_+861715+203975,1386.5,18.5,1626.5,1208.0,1149.5,1040.5,1115.5,1186.0,1353.5,1500.5,1431.0,1619.5,382.5,18.323430923592145,77.40922042126955,0.1211509183049202,-0.06617753207683563,0.0,0.0,0.0,
3_+861715+203976,1386.5,18.5,1455.5,1092.5,1163.5,1043.5,1149.0,1116.5,1252.0,1366.5,1369.5,1451.0,382.5,18.32352075512056,77.40922042126955,0.08735959231853485,-0.03033049777150154,0.0,0.0,0.0,
3_+861715+203977,1386.5,18.5,1455.5,1092.5,1160.0,1036.0,1111.5,1116.5,1252.0,1366.5,1337.5,1451.0,382.5,18.323610586648968,77.40922042126955,0.09187958389520645,-0.04234417900443077,0.0,0.0,0.0,
3_+861715+203978,1450.0,26.0,1254.0,953.0,1194.0,1035.0,1104.0,1053.0,1143.0,1247.0,1196.0,1325.0,293.0,18.32370041817738,77.40922042126955,0.03999999910593033,-0.023673469200730324,0.0,0.0,0.0,
3_+861716+203964,1411.5,19.0,1997.0,1477.0,1224.5,1152.5,1294.0,1358.0,1523.0,1676.5,1584.5,1861.5,399.0,18.322442776779614,77.40931025279797,0.09970410913228989,-0.1161666214466095,0.0,0.0,0.0,
3_+861716+203965,1411.5,19.0,1997.0,1477.0,1211.0,1153.0,1281.5,1358.0,1523.0,1676.5,1566.0,1861.5,399.0,18.322532608308027,77.40931025279797,0.09978503733873367,-0.12106715887784958,0.0,0.0,0.0,
3_+861716+203966,1411.5,19.0,2052.5,1518.5,1231.0,1169.5,1324.0,1383.5,1544.0,1727.5,1698.0,1855.0,399.0,18.322622439836437,77.40931025279797,0.1237701028585434,-0.09452036023139954,0.0,0.0,0.0,
3_+861716+203967,1411.5,19.0,2052.5,1518.5,1252.0,1164.5,1360.0,1383.5,1544.0,1727.5,1735.5,1855.0,399.0,18.32271227136485,77.40931025279797,0.1212078183889389,-0.0838579535484314,0.0,0.0,0.0,
3_+861716+203968,1393.0,19.0,2000.0,1469.5,1202.0,1124.0,1290.5,1349.5,1577.0,1779.0,1677.0,1944.0,395.5,18.322802102893263,77.40931025279797,0.1303194761276245,-0.08788402378559113,0.0,0.0,0.0,
3_+861716+203969,1393.0,19.0,2000.0,1469.5,1180.5,1092.5,1199.5,1349.5,1577.0,1779.0,1685.0,1944.0,395.5,18.322891934421673,77.40931025279797,0.1687404215335846,-0.085386261343956,0.0,0.0,0.0,
3_+861716+203970,,,,,,,,,,,,,,18.322981765950086,77.40931025279797,,,,,,
3_+861716+203971,1458.0,29.0,1877.0,1308.0,1187.0,1080.0,1101.0,1254.0,1509.0,1722.0,1614.0,1900.0,309.0,18.3230715974785,77.40931025279797,0.18895027041435242,-0.07533658295869827,0.0,0.0,0.0,
3_+861716+203972,1393.0,19.0,1917.0,1411.5,1183.0,1074.5,1180.0,1313.5,1536.5,1762.5,1567.5,1838.5,395.5,18.32316142900691,77.40931025279797,0.1395583599805832,-0.10144688934087753,0.0,0.0,0.0,
3_+861716+203973,1393.0,19.0,1917.0,1411.5,1172.5,1076.5,1164.5,1313.5,1536.5,1762.5,1627.5,1838.5,395.5,18.323251260535322,77.40931025279797,0.16596898436546326,-0.08183042705059052,0.0,0.0,0.0,
3_+861716+203974,1323.0,11.0,1969.0,1455.0,1097.0,1043.0,1147.0,1373.0,1638.0,1739.0,1828.0,1959.0,472.0,18.323341092063732,77.40931025279797,0.22890757024288177,-0.03713458031415939,0.0,0.0,0.0,
3_+861716+203975,1386.5,18.5,1959.0,1417.5,1187.5,1115.5,1239.5,1339.0,1602.5,1731.0,1720.5,1951.0,382.5,18.323430923592145,77.40931025279797,0.1607748419046402,-0.06620724499225616,0.0,0.0,0.0,
3_+861716+203976,1386.5,18.5,1913.5,1400.5,1199.0,1113.5,1247.5,1320.0,1519.0,1717.0,1597.5,1855.0,382.5,18.32352075512056,77.40931025279797,0.12304267287254333,-0.09021192789077759,0.0,0.0,0.0,
3_+861716+203977,1386.5,18.5,1913.5,1400.5,1176.0,1082.5,1174.5,1320.0,1519.0,1717.0,1624.5,1855.0,382.5,18.323610586648968,77.40931025279797,0.1604432612657547,-0.08198927342891693,0.0,0.0,0.0,
3_+861716+203978,1386.5,18.5,1648.0,1223.0,1166.0,1056.5,1136.0,1206.0,1382.5,1538.0,1487.0,1632.5,382.5,18.32370041817738,77.40931025279797,0.1314648687839508,-0.05268281698226929,0.0,0.0,0.0,
3_+861716+203979,1386.5,18.5,1648.0,1223.0,1152.0,1032.5,1100.5,1206.0,1382.5,1538.0,1281.0,1632.5,382.5,18.323790249705795,77.40931025279797,0.07467564940452576,-0.12555494904518127,0.0,0.0,0.0,
3_+861717+203964,1411.5,19.0,1997.0,1477.0,1191.5,1123.0,1289.5,1358.0,1523.0,1676.5,1561.0,1861.5,399.0,18.322442776779614,77.40940008432638,0.0947059839963913,-0.1229897290468216,0.0,0.0,0.0,
3_+861717+203965,1411.5,19.0,1997.0,1477.0,1215.0,1135.0,1303.5,1358.0,1523.0,1676.5,1531.5,1861.5,399.0,18.322532608308027,77.40940008432638,0.08018271625041962,-0.13211393356323242,0.0,0.0,0.0,
3_+861717+203966,1411.5,19.0,2052.5,1518.5,1231.0,1154.0,1327.0,1383.5,1544.0,1727.5,1555.0,1855.0,399.0,18.322622439836437,77.40940008432638,0.0791117250919342,-0.13792306184768677,0.0,0.0,0.0,
3_+861717+203967,1411.5,19.0,2052.5,1518.5,1242.5,1168.5,1344.0,1383.5,1544.0,1727.5,1563.5,1855.0,399.0,18.32271227136485,77.40940008432638,0.07531542330980301,-0.1354208141565323,0.0,0.0,0.0,
3_+861717+203968,1393.0,19.0,2000.0,1469.5,1240.5,1156.0,1341.5,1349.5,1577.0,1779.0,1621.5,1944.0,395.5,18.322802102893263,77.40940008432638,0.09440351277589798,-0.10452567040920258,0.0,0.0,0.0,
3_+861717+203969,1393.0,19.0,2000.0,1469.5,1235.5,1167.5,1318.5,1349.5,1577.0,1779.0,1709.0,1944.0,395.5,18.322891934421673,77.40940008432638,0.12926365435123444,-0.07835353910923004,0.0,0.0,0.0,
3_+861717+203970,1393.0,19.0,1903.5,1372.0,1200.5,1123.5,1236.0,1285.5,1599.0,1799.0,1856.5,1928.0,395.5,18.322981765950086,77.40940008432638,0.20103447139263153,-0.012469672597944736,0.0,0.0,0.0,
3_+861717+203971,1393.0,19.0,1903.5,1372.0,1201.0,1130.0,1245.0,1285.5,1599.0,1799.0,1829.0,1928.0,395.5,18.3230715974785,77.40940008432638,0.18934297561645508,-0.020446257665753365,0.0,0.0,0.0,
3_+861717+203972,1393.0,19.0,1917.0,1411.5,1232.0,1152.0,1342.0,1313.5,1536.5,1762.5,1662.0,1838.5,395.5,18.32316142900691,77.40940008432638,0.10552167892456055,-0.0720866397023201,0.0,0.0,0.0,
3_+861717+203973,1393.0,19.0,1917.0,1411.5,1230.5,1149.0,1346.0,1313.5,1536.5,1762.5,1626.0,1838.5,395.5,18.323251260535322,77.40940008432638,0.09428463876247406,-0.0821707546710968,0.0,0.0,0.0,
3_+861717+203974,1386.5,18.5,1959.0,1417.5,1212.0,1153.0,1328.5,1339.0,1602.5,1731.0,1709.5,1951.0,382.5,18.323341092063732,77.40940008432638,0.12538671493530273,-0.06809164583683014,0.0,0.0,0.0,
3_+861717+203975,1386.5,18.5,1959.0,1417.5,1216.0,1160.0,1351.0,1339.0,1602.5,1731.0,1695.0,1951.0,382.5,18.323430923592145,77.40940008432638,0.11272436380386353,-0.07248273491859436,0.0,0.0,0.0,
3_+861717+203976,1386.5,18.5,1913.5,1400.5,1204.0,1139.5,1281.0,1320.0,1519.0,1717.0,1659.5,1855.0,382.5,18.32352075512056,77.40940008432638,0.12916000187397003,-0.07108722627162933,0.0,0.0,0.0,
3_+861717+203977,1386.5,18.5,1913.5,1400.5,1200.5,1122.5,1227.0,1320.0,1519.0,1717.0,1702.5,1855.0,382.5,18.323610586648968,77.40940008432638,0.16194811463356018,-0.05862899869680405,0.0,0.0,0.0,
3_+861717+203978,1386.5,18.5,1648.0,1223.0,1187.0,1122.5,1227.5,1206.0,1382.5,1538.0,1602.0,1632.5,382.5,18.32370041817738,77.40940008432638,0.13130220770835876,-0.014394729398190975,0.0,0.0,0.0,
3_+861717+203979,1386.5,18.5,1648.0,1223.0,1161.5,1064.0,1157.0,1206.0,1382.5,1538.0,1410.5,1632.5,382.5,18.323790249705795,77.40940008432638,0.09598855674266815,-0.07971176505088806,0.0,0.0,0.0,
3_+861717+203980,1364.0,18.0,1296.0,977.0,1137.5,1000.5,1063.0,1067.0,1163.0,1247.0,1210.5,1340.0,320.5,18.323880081234204,77.40940008432638,0.06334835290908813,-0.03479795902967453,0.0,0.0,0.0,
3_+861718+203964,1411.5,19.0,1821.0,1328.5,1176.0,1094.5,1249.0,1278.0,1411.0,1545.5,1490.0,1651.5,399.0,18.322442776779614,77.40948991585479,0.08736969530582428,-0.1004934161901474,0.0,0.0,0.0,
3_+861718+203965,1411.5,19.0,1821.0,1328.5,1190.0,1105.5,1268.0,1278.0,1411.0,1545.5,1471.0,1651.5,399.0,18.322532608308027,77.40948991585479,0.07386860251426697,-0.10652701556682587,0.0,0.0,0.0,
3_+861718+203966,1411.5,19.0,1837.5,1366.0,1198.5,1109.5,1278.5,1305.0,1411.0,1565.5,1480.0,1643.5,399.0,18.322622439836437,77.40948991585479,0.07307261973619461,-0.10775286704301834,0.0,0.0,0.0,
3_+861718+203967,1411.5,19.0,1837.5,1366.0,1193.5,1139.0,1288.0,1305.0,1411.0,1565.5,1531.5,1643.5,399.0,18.32271227136485,77.40948991585479,0.0863228589296341,-0.09084586799144745,0.0,0.0,0.0,
3_+861718+203968,1393.0,19.0,1899.0,1412.5,1214.0,1149.5,1304.5,1324.5,1464.0,1613.5,1560.5,1760.0,395.5,18.322802102893263,77.40948991585479,0.08929909765720367,-0.09788118302822113,0.0,0.0,0.0,
3_+861718+203969,1393.0,19.0,1899.0,1412.5,1235.0,1156.0,1324.0,1324.5,1464.0,1613.5,1573.0,1760.0,395.5,18.322891934421673,77.40948991585479,0.08587520569562912,-0.09394926577806473,0.0,0.0,0.0,
3_+861718+203970,1393.0,19.0,1935.0,1443.0,1227.5,1142.0,1306.5,1327.5,1478.5,1659.0,1594.0,1821.0,395.5,18.322981765950086,77.40948991585479,0.09909442812204361,-0.09666567295789719,0.0,0.0,0.0,
3_+861718+203971,1393.0,19.0,1935.0,1443.0,1207.5,1139.5,1320.5,1327.5,1478.5,1659.0,1583.5,1821.0,395.5,18.3230715974785,77.40948991585479,0.0905473381280899,-0.09990633279085159,0.0,0.0,0.0,
3_+861718+203972,1393.0,19.0,1995.5,1514.5,1219.5,1156.0,1349.5,1365.0,1494.0,1670.0,1591.5,1794.5,395.5,18.32316142900691,77.40948991585479,0.08210868388414383,-0.11275513470172882,0.0,0.0,0.0,
3_+861718+203973,1393.0,19.0,1995.5,1514.5,1222.5,1158.0,1355.0,1365.0,1494.0,1670.0,1600.0,1794.5,395.5,18.323251260535322,77.40948991585479,0.0827251747250557,-0.11018466204404831,0.0,0.0,0.0,
3_+861718+203974,1386.5,18.5,2094.5,1566.5,1214.5,1146.0,1361.0,1389.5,1519.5,1684.0,1587.5,1788.5,382.5,18.323341092063732,77.40948991585479,0.07658428698778152,-0.13794675469398499,0.0,0.0,0.0,
3_+861718+203975,1386.5,18.5,2094.5,1566.5,1218.0,1149.5,1352.5,1389.5,1519.5,1684.0,1582.0,1788.5,382.5,18.323430923592145,77.40948991585479,0.07801537960767746,-0.13960179686546326,0.0,0.0,0.0,
3_+861718+203976,1386.5,18.5,2088.5,1572.0,1216.5,1148.5,1347.5,1387.0,1543.0,1706.5,1606.0,1843.0,382.5,18.32352075512056,77.40948991585479,0.08752555400133133,-0.1306646466255188,0.0,0.0,0.0,
3_+861718+203977,1386.5,18.5,2088.5,1572.0,1218.0,1154.0,1345.5,1387.0,1543.0,1706.5,1623.5,1843.0,382.5,18.323610586648968,77.40948991585479,0.09350206702947617,-0.12542587518692017,0.0,0.0,0.0,
3_+861718+203978,1386.5,18.5,1977.0,1450.0,1214.5,1159.5,1352.5,1320.0,1539.0,1746.5,1626.0,1854.0,382.5,18.32370041817738,77.40948991585479,0.09170929342508316,-0.0973057821393013,0.0,0.0,0.0,
3_+861718+203979,1386.5,18.5,1977.0,1450.0,1168.5,1093.5,1183.5,1320.0,1539.0,1746.5,1641.5,1854.0,382.5,18.323790249705795,77.40948991585479,0.16292880475521088,-0.09312152862548828,0.0,0.0,0.0,
3_+861718+203980,1364.0,18.0,1588.5,1170.0,1118.5,997.0,1021.0,1145.0,1368.5,1514.5,1491.5,1634.0,320.5,18.323880081234204,77.40948991585479,0.18316227197647095,-0.033418599516153336,0.0,0.0,0.0,
3_+861719+203964,1411.5,19.0,1821.0,1328.5,1176.5,1079.5,1247.0,1278.0,1411.0,1545.5,1428.5,1651.5,399.0,18.322442776779614,77.4095797473832,0.06736023724079132,-0.12117987871170044,0.0,0.0,0.0,
3_+861719+203965,1411.5,19.0,1821.0,1328.5,1178.0,1090.0,1233.0,1278.0,1411.0,1545.5,1398.0,1651.5,399.0,18.322532608308027,77.4095797473832,0.0626298114657402,-0.13147667050361633,0.0,0.0,0.0,
3_+861719+203966,1411.5,19.0,1837.5,1366.0,1183.0,1093.0,1257.0,1305.0,1411.0,1565.5,1409.5,1643.5,399.0,18.322622439836437,77.4095797473832,0.05714065209031105,-0.13183321058750153,0.0,0.0,0.0,
3_+861719+203967,1411.5,19.0,1837.5,1366.0,1180.0,1093.0,1251.0,1305.0,1411.0,1565.5,1431.5,1643.5,399.0,18.32271227136485,77.4095797473832,0.06721921265125275,-0.12425857037305832,0.0,0.0,0.0,
3_+861719+203968,1393.0,19.0,1899.0,1412.5,1179.0,1096.5,1231.5,1324.5,1464.0,1613.5,1414.5,1760.0,395.5,18.322802102893263,77.4095797473832,0.06916847825050354,-0.14620734751224518,0.0,0.0,0.0,
3_+861719+203969,1393.0,19.0,1899.0,1412.5,1188.5,1107.0,1254.5,1324.5,1464.0,1613.5,1460.5,1760.0,395.5,18.322891934421673,77.4095797473832,0.07586417347192764,-0.13051791489124298,0.0,0.0,0.0,
3_+861719+203970,1393.0,19.0,1935.0,1443.0,1189.0,1110.0,1242.0,1327.5,1478.5,1659.0,1497.5,1821.0,395.5,18.322981765950086,77.4095797473832,0.09275242686271667,-0.12783782184123993,0.0,0.0,0.0,
3_+861719+203971,1393.0,19.0,1935.0,1443.0,1198.5,1110.5,1243.5,1327.5,1478.5,1659.0,1462.0,1821.0,395.5,18.3230715974785,77.4095797473832,0.08089788258075714,-0.13925109803676605,0.0,0.0,0.0,
3_+861719+203972,1393.0,19.0,1995.5,1514.5,1203.5,1123.5,1290.5,1365.0,1494.0,1670.0,1509.5,1794.5,395.5,18.32316142900691,77.4095797473832,0.07819906622171402,-0.13865548372268677,0.0,0.0,0.0,
3_+861719+203973,1393.0,19.0,1995.5,1514.5,1202.0,1128.5,1302.5,1365.0,1494.0,1670.0,1521.5,1794.5,395.5,18.323251260535322,77.4095797473832,0.07730928808450699,-0.13490617275238037,0.0,0.0,0.0,
3_+861719+203974,1386.5,18.5,2094.5,1566.5,1198.0,1135.0,1320.5,1389.5,1519.5,1684.0,1548.5,1788.5,382.5,18.323341092063732,77.4095797473832,0.07939387112855911,-0.14993759989738464,0.0,0.0,0.0,
3_+861719+203975,1386.5,18.5,2094.5,1566.5,1214.0,1149.5,1343.5,1389.5,1519.5,1684.0,1561.5,1788.5,382.5,18.323430923592145,77.4095797473832,0.07478813827037811,-0.14599834382534027,0.0,0.0,0.0,
3_+861719+203976,1386.5,18.5,2088.5,1572.0,1229.0,1163.0,1353.0,1387.0,1543.0,1706.5,1569.5,1843.0,382.5,18.32352075512056,77.4095797473832,0.07392572611570358,-0.142046719789505,0.0,0.0,0.0,
3_+861719+203977,1386.5,18.5,2088.5,1572.0,1229.0,1156.5,1356.5,1387.0,1543.0,1706.5,1611.0,1843.0,382.5,18.323610586648968,77.4095797473832,0.0856485366821289,-0.12917718291282654,0.0,0.0,0.0,
3_+861719+203978,1386.5,18.5,1977.0,1450.0,1232.5,1163.5,1375.0,1320.0,1539.0,1746.5,1659.5,1854.0,382.5,18.32370041817738,77.4095797473832,0.09375691413879395,-0.08705176413059235,0.0,0.0,0.0,
3_+861719+203979,1386.5,18.5,1977.0,1450.0,1218.0,1143.0,1300.0,1320.0,1539.0,1746.5,1726.0,1854.0,382.5,18.323790249705795,77.4095797473832,0.141316756606102,-0.06749027967453003,0.0,0.0,0.0,
3_+861719+203980,,,,,,,,,,,,,,18.323880081234204,77.4095797473832,,,,,,
3_+861719+203981,1364.0,18.0,1588.5,1170.0,1153.0,1039.0,1110.0,1145.0,1368.5,1514.5,1343.5,1634.0,320.5,18.323969912762617,77.4095797473832,0.09177299588918686,-0.08518585562705994,0.0,0.0,0.0,
3_+861720+203963,1383.0,18.5,1764.0,1289.0,1173.5,1059.0,1191.5,1289.0,1436.5,1603.0,1424.5,1731.5,361.0,18.3223529452512,77.40966957891162,0.0884193405508995,-0.10699201375246048,0.0,0.0,0.0,
3_+861720+203964,1383.0,18.5,1677.5,1212.0,1165.5,1054.0,1199.5,1203.0,1328.5,1472.5,1342.0,1537.0,361.0,18.322442776779614,77.40966957891162,0.05583557114005089,-0.11130155622959137,0.0,0.0,0.0,
3_+861720+203965,1383.0,18.5,1677.5,1212.0,1156.0,1063.5,1201.5,1203.0,1328.5,1472.5,1337.0,1537.0,361.0,18.322532608308027,77.40966957891162,0.05342261120676994,-0.11293604969978333,0.0,0.0,0.0,
3_+861720+203966,1383.0,18.5,1610.5,1191.0,1174.0,1090.0,1219.0,1188.5,1299.0,1435.5,1369.5,1482.5,361.0,18.322622439836437,77.40966957891162,0.05811372399330139,-0.08090069890022278,0.0,0.0,0.0,
3_+861720+203967,1383.0,18.5,1610.5,1191.0,1169.0,1065.5,1196.0,1188.5,1299.0,1435.5,1339.0,1482.5,361.0,18.32271227136485,77.40966957891162,0.05618313327431679,-0.09226040542125702,0.0,0.0,0.0,
3_+861720+203968,1384.5,18.5,1567.0,1157.5,1159.0,1042.5,1142.5,1147.5,1290.5,1388.0,1283.0,1463.5,361.0,18.322802102893263,77.40966957891162,0.057910554111003876,-0.0996786504983902,0.0,0.0,0.0,
3_+861720+203969,1384.5,18.5,1567.0,1157.5,1158.5,1052.0,1141.0,1147.5,1290.5,1388.0,1384.5,1463.5,361.0,18.322891934421673,77.40966957891162,0.09598620980978012,-0.06227228417992592,0.0,0.0,0.0,
3_+861720+203970,1384.5,18.5,1570.5,1154.5,1141.5,1040.0,1101.0,1147.0,1278.0,1450.5,1496.5,1485.0,361.0,18.322981765950086,77.40966957891162,0.1522512435913086,-0.0241033136844635,0.0,0.0,0.0,
3_+861720+203971,1384.5,18.5,1570.5,1154.5,1149.5,1038.0,1127.5,1147.0,1278.0,1450.5,1418.0,1485.0,361.0,18.3230715974785,77.40966957891162,0.11403309553861618,-0.05134984105825424,0.0,0.0,0.0,
3_+861720+203972,1384.5,18.5,1693.0,1279.5,1177.5,1075.0,1199.0,1202.0,1324.5,1435.5,1392.0,1564.5,361.0,18.32316142900691,77.40966957891162,0.07495736330747604,-0.09718197584152222,0.0,0.0,0.0,
3_+861720+203973,1384.5,18.5,1693.0,1279.5,1203.5,1111.5,1268.5,1202.0,1324.5,1435.5,1479.0,1564.5,361.0,18.323251260535322,77.40966957891162,0.07659772783517838,-0.06705181300640106,0.0,0.0,0.0,
3_+861720+203974,1402.5,18.0,1917.0,1470.0,1209.5,1129.5,1311.0,1323.0,1427.0,1582.0,1517.0,1708.0,407.0,18.323341092063732,77.40966957891162,0.07277611643075943,-0.11638469249010086,0.0,0.0,0.0,
3_+861720+203975,1402.5,18.0,1917.0,1470.0,1208.0,1136.5,1327.5,1323.0,1427.0,1582.0,1555.5,1708.0,407.0,18.323430923592145,77.40966957891162,0.07888561487197876,-0.10410717874765396,0.0,0.0,0.0,
3_+861720+203976,1402.5,18.0,2036.5,1546.5,1208.5,1129.0,1307.0,1337.0,1474.0,1622.0,1528.0,1760.0,407.0,18.32352075512056,77.40966957891162,0.07779530435800552,-0.14276745915412903,0.0,0.0,0.0,
3_+861720+203977,1402.5,18.0,2036.5,1546.5,1212.0,1129.5,1302.5,1337.0,1474.0,1622.0,1543.5,1760.0,407.0,18.323610586648968,77.40966957891162,0.08466997742652893,-0.13770700991153717,0.0,0.0,0.0,
3_+861720+203978,1402.5,18.0,2108.5,1559.5,1217.5,1158.5,1344.5,1367.5,1535.5,1746.0,1630.0,1876.5,407.0,18.32370041817738,77.40966957891162,0.09585089981555939,-0.1280948668718338,0.0,0.0,0.0,
3_+861720+203979,1402.5,18.0,2108.5,1559.5,1206.0,1145.5,1302.0,1367.5,1535.5,1746.0,1685.0,1876.5,407.0,18.323790249705795,77.40966957891162,0.1283591389656067,-0.11164869368076324,0.0,0.0,0.0,
3_+861720+203980,1396.0,18.0,2029.5,1475.5,1188.5,1109.5,1232.0,1360.0,1547.0,1703.5,1663.5,1898.0,391.0,18.323880081234204,77.40966957891162,0.1488494575023651,-0.09910112619400024,0.0,0.0,0.0,
3_+861720+203981,1396.0,18.0,2029.5,1475.5,1189.5,1095.0,1244.5,1360.0,1547.0,1703.5,1545.5,1898.0,391.0,18.323969912762617,77.40966957891162,0.10635164380073547,-0.13681241869926453,0.0,0.0,0.0,
3_+861720+203982,1396.0,18.0,1756.0,1306.0,1171.5,1068.5,1154.0,1229.5,1394.5,1564.5,1446.0,1664.0,391.0,18.32405974429103,77.40966957891162,0.11173902451992035,-0.0969565287232399,0.0,0.0,0.0,
3_+861721+203963,1383.0,18.5,1764.0,1289.0,1156.5,1058.5,1184.5,1289.0,1436.5,1603.0,1521.5,1731.5,361.0,18.3223529452512,77.40975941044002,0.12267299741506577,-0.07537534087896347,0.0,0.0,0.0,
3_+861721+203964,1383.0,18.5,1677.5,1212.0,1149.0,1043.5,1158.0,1203.0,1328.5,1472.5,1374.5,1537.0,361.0,18.322442776779614,77.40975941044002,0.08443233370780945,-0.10017040371894836,0.0,0.0,0.0,
3_+861721+203965,1383.0,18.5,1677.5,1212.0,1148.0,1031.0,1160.5,1203.0,1328.5,1472.5,1319.5,1537.0,361.0,18.322532608308027,77.40975941044002,0.06390688568353653,-0.11965395510196686,0.0,0.0,0.0,
3_+861721+203966,1383.0,18.5,1610.5,1191.0,1158.0,1047.0,1162.5,1188.5,1299.0,1435.5,1345.0,1482.5,361.0,18.322622439836437,77.40975941044002,0.07272452861070633,-0.08990105986595154,0.0,0.0,0.0,
3_+861721+203967,1383.0,18.5,1610.5,1191.0,1143.5,1023.5,1137.0,1188.5,1299.0,1435.5,1288.0,1482.5,361.0,18.32271227136485,77.40975941044002,0.06193503364920616,-0.11154714971780777,0.0,0.0,0.0,
3_+861721+203968,1384.5,18.5,1567.0,1157.5,1132.0,997.0,1077.5,1147.5,1290.5,1388.0,1208.5,1463.5,361.0,18.322802102893263,77.40975941044002,0.057354096323251724,-0.12919634580612183,0.0,0.0,0.0,
3_+861721+203969,1384.5,18.5,1567.0,1157.5,1126.0,998.5,1058.0,1147.5,1290.5,1388.0,1262.5,1463.5,361.0,18.322891934421673,77.40975941044002,0.08782816678285599,-0.1080322116613388,0.0,0.0,0.0,
3_+861721+203970,1384.5,18.5,1570.5,1154.5,1121.5,988.5,1024.0,1147.0,1278.0,1450.5,1324.5,1485.0,361.0,18.322981765950086,77.40975941044002,0.1279822736978531,-0.08494926989078522,0.0,0.0,0.0,
3_+861721+203971,1384.5,18.5,1570.5,1154.5,1116.5,986.5,1030.5,1147.0,1278.0,1450.5,1289.0,1485.0,361.0,18.3230715974785,77.40975941044002,0.11077304929494858,-0.09912855923175812,0.0,0.0,0.0,
3_+861721+203972,1384.5,18.5,1693.0,1279.5,1132.0,1013.0,1092.5,1202.0,1324.5,1435.5,1228.5,1564.5,361.0,18.32316142900691,77.40975941044002,0.05914853885769844,-0.1590123176574707,0.0,0.0,0.0,
3_+861721+203973,1384.5,18.5,1693.0,1279.5,1172.5,1060.5,1189.5,1202.0,1324.5,1435.5,1377.0,1564.5,361.0,18.323251260535322,77.40975941044002,0.07354757189750671,-0.10283225774765015,0.0,0.0,0.0,
3_+861721+203974,1402.5,18.0,1917.0,1470.0,1193.0,1096.0,1259.5,1323.0,1427.0,1582.0,1450.0,1708.0,407.0,18.323341092063732,77.40975941044002,0.07036708295345306,-0.1386115849018097,0.0,0.0,0.0,
3_+861721+203975,1402.5,18.0,1917.0,1470.0,1196.5,1104.5,1286.5,1323.0,1427.0,1582.0,1513.5,1708.0,407.0,18.323430923592145,77.40975941044002,0.08098222315311432,-0.11753780394792557,0.0,0.0,0.0,
3_+861721+203976,1402.5,18.0,2036.5,1546.5,1191.5,1108.0,1276.0,1337.0,1474.0,1622.0,1510.0,1760.0,407.0,18.32352075512056,77.40975941044002,0.08386975526809692,-0.14853009581565857,0.0,0.0,0.0,
3_+861721+203977,1402.5,18.0,2036.5,1546.5,1195.0,1111.5,1280.5,1337.0,1474.0,1622.0,1513.0,1760.0,407.0,18.323610586648968,77.40975941044002,0.08324728161096573,-0.14746713638305664,0.0,0.0,0.0,
3_+861721+203978,1402.5,18.0,2108.5,1559.5,1211.5,1148.5,1318.0,1367.5,1535.5,1746.0,1620.5,1876.5,407.0,18.32370041817738,77.40975941044002,0.10294446349143982,-0.13086144626140594,0.0,0.0,0.0,
3_+861721+203979,1402.5,18.0,2108.5,1559.5,1202.0,1151.5,1321.0,1367.5,1535.5,1746.0,1709.0,1876.5,407.0,18.323790249705795,77.40975941044002,0.12799912691116333,-0.1047765463590622,0.0,0.0,0.0,
3_+861721+203980,1396.0,18.0,2029.5,1475.5,1208.5,1143.5,1299.0,1360.0,1547.0,1703.5,1739.0,1898.0,391.0,18.323880081234204,77.40975941044002,0.144522026181221,-0.07720187306404114,0.0,0.0,0.0,
3_+861721+203981,1396.0,18.0,2029.5,1475.5,1226.0,1154.0,1337.5,1360.0,1547.0,1703.5,1662.5,1898.0,391.0,18.323969912762617,77.40975941044002,0.10749217122793198,-0.1000688299536705,0.0,0.0,0.0,
3_+861721+203982,1396.0,18.0,1756.0,1306.0,1197.5,1127.0,1250.0,1229.5,1394.5,1564.5,1607.5,1664.0,391.0,18.32405974429103,77.40975941044002,0.12495846301317215,-0.044292740523815155,0.0,0.0,0.0,
3_+861721+203983,1396.0,18.0,1756.0,1306.0,1165.5,1063.0,1140.0,1229.5,1394.5,1564.5,1518.0,1664.0,391.0,18.32414957581944,77.40975941044002,0.14045926928520203,-0.07379329204559326,0.0,0.0,0.0,
3_+861722+203963,1450.0,28.0,1666.0,1167.0,1207.0,1079.0,1196.0,1207.0,1423.0,1577.0,1536.0,1739.0,286.0,18.3223529452512,77.40984924196843,0.12445095181465149,-0.040599625557661057,0.0,0.0,0.0,
3_+861722+203964,1383.0,18.5,1603.5,1165.0,1145.0,1043.0,1107.5,1182.0,1340.5,1510.5,1445.5,1629.0,361.0,18.322442776779614,77.40984924196843,0.13219866156578064,-0.051975227892398834,0.0,0.0,0.0,
3_+861722+203965,1383.0,18.5,1603.5,1165.0,1141.5,1027.5,1087.5,1182.0,1340.5,1510.5,1391.5,1629.0,361.0,18.322532608308027,77.40984924196843,0.12290572375059128,-0.07077619433403015,0.0,0.0,0.0,
3_+861722+203966,1383.0,18.5,1599.0,1203.5,1152.0,1056.5,1120.0,1200.0,1347.0,1469.5,1402.0,1594.0,361.0,18.322622439836437,77.40984924196843,0.11176948249340057,-0.06573756039142609,0.0,0.0,0.0,
3_+861722+203967,1383.0,18.5,1599.0,1203.5,1149.5,1047.5,1131.5,1200.0,1347.0,1469.5,1393.5,1594.0,361.0,18.32271227136485,77.40984924196843,0.10246581584215164,-0.06976117193698883,0.0,0.0,0.0,
3_+861722+203968,1384.5,18.5,1513.0,1146.0,1152.5,1032.5,1106.5,1156.0,1273.5,1430.0,1318.0,1544.0,361.0,18.322802102893263,77.40984924196843,0.08624280244112015,-0.06973439455032349,0.0,0.0,0.0,
3_+861722+203969,1384.5,18.5,1513.0,1146.0,1135.5,1006.5,1079.0,1156.0,1273.5,1430.0,1310.0,1544.0,361.0,18.322891934421673,77.40984924196843,0.09631485491991043,-0.07219965010881424,0.0,0.0,0.0,
3_+861722+203970,1384.5,18.5,1519.0,1122.5,1123.0,996.0,1073.5,1124.5,1280.0,1427.0,1264.5,1538.5,361.0,18.322981765950086,77.40984924196843,0.08174826949834824,-0.09146398305892944,0.0,0.0,0.0,
3_+861722+203971,1384.5,18.5,1519.0,1122.5,1125.0,986.0,1055.0,1124.5,1280.0,1427.0,1217.0,1538.5,361.0,18.3230715974785,77.40984924196843,0.071306511759758,-0.11038240045309067,0.0,0.0,0.0,
3_+861722+203972,1384.5,18.5,1588.5,1157.5,1096.0,975.0,1031.5,1136.0,1279.0,1423.0,1207.5,1507.5,361.0,18.32316142900691,77.40984924196843,0.07874170690774918,-0.13623471558094025,0.0,0.0,0.0,
3_+861722+203973,1384.5,18.5,1588.5,1157.5,1133.5,997.5,1073.0,1136.0,1279.0,1423.0,1224.5,1507.5,361.0,18.323251260535322,77.40984924196843,0.06666997075080872,-0.12942945957183838,0.0,0.0,0.0,
3_+861722+203974,1402.5,18.0,1768.0,1320.0,1175.0,1042.5,1163.0,1225.0,1378.0,1527.5,1326.5,1621.0,407.0,18.323341092063732,77.40984924196843,0.0662480965256691,-0.1426202356815338,0.0,0.0,0.0,
3_+861722+203975,1402.5,18.0,1768.0,1320.0,1191.5,1101.0,1255.0,1225.0,1378.0,1527.5,1465.5,1621.0,407.0,18.323430923592145,77.40984924196843,0.07757361233234406,-0.09324321150779724,0.0,0.0,0.0,
3_+861722+203976,1402.5,18.0,1956.5,1421.5,1196.5,1111.0,1258.0,1288.0,1488.0,1678.5,1532.5,1846.0,407.0,18.32352075512056,77.40984924196843,0.09817926585674286,-0.12151119112968445,0.0,0.0,0.0,
3_+861722+203977,1402.5,18.0,1956.5,1421.5,1187.0,1095.5,1234.0,1288.0,1488.0,1678.5,1538.0,1846.0,407.0,18.323610586648968,77.40984924196843,0.10962717980146408,-0.11964668333530426,0.0,0.0,0.0,
3_+861722+203978,1402.5,18.0,2054.5,1493.0,1209.0,1117.0,1284.5,1349.0,1521.5,1698.5,1582.0,1907.0,407.0,18.32370041817738,77.40984924196843,0.10393134504556656,-0.1298946738243103,0.0,0.0,0.0,
3_+861722+203979,1402.5,18.0,2054.5,1493.0,1232.5,1158.0,1357.0,1349.0,1521.5,1698.5,1636.0,1907.0,407.0,18.323790249705795,77.40984924196843,0.09321405738592148,-0.11337107419967651,0.0,0.0,0.0,
3_+861722+203980,1396.0,18.0,2092.0,1537.0,1248.5,1191.0,1409.0,1383.0,1571.0,1758.0,1661.0,1988.0,391.0,18.323880081234204,77.40984924196843,0.08205863833427429,-0.11491360515356064,0.0,0.0,0.0,
3_+861722+203981,1396.0,18.0,2092.0,1537.0,1256.5,1188.5,1382.0,1383.0,1571.0,1758.0,1641.5,1988.0,391.0,18.323969912762617,77.40984924196843,0.08545628935098648,-0.12100162357091904,0.0,0.0,0.0,
3_+861722+203982,1396.0,18.0,1956.5,1437.5,1232.0,1149.5,1314.5,1316.5,1511.0,1678.0,1689.0,1865.0,391.0,18.32405974429103,77.40984924196843,0.1248616874217987,-0.07343658804893494,0.0,0.0,0.0,
3_+861722+203983,1396.0,18.0,1956.5,1437.5,1176.5,1078.5,1208.0,1316.5,1511.0,1678.0,1583.5,1865.0,391.0,18.32414957581944,77.40984924196843,0.13410386443138123,-0.10616831481456757,0.0,0.0,0.0,
3_+861723+203963,1383.0,18.5,1654.5,1197.0,1137.0,1042.0,1049.5,1218.5,1425.5,1574.0,1509.0,1753.5,361.0,18.3223529452512,77.40993907349684,0.17840559780597687,-0.046934518963098526,0.0,0.0,0.0,
3_+861723+203964,1383.0,18.5,1603.5,1165.0,1145.5,1020.0,1080.0,1182.0,1340.5,1510.5,1378.0,1629.0,361.0,18.322442776779614,77.40993907349684,0.11991740018129349,-0.0767294391989708,0.0,0.0,0.0,
3_+861723+203965,1383.0,18.5,1603.5,1165.0,1139.5,1046.0,1131.5,1182.0,1340.5,1510.5,1358.5,1629.0,361.0,18.322532608308027,77.40993907349684,0.09127742052078247,-0.08272866904735565,0.0,0.0,0.0,
3_+861723+203966,1383.0,18.5,1599.0,1203.5,1169.5,1087.5,1219.5,1200.0,1347.0,1469.5,1438.0,1594.0,361.0,18.322622439836437,77.40993907349684,0.08218804746866226,-0.05305405706167221,0.0,0.0,0.0,
3_+861723+203967,1383.0,18.5,1599.0,1203.5,1180.5,1092.0,1228.0,1200.0,1347.0,1469.5,1414.0,1594.0,361.0,18.32271227136485,77.40993907349684,0.07020639628171921,-0.06164805591106415,0.0,0.0,0.0,
3_+861723+203968,1384.5,18.5,1513.0,1146.0,1180.0,1070.0,1169.5,1156.0,1273.5,1430.0,1370.5,1544.0,361.0,18.322802102893263,77.40993907349684,0.07895977050065994,-0.049546003341674805,0.0,0.0,0.0,
3_+861723+203969,1384.5,18.5,1513.0,1146.0,1174.0,1044.0,1126.0,1156.0,1273.5,1430.0,1354.0,1544.0,361.0,18.322891934421673,77.40993907349684,0.09182824939489365,-0.055509261786937714,0.0,0.0,0.0,
3_+861723+203970,1384.5,18.5,1519.0,1122.5,1169.5,1046.0,1140.0,1124.5,1280.0,1427.0,1374.0,1538.5,361.0,18.322981765950086,77.40993907349684,0.0930403620004654,-0.05020260438323021,0.0,0.0,0.0,
3_+861723+203971,1384.5,18.5,1519.0,1122.5,1161.0,1044.0,1135.5,1124.5,1280.0,1427.0,1474.5,1538.5,361.0,18.3230715974785,77.40993907349684,0.12991812825202942,-0.014863118529319763,0.0,0.0,0.0,
3_+861723+203972,1453.0,27.0,1610.0,1145.0,1185.0,1065.0,1085.0,1147.0,1221.0,1361.0,1472.0,1497.0,285.0,18.32316142900691,77.40993907349684,0.1513492316007614,-0.04477611929178238,0.0,0.0,0.0,
3_+861723+203973,1384.5,18.5,1588.5,1157.5,1153.0,1029.0,1110.5,1136.0,1279.0,1423.0,1445.5,1507.5,361.0,18.323251260535322,77.40993907349684,0.1297370344400406,-0.048189643770456314,0.0,0.0,0.0,
3_+861723+203974,1402.5,18.0,1768.0,1320.0,1164.5,1050.5,1156.0,1225.0,1378.0,1527.5,1375.5,1621.0,407.0,18.323341092063732,77.40993907349684,0.08685233443975449,-0.12452852725982666,0.0,0.0,0.0,
3_+861723+203975,1402.5,18.0,1768.0,1320.0,1173.0,1087.0,1204.0,1225.0,1378.0,1527.5,1515.5,1621.0,407.0,18.323430923592145,77.40993907349684,0.11430062353610992,-0.07686883956193924,0.0,0.0,0.0,
3_+861723+203976,1402.5,18.0,1956.5,1421.5,1151.0,1058.5,1169.0,1288.0,1488.0,1678.5,1673.0,1846.0,407.0,18.32352075512056,77.40993907349684,0.17732737958431244,-0.07799437642097473,0.0,0.0,0.0,
3_+861723+203977,1402.5,18.0,1956.5,1421.5,1167.5,1071.0,1161.5,1288.0,1488.0,1678.5,1665.0,1846.0,407.0,18.323610586648968,77.40993907349684,0.1776331067085266,-0.08123547583818436,0.0,0.0,0.0,
3_+861723+203978,1402.5,18.0,2054.5,1493.0,1194.5,1100.5,1211.5,1349.0,1521.5,1698.5,1582.5,1907.0,407.0,18.32370041817738,77.40993907349684,0.1323356032371521,-0.13006819784641266,0.0,0.0,0.0,
3_+861723+203979,1402.5,18.0,2054.5,1493.0,1193.0,1090.0,1203.5,1349.0,1521.5,1698.5,1594.0,1907.0,407.0,18.323790249705795,77.40993907349684,0.13940347731113434,-0.12633034586906433,0.0,0.0,0.0,
3_+861723+203980,1396.0,18.0,2092.0,1537.0,1194.5,1093.0,1247.0,1383.0,1571.0,1758.0,1664.0,1988.0,391.0,18.323880081234204,77.40993907349684,0.14305979013442993,-0.11419202387332916,0.0,0.0,0.0,
3_+861723+203981,1396.0,18.0,2092.0,1537.0,1197.5,1109.0,1267.5,1383.0,1571.0,1758.0,1641.0,1988.0,391.0,18.323969912762617,77.40993907349684,0.12825016677379608,-0.12097182124853134,0.0,0.0,0.0,
3_+861723+203982,1396.0,18.0,1956.5,1437.5,1206.5,1119.0,1242.0,1316.5,1511.0,1678.0,1612.5,1865.0,391.0,18.32405974429103,77.40993907349684,0.12919598817825317,-0.09674569964408875,0.0,0.0,0.0,
3_+861723+203983,1396.0,18.0,1956.5,1437.5,1202.5,1100.5,1226.0,1316.5,1511.0,1678.0,1553.5,1865.0,391.0,18.32414957581944,77.40993907349684,0.11717520654201508,-0.11531570553779602,0.0,0.0,0.0,
3_+861723+203984,1396.0,18.0,1720.5,1244.5,1168.0,1063.0,1138.5,1207.0,1395.5,1591.0,1539.0,1679.5,391.0,18.324239407347854,77.40993907349684,0.14979086816310883,-0.05534609407186508,0.0,0.0,0.0,
3_+861724+203963,1450.0,28.0,1537.0,1067.0,1202.0,1094.0,1137.0,1162.0,1367.0,1532.0,1432.0,1666.0,286.0,18.3223529452512,77.41002890502526,0.11483067274093628,-0.03536544367671013,0.0,0.0,0.0,
3_+861724+203964,1383.0,18.5,1612.0,1159.0,1165.5,1078.5,1162.5,1243.0,1439.5,1588.0,1443.5,1696.5,361.0,18.322442776779614,77.41002890502526,0.10698816180229187,-0.055838532745838165,0.0,0.0,0.0,
3_+861724+203965,1383.0,18.5,1612.0,1159.0,1175.0,1096.0,1187.0,1243.0,1439.5,1588.0,1421.0,1696.5,361.0,18.322532608308027,77.41002890502526,0.08945494145154953,-0.06330296397209167,0.0,0.0,0.0,
3_+861724+203966,1383.0,18.5,1566.5,1176.0,1201.0,1118.0,1254.0,1217.5,1336.0,1465.5,1428.5,1546.0,361.0,18.322622439836437,77.41002890502526,0.06471894681453705,-0.04627889394760132,0.0,0.0,0.0,
3_+861724+203967,1383.0,18.5,1566.5,1176.0,1205.5,1108.5,1239.0,1217.5,1336.0,1465.5,1408.0,1546.0,361.0,18.32271227136485,77.41002890502526,0.06340526789426804,-0.05368633568286896,0.0,0.0,0.0,
3_+861724+203968,1384.5,18.5,1443.0,1126.5,1177.0,1079.5,1191.5,1126.5,1251.5,1348.5,1329.5,1451.0,361.0,18.322802102893263,77.41002890502526,0.05434605851769447,-0.041383929550647736,0.0,0.0,0.0,
3_+861724+203969,1384.5,18.5,1443.0,1126.5,1167.5,1038.0,1122.5,1126.5,1251.5,1348.5,1242.0,1451.0,361.0,18.322891934421673,77.41002890502526,0.05053998902440071,-0.07485701143741608,0.0,0.0,0.0,
3_+861724+203970,1384.5,18.5,1573.0,1201.0,1163.5,1050.5,1146.0,1193.5,1314.0,1471.5,1281.5,1555.0,361.0,18.322981765950086,77.41002890502526,0.05586235597729683,-0.10204730927944183,0.0,0.0,0.0,
3_+861724+203971,1384.5,18.5,1573.0,1201.0,1172.5,1084.0,1181.5,1193.5,1314.0,1471.5,1384.0,1555.0,361.0,18.3230715974785,77.41002890502526,0.07871755957603455,-0.06395699828863144,0.0,0.0,0.0,
3_+861724+203972,1384.5,18.5,1690.0,1271.0,1173.5,1081.5,1162.5,1237.5,1389.0,1543.5,1423.5,1688.0,361.0,18.32316142900691,77.41002890502526,0.10095811635255814,-0.08560526371002197,0.0,0.0,0.0,
3_+861724+203973,1384.5,18.5,1690.0,1271.0,1173.0,1052.0,1141.5,1237.5,1389.0,1543.5,1356.0,1688.0,361.0,18.323251260535322,77.41002890502526,0.08562622219324112,-0.10986337065696716,0.0,0.0,0.0,
3_+861724+203974,1402.5,18.0,1779.5,1328.0,1164.0,1067.5,1165.5,1245.0,1392.5,1557.5,1377.0,1674.5,407.0,18.323341092063732,77.41002890502526,0.08333078026771545,-0.12748432159423828,0.0,0.0,0.0,
3_+861724+203975,1402.5,18.0,1779.5,1328.0,1169.5,1080.5,1192.0,1245.0,1392.5,1557.5,1513.0,1674.5,407.0,18.323430923592145,77.41002890502526,0.1185075044631958,-0.0810592770576477,0.0,0.0,0.0,
3_+861724+203976,1402.5,18.0,1917.0,1412.5,1175.0,1083.5,1171.5,1301.5,1532.5,1745.0,1788.5,1899.5,407.0,18.32352075512056,77.41002890502526,0.2079746425151825,-0.03495386987924576,0.0,0.0,0.0,
3_+861724+203977,1463.0,26.0,1963.0,1394.0,1235.0,1124.0,1230.0,1282.0,1482.0,1723.0,1740.0,1950.0,316.0,18.323610586648968,77.41002890502526,0.17171716690063477,-0.060221441090106964,0.0,0.0,0.0,
3_+861724+203978,1402.5,18.0,1955.5,1445.5,1196.0,1122.0,1268.5,1286.5,1520.0,1688.5,1728.0,1856.5,407.0,18.32370041817738,77.41002890502526,0.15265008807182312,-0.06240362673997879,0.0,0.0,0.0,
3_+861724+203979,1402.5,18.0,1955.5,1445.5,1188.5,1116.0,1230.0,1286.5,1520.0,1688.5,1693.5,1856.5,407.0,18.323790249705795,77.41002890502526,0.1584501713514328,-0.07194813340902328,0.0,0.0,0.0,
3_+861724+203980,1396.0,18.0,1956.5,1443.5,1180.0,1107.5,1185.5,1293.0,1489.5,1664.0,1703.5,1803.5,391.0,18.323880081234204,77.41002890502526,0.17885200679302216,-0.0694529116153717,0.0,0.0,0.0,
3_+861724+203981,1396.0,18.0,1956.5,1443.5,1208.0,1131.5,1231.0,1293.0,1489.5,1664.0,1704.5,1803.5,391.0,18.323969912762617,77.41002890502526,0.16103021800518036,-0.06900975108146667,0.0,0.0,0.0,
3_+861724+203982,1396.0,18.0,2021.0,1512.5,1216.5,1154.0,1299.0,1408.5,1558.0,1742.5,1722.5,1873.0,391.0,18.32405974429103,77.41002890502526,0.13916946947574615,-0.08058865368366241,0.0,0.0,0.0,
3_+861724+203983,1396.0,18.0,2021.0,1512.5,1231.0,1155.5,1342.5,1408.5,1558.0,1742.5,1651.0,1873.0,391.0,18.32414957581944,77.41002890502526,0.1026228815317154,-0.1011749878525734,0.0,0.0,0.0,
3_+861724+203984,1396.0,18.0,1975.0,1438.5,1239.0,1168.0,1301.5,1390.0,1638.5,1864.5,1735.5,2033.0,391.0,18.324239407347854,77.41002890502526,0.14349065721035004,-0.06437831372022629,0.0,0.0,0.0,
3_+861724+203985,1396.0,18.0,1975.0,1438.5,1186.0,1104.0,1172.5,1390.0,1638.5,1864.5,1860.5,2033.0,391.0,18.324329238876263,77.41002890502526,0.22680595517158508,-0.030430536717176437,0.0,0.0,0.0,
3_+861725+203962,1383.0,18.5,1463.0,1066.5,1109.5,992.5,953.5,1137.0,1357.0,1515.0,1384.5,1600.5,361.0,18.32226311372279,77.41011873655367,0.18220996856689453,-0.028849314898252487,0.0,0.0,0.0,
3_+861725+203963,1450.0,28.0,1537.0,1067.0,1212.0,1114.0,1134.0,1162.0,1367.0,1532.0,1534.0,1666.0,286.0,18.3223529452512,77.41011873655367,0.14992503821849823,-9.768805466592312E-4,0.0,0.0,0.0,
3_+861725+203964,1450.0,28.0,1623.0,1132.0,1234.0,1130.0,1222.0,1223.0,1380.0,1529.0,1529.0,1660.0,286.0,18.322442776779614,77.41011873655367,0.11159577965736389,-0.02982233464717865,0.0,0.0,0.0,
3_+861725+203965,1450.0,28.0,1623.0,1132.0,1207.0,1095.0,1144.0,1223.0,1380.0,1529.0,1414.0,1660.0,286.0,18.322532608308027,77.41011873655367,0.10555121302604675,-0.06881791353225708,0.0,0.0,0.0,
3_+861725+203966,1383.0,18.5,1566.5,1176.0,1153.5,1067.0,1140.5,1217.5,1336.0,1465.5,1384.0,1546.0,361.0,18.322622439836437,77.41011873655367,0.09572591632604599,-0.06242454797029495,0.0,0.0,0.0,
3_+861725+203967,1383.0,18.5,1566.5,1176.0,1158.0,1045.0,1134.0,1217.5,1336.0,1465.5,1264.5,1546.0,361.0,18.32271227136485,77.41011873655367,0.05441383272409439,-0.10668657720088959,0.0,0.0,0.0,
3_+861725+203968,1384.5,18.5,1443.0,1126.5,1149.5,1030.5,1097.0,1126.5,1251.5,1348.5,1213.5,1451.0,361.0,18.322802102893263,77.41011873655367,0.05040308088064194,-0.08646038174629211,0.0,0.0,0.0,
3_+861725+203969,1384.5,18.5,1443.0,1126.5,1142.0,1018.0,1083.5,1126.5,1251.5,1348.5,1182.0,1451.0,361.0,18.322891934421673,77.41011873655367,0.04354797676205635,-0.09942212700843811,0.0,0.0,0.0,
3_+861725+203970,1384.5,18.5,1573.0,1201.0,1164.0,1044.0,1141.0,1193.5,1314.0,1471.5,1257.0,1555.0,361.0,18.322981765950086,77.41011873655367,0.04875465855002403,-0.11152707785367966,0.0,0.0,0.0,
3_+861725+203971,1384.5,18.5,1573.0,1201.0,1191.0,1102.0,1232.5,1193.5,1314.0,1471.5,1378.0,1555.0,361.0,18.3230715974785,77.41011873655367,0.055836740881204605,-0.06585142761468887,0.0,0.0,0.0,
3_+861725+203972,1384.5,18.5,1690.0,1271.0,1192.0,1114.0,1254.5,1237.5,1389.0,1543.5,1433.0,1688.0,361.0,18.32316142900691,77.41011873655367,0.0659286230802536,-0.08288735151290894,0.0,0.0,0.0,
3_+861725+203973,1384.5,18.5,1690.0,1271.0,1181.0,1090.0,1243.0,1237.5,1389.0,1543.5,1392.0,1688.0,361.0,18.323251260535322,77.41011873655367,0.056356463581323624,-0.09695683419704437,0.0,0.0,0.0,
3_+861725+203974,1402.5,18.0,1779.5,1328.0,1181.0,1095.0,1245.0,1245.0,1392.5,1557.5,1415.5,1674.5,407.0,18.323341092063732,77.41011873655367,0.0639517530798912,-0.11400693655014038,0.0,0.0,0.0,
3_+861725+203975,1402.5,18.0,1779.5,1328.0,1178.5,1097.5,1251.5,1245.0,1392.5,1557.5,1432.5,1674.5,407.0,18.323430923592145,77.41011873655367,0.06735097616910934,-0.10806794464588165,0.0,0.0,0.0,
3_+861725+203976,1402.5,18.0,1917.0,1412.5,1187.5,1107.0,1256.0,1301.5,1532.5,1745.0,1507.5,1899.5,407.0,18.32352075512056,77.41011873655367,0.09088106453418732,-0.11955195665359497,0.0,0.0,0.0,
3_+861725+203977,1402.5,18.0,1917.0,1412.5,1211.5,1136.5,1301.5,1301.5,1532.5,1745.0,1622.0,1899.5,407.0,18.323610586648968,77.41011873655367,0.10962890088558197,-0.08320198953151703,0.0,0.0,0.0,
3_+861725+203978,1402.5,18.0,1955.5,1445.5,1227.0,1157.5,1305.0,1286.5,1520.0,1688.5,1618.0,1856.5,407.0,18.32370041817738,77.41011873655367,0.10661278665065765,-0.09489402174949646,0.0,0.0,0.0,
3_+861725+203979,1402.5,18.0,1955.5,1445.5,1201.0,1112.5,1232.5,1286.5,1520.0,1688.5,1526.5,1856.5,407.0,18.323790249705795,77.41011873655367,0.10660213977098465,-0.12322928011417389,0.0,0.0,0.0,
3_+861725+203980,1396.0,18.0,1956.5,1443.5,1191.0,1100.5,1218.0,1293.0,1489.5,1664.0,1501.5,1803.5,391.0,18.323880081234204,77.41011873655367,0.1042335033416748,-0.13158264756202698,0.0,0.0,0.0,
3_+861725+203981,1396.0,18.0,1956.5,1443.5,1221.0,1142.0,1287.5,1293.0,1489.5,1664.0,1550.0,1803.5,391.0,18.323969912762617,77.41011873655367,0.0927046611905098,-0.11591494083404541,0.0,0.0,0.0,
3_+861725+203982,1396.0,18.0,2021.0,1512.5,1248.0,1192.5,1368.5,1408.5,1558.0,1742.5,1626.5,1873.0,391.0,18.32405974429103,77.41011873655367,0.08593419194221497,-0.10831019282341003,0.0,0.0,0.0,
3_+861725+203983,1396.0,18.0,2021.0,1512.5,1260.0,1216.0,1414.0,1408.5,1558.0,1742.5,1674.0,1873.0,391.0,18.32414957581944,77.41011873655367,0.08407008647918701,-0.09407037496566772,0.0,0.0,0.0,
3_+861725+203984,1396.0,18.0,1975.0,1438.5,1274.0,1230.5,1449.0,1390.0,1638.5,1864.5,1739.0,2033.0,391.0,18.324239407347854,77.41011873655367,0.09107478708028793,-0.06350244581699371,0.0,0.0,0.0,
3_+861725+203985,1396.0,18.0,1975.0,1438.5,1244.5,1203.0,1341.5,1390.0,1638.5,1864.5,1825.5,2033.0,391.0,18.324329238876263,77.41011873655367,0.1538430154323578,-0.03931865096092224,0.0,0.0,0.0,
3_+861726+203962,1366.0,17.0,1302.5,1003.5,1121.0,984.5,1008.0,1039.0,1177.5,1311.0,1201.5,1416.0,323.0,18.32226311372279,77.41020856808208,0.08683129400014877,-0.041116420179605484,0.0,0.0,0.0,
3_+861726+203963,,,,,,,,,,,,,,18.3223529452512,77.41020856808208,,,,,,
3_+861726+203964,,,,,,,,,,,,,,18.322442776779614,77.41020856808208,,,,,,
3_+861726+203965,1440.0,27.0,1446.0,1074.0,1228.0,1126.0,1127.0,1128.0,1283.0,1462.0,1431.0,1552.0,261.0,18.322532608308027,77.41020856808208,0.11884284764528275,-0.005213764496147633,0.0,0.0,0.0,
3_+861726+203966,1440.0,27.0,1316.0,990.0,1198.0,1085.0,1082.0,1039.0,1186.0,1330.0,1276.0,1409.0,261.0,18.322622439836437,77.41020856808208,0.08227311074733734,-0.015432098880410194,0.0,0.0,0.0,
3_+861726+203967,1366.0,17.0,1348.5,1042.0,1133.0,1008.5,1064.5,1055.5,1197.5,1323.5,1216.5,1436.5,323.0,18.32271227136485,77.41020856808208,0.06556335836648941,-0.05231055989861488,0.0,0.0,0.0,
3_+861726+203968,1376.0,17.5,1325.5,1029.0,1124.0,987.5,1033.5,1029.0,1127.5,1217.5,1136.5,1314.5,338.0,18.322802102893263,77.41020856808208,0.047601502388715744,-0.07668320834636688,0.0,0.0,0.0,
3_+861726+203969,1376.0,17.5,1325.5,1029.0,1127.0,988.5,1042.0,1029.0,1127.5,1217.5,1139.5,1314.5,338.0,18.322891934421673,77.41020856808208,0.04499240592122078,-0.07535849511623383,0.0,0.0,0.0,
3_+861726+203970,1376.0,17.5,1586.0,1230.5,1151.0,1032.5,1117.0,1235.5,1304.5,1470.5,1241.5,1516.0,338.0,18.322981765950086,77.41020856808208,0.053353242576122284,-0.12119615823030472,0.0,0.0,0.0,
3_+861726+203971,1376.0,17.5,1586.0,1230.5,1190.5,1125.5,1274.0,1235.5,1304.5,1470.5,1438.0,1516.0,338.0,18.3230715974785,77.41020856808208,0.060610100626945496,-0.04795854538679123,0.0,0.0,0.0,
3_+861726+203972,1376.0,17.5,1847.5,1413.5,1226.5,1166.0,1354.0,1378.0,1526.0,1659.5,1550.0,1753.0,338.0,18.32316142900691,77.41020856808208,0.06718709319829941,-0.08802446722984314,0.0,0.0,0.0,
3_+861726+203973,1376.0,17.5,1847.5,1413.5,1220.0,1159.0,1334.5,1378.0,1526.0,1659.5,1531.0,1753.0,338.0,18.323251260535322,77.41020856808208,0.06808039546012878,-0.09424693882465363,0.0,0.0,0.0,
3_+861726+203974,1384.0,17.5,1770.5,1343.0,1213.0,1148.0,1328.0,1291.0,1410.0,1546.0,1519.0,1648.0,349.5,18.323341092063732,77.41020856808208,0.06659463047981262,-0.07671704143285751,0.0,0.0,0.0,
3_+861726+203975,1384.0,17.5,1770.5,1343.0,1206.0,1133.5,1292.0,1291.0,1410.0,1546.0,1496.0,1648.0,349.5,18.323430923592145,77.41020856808208,0.07263220101594925,-0.08451826870441437,0.0,0.0,0.0,
3_+861726+203976,1384.0,17.5,1642.5,1239.0,1193.0,1098.5,1231.5,1176.5,1284.5,1420.0,1419.5,1538.0,349.5,18.32352075512056,77.41020856808208,0.07031504809856415,-0.07343222200870514,0.0,0.0,0.0,
3_+861726+203977,1384.0,17.5,1642.5,1239.0,1185.5,1077.5,1199.0,1176.5,1284.5,1420.0,1390.5,1538.0,349.5,18.323610586648968,77.41020856808208,0.07408786565065384,-0.08308562636375427,0.0,0.0,0.0,
3_+861726+203978,1384.0,17.5,1617.5,1245.5,1192.5,1075.5,1162.5,1128.5,1246.0,1373.0,1384.5,1522.5,349.5,18.32370041817738,77.41020856808208,0.08708341419696808,-0.07763954997062683,0.0,0.0,0.0,
3_+861726+203979,1384.0,17.5,1617.5,1245.5,1165.0,1037.0,1117.0,1128.5,1246.0,1373.0,1304.0,1522.5,349.5,18.323790249705795,77.41020856808208,0.07693423330783844,-0.10749772936105728,0.0,0.0,0.0,
3_+861726+203980,1391.5,18.0,1650.5,1284.5,1160.0,1040.5,1095.0,1134.0,1255.0,1395.0,1287.0,1523.5,367.0,18.323880081234204,77.41020856808208,0.08083872497081757,-0.12361054867506027,0.0,0.0,0.0,
3_+861726+203981,1391.5,18.0,1650.5,1284.5,1182.5,1068.0,1155.0,1134.0,1255.0,1395.0,1360.5,1523.5,367.0,18.323969912762617,77.41020856808208,0.08184351027011871,-0.09646646678447723,0.0,0.0,0.0,
3_+861726+203982,1391.5,18.0,1802.5,1419.5,1213.0,1130.0,1254.5,1256.5,1395.0,1531.5,1467.0,1675.0,367.0,18.32405974429103,77.41020856808208,0.07834575325250626,-0.102500781416893,0.0,0.0,0.0,
3_+861726+203983,1391.5,18.0,1802.5,1419.5,1259.0,1186.0,1372.5,1256.5,1395.0,1531.5,1596.5,1675.0,367.0,18.32414957581944,77.41020856808208,0.07547689974308014,-0.06031633913516998,0.0,0.0,0.0,
3_+861726+203984,1391.5,18.0,1952.5,1505.0,1269.0,1230.0,1423.0,1378.0,1526.0,1691.5,1672.5,1799.5,367.0,18.324239407347854,77.41020856808208,0.08050738275051117,-0.07729245722293854,0.0,0.0,0.0,
3_+861726+203985,1391.5,18.0,1952.5,1505.0,1260.5,1229.0,1421.5,1378.0,1526.0,1691.5,1710.0,1799.5,367.0,18.324329238876263,77.41020856808208,0.0920567736029625,-0.06631727516651154,0.0,0.0,0.0,
3_+861726+203986,1381.0,18.5,1791.5,1327.0,1268.5,1201.0,1389.0,1274.5,1476.5,1659.5,1719.5,1753.5,373.5,18.324419070404677,77.41020856808208,0.10672158002853394,-0.020307164639234543,0.0,0.0,0.0,
3_+861727+203962,1366.0,17.0,1302.5,1003.5,1112.5,962.0,972.5,1039.0,1177.5,1311.0,1076.5,1416.0,323.0,18.32226311372279,77.4102983996105,0.051281072199344635,-0.09446106106042862,0.0,0.0,0.0,
3_+861727+203963,1366.0,17.0,1302.5,1003.5,1129.0,988.0,1003.5,1039.0,1177.5,1311.0,1145.0,1416.0,323.0,18.3223529452512,77.4102983996105,0.06633108109235764,-0.06395484507083893,0.0,0.0,0.0,
3_+861727+203964,1366.0,17.0,1430.0,1088.5,1142.5,1003.0,1043.5,1123.0,1284.0,1424.0,1212.0,1535.5,323.0,18.322442776779614,77.4102983996105,0.07506322115659714,-0.08269427716732025,0.0,0.0,0.0,
3_+861727+203965,1366.0,17.0,1430.0,1088.5,1129.5,999.0,1042.0,1123.0,1284.0,1424.0,1233.5,1535.5,323.0,18.322532608308027,77.4102983996105,0.08420177549123764,-0.07379964739084244,0.0,0.0,0.0,
3_+861727+203966,1366.0,17.0,1348.5,1042.0,1129.5,990.0,1021.0,1055.5,1197.5,1323.5,1201.5,1436.5,323.0,18.322622439836437,77.4102983996105,0.08129836618900299,-0.05760114639997482,0.0,0.0,0.0,
3_+861727+203967,1366.0,17.0,1348.5,1042.0,1127.0,983.0,998.0,1055.5,1197.5,1323.5,1196.0,1436.5,323.0,18.32271227136485,77.4102983996105,0.08993587642908096,-0.060138605535030365,0.0,0.0,0.0,
3_+861727+203968,1376.0,17.5,1325.5,1029.0,1120.0,963.5,990.0,1029.0,1127.5,1217.5,1139.0,1314.5,338.0,18.322802102893263,77.4102983996105,0.06962446123361588,-0.07596059888601303,0.0,0.0,0.0,
3_+861727+203969,1376.0,17.5,1325.5,1029.0,1117.0,964.0,1002.5,1029.0,1127.5,1217.5,1120.0,1314.5,338.0,18.322891934421673,77.4102983996105,0.05588408187031746,-0.08394187688827515,0.0,0.0,0.0,
3_+861727+203970,1376.0,17.5,1586.0,1230.5,1144.0,1015.5,1108.5,1235.5,1304.5,1470.5,1235.5,1516.0,338.0,18.322981765950086,77.4102983996105,0.05469237640500069,-0.12404915690422058,0.0,0.0,0.0,
3_+861727+203971,1376.0,17.5,1586.0,1230.5,1209.5,1149.5,1292.0,1235.5,1304.5,1470.5,1504.0,1516.0,338.0,18.3230715974785,77.4102983996105,0.07615881413221359,-0.025708645582199097,0.0,0.0,0.0,
3_+861727+203972,1376.0,17.5,1847.5,1413.5,1255.0,1210.0,1411.5,1378.0,1526.0,1659.5,1625.5,1753.0,338.0,18.32316142900691,77.4102983996105,0.0699910894036293,-0.0644921213388443,0.0,0.0,0.0,
3_+861727+203973,1376.0,17.5,1847.5,1413.5,1239.5,1181.5,1373.0,1378.0,1526.0,1659.5,1581.5,1753.0,338.0,18.323251260535322,77.4102983996105,0.06991604715585709,-0.0782899558544159,0.0,0.0,0.0,
3_+861727+203974,1384.0,17.5,1770.5,1343.0,1222.5,1151.0,1327.0,1291.0,1410.0,1546.0,1510.5,1648.0,349.5,18.323341092063732,77.4102983996105,0.06438703089952469,-0.07941482961177826,0.0,0.0,0.0,
3_+861727+203975,1384.0,17.5,1770.5,1343.0,1183.5,1099.0,1223.5,1291.0,1410.0,1546.0,1403.5,1648.0,349.5,18.323430923592145,77.4102983996105,0.06785272806882858,-0.11602437496185303,0.0,0.0,0.0,
3_+861727+203976,1384.0,17.5,1642.5,1239.0,1154.0,1031.5,1101.0,1176.5,1284.5,1420.0,1254.0,1538.0,349.5,18.32352075512056,77.4102983996105,0.06439834088087082,-0.13458633422851562,0.0,0.0,0.0,
3_+861727+203977,1384.0,17.5,1642.5,1239.0,1135.5,993.0,1043.0,1176.5,1284.5,1420.0,1199.0,1538.0,349.5,18.323610586648968,77.4102983996105,0.06977971643209457,-0.15608881413936615,0.0,0.0,0.0,
3_+861727+203978,1384.0,17.5,1617.5,1245.5,1158.0,1022.0,1079.5,1128.5,1246.0,1373.0,1253.5,1522.5,349.5,18.32370041817738,77.4102983996105,0.07493826001882553,-0.12700523436069489,0.0,0.0,0.0,
3_+861727+203979,1384.0,17.5,1617.5,1245.5,1173.0,1044.5,1112.5,1128.5,1246.0,1373.0,1284.5,1522.5,349.5,18.323790249705795,77.4102983996105,0.0717334970831871,-0.1147690862417221,0.0,0.0,0.0,
3_+861727+203980,1391.5,18.0,1650.5,1284.5,1161.5,1032.0,1092.0,1134.0,1255.0,1395.0,1267.0,1523.5,367.0,18.323880081234204,77.4102983996105,0.07400064915418625,-0.1314355880022049,0.0,0.0,0.0,
3_+861727+203981,1391.5,18.0,1650.5,1284.5,1153.5,1027.0,1102.5,1134.0,1255.0,1395.0,1274.0,1523.5,367.0,18.323969912762617,77.4102983996105,0.07236555963754654,-0.12861301004886627,0.0,0.0,0.0,
3_+861727+203982,1391.5,18.0,1802.5,1419.5,1170.0,1070.5,1153.0,1256.5,1395.0,1531.5,1319.0,1675.0,367.0,18.32405974429103,77.4102983996105,0.0675830990076065,-0.15469029545783997,0.0,0.0,0.0,
3_+861727+203983,1391.5,18.0,1802.5,1419.5,1205.0,1120.0,1234.0,1256.5,1395.0,1531.5,1414.5,1675.0,367.0,18.32414957581944,77.4102983996105,0.06836841255426407,-0.12040446698665619,0.0,0.0,0.0,
3_+861727+203984,1391.5,18.0,1952.5,1505.0,1218.5,1136.0,1287.0,1378.0,1526.0,1691.5,1495.0,1799.5,367.0,18.324239407347854,77.4102983996105,0.07480081170797348,-0.1326705515384674,0.0,0.0,0.0,
3_+861727+203985,1391.5,18.0,1952.5,1505.0,1216.5,1154.0,1296.0,1378.0,1526.0,1691.5,1543.5,1799.5,367.0,18.324329238876263,77.4102983996105,0.08714570105075836,-0.1169685423374176,0.0,0.0,0.0,
3_+861727+203986,1381.0,18.5,1791.5,1327.0,1235.5,1144.0,1268.5,1274.5,1476.5,1659.5,1524.5,1753.5,373.5,18.324419070404677,77.4102983996105,0.09150924533605576,-0.08031517267227173,0.0,0.0,0.0,
3_+861728+203962,1366.0,17.0,1187.0,909.5,1113.5,951.0,956.0,958.0,1019.0,1122.5,1073.5,1217.5,323.0,18.32226311372279,77.41038823113891,0.058230120688676834,-0.050193317234516144,0.0,0.0,0.0,
3_+861728+203963,1366.0,17.0,1187.0,909.5,1099.5,942.0,946.5,958.0,1019.0,1122.5,1067.0,1217.5,323.0,18.3223529452512,77.41038823113891,0.06014733016490936,-0.05323495715856552,0.0,0.0,0.0,
3_+861728+203964,1366.0,17.0,1223.0,936.0,1100.0,945.0,949.5,964.5,1035.0,1134.5,1072.0,1227.5,323.0,18.322442776779614,77.41038823113891,0.06103161722421646,-0.06585527956485748,0.0,0.0,0.0,
3_+861728+203965,1366.0,17.0,1223.0,936.0,1105.5,951.0,953.5,964.5,1035.0,1134.5,1076.5,1227.5,323.0,18.322532608308027,77.41038823113891,0.06079939007759094,-0.063696950674057,0.0,0.0,0.0,
3_+861728+203966,1366.0,17.0,1238.0,937.5,1110.5,947.5,956.0,974.5,1069.5,1187.0,1090.0,1280.0,323.0,18.322622439836437,77.41038823113891,0.06557562947273254,-0.06369704008102417,0.0,0.0,0.0,
3_+861728+203967,1366.0,17.0,1238.0,937.5,1108.5,959.0,966.0,974.5,1069.5,1187.0,1158.0,1280.0,323.0,18.32271227136485,77.41038823113891,0.09015533328056335,-0.03397483378648758,0.0,0.0,0.0,
3_+861728+203968,1376.0,17.5,1296.0,979.0,1120.0,974.5,980.5,1021.5,1111.5,1249.5,1192.0,1302.0,338.0,18.322802102893263,77.41038823113891,0.0974673330783844,-0.041866615414619446,0.0,0.0,0.0,
3_+861728+203969,1376.0,17.5,1296.0,979.0,1123.0,975.0,998.5,1021.5,1111.5,1249.5,1132.0,1302.0,338.0,18.322891934421673,77.41038823113891,0.0627104789018631,-0.06764466315507889,0.0,0.0,0.0,
3_+861728+203970,1376.0,17.5,1466.5,1133.0,1150.0,1002.0,1091.5,1147.5,1260.0,1391.0,1206.0,1505.5,338.0,18.322981765950086,77.41038823113891,0.0504768081009388,-0.09791485965251923,0.0,0.0,0.0,
3_+861728+203971,1307.0,9.0,1405.0,1117.0,1137.0,1072.0,1202.0,1136.0,1232.0,1335.0,1380.0,1453.0,406.0,18.3230715974785,77.41038823113891,0.06893880665302277,-0.008976660668849945,0.0,0.0,0.0,
3_+861728+203972,1445.0,26.0,1594.0,1194.0,1276.0,1208.0,1369.0,1196.0,1318.0,1469.0,1523.0,1584.0,270.0,18.32316142900691,77.41038823113891,0.05325034633278847,-0.022778311744332314,0.0,0.0,0.0,
3_+861728+203973,1376.0,17.5,1597.0,1216.0,1215.5,1152.5,1290.0,1207.0,1328.5,1449.5,1512.5,1583.0,338.0,18.323251260535322,77.41038823113891,0.07888127863407135,-0.027864158153533936,0.0,0.0,0.0,
3_+861728+203974,1384.0,17.5,1423.5,1087.0,1188.0,1062.5,1165.0,1086.5,1174.0,1299.0,1333.5,1391.5,349.5,18.323341092063732,77.41038823113891,0.06697976589202881,-0.03283097222447395,0.0,0.0,0.0,
3_+861728+203975,1384.0,17.5,1423.5,1087.0,1138.0,1011.5,1063.0,1086.5,1174.0,1299.0,1215.0,1391.5,349.5,18.323430923592145,77.41038823113891,0.06647787243127823,-0.07895256578922272,0.0,0.0,0.0,
3_+861728+203976,1384.0,17.5,1281.5,985.0,1123.0,989.0,1015.5,992.0,1085.0,1181.0,1140.5,1289.0,349.5,18.32352075512056,77.41038823113891,0.05796875059604645,-0.05820976197719574,0.0,0.0,0.0,
3_+861728+203977,1384.0,17.5,1281.5,985.0,1129.0,977.0,994.5,992.0,1085.0,1181.0,1117.0,1289.0,349.5,18.323610586648968,77.41038823113891,0.05813169479370117,-0.06855510175228119,0.0,0.0,0.0,
3_+861728+203978,1384.0,17.5,1358.0,1038.5,1121.5,989.0,1009.5,1034.5,1118.5,1226.5,1160.5,1323.5,349.5,18.32370041817738,77.41038823113891,0.0699966698884964,-0.07818005979061127,0.0,0.0,0.0,
3_+861728+203979,1384.0,17.5,1358.0,1038.5,1168.5,1024.5,1079.0,1034.5,1118.5,1226.5,1239.5,1323.5,349.5,18.323790249705795,77.41038823113891,0.0696360394358635,-0.04536553472280502,0.0,0.0,0.0,
3_+861728+203980,1391.5,18.0,1482.5,1148.5,1171.0,1039.0,1109.0,1101.0,1177.0,1322.0,1272.5,1416.0,367.0,18.323880081234204,77.41038823113891,0.06861914694309235,-0.0761570855975151,0.0,0.0,0.0,
3_+861728+203981,1391.5,18.0,1482.5,1148.5,1155.0,1027.0,1094.0,1101.0,1177.0,1322.0,1242.5,1416.0,367.0,18.323969912762617,77.41038823113891,0.06357886642217636,-0.0879584550857544,0.0,0.0,0.0,
3_+861728+203982,1391.5,18.0,1560.0,1220.0,1155.0,1034.0,1096.0,1125.0,1202.5,1350.5,1253.5,1450.5,367.0,18.32405974429103,77.41038823113891,0.06720615923404694,-0.10885288566350937,0.0,0.0,0.0,
3_+861728+203983,1391.5,18.0,1560.0,1220.0,1167.0,1061.5,1119.5,1125.0,1202.5,1350.5,1283.5,1450.5,367.0,18.32414957581944,77.41038823113891,0.06857731193304062,-0.09717041254043579,0.0,0.0,0.0,
3_+861728+203984,1391.5,18.0,1640.5,1271.5,1180.0,1073.5,1162.5,1173.5,1269.0,1438.0,1329.0,1551.5,367.0,18.324239407347854,77.41038823113891,0.0669955387711525,-0.10478578507900238,0.0,0.0,0.0,
3_+861728+203985,1391.5,18.0,1640.5,1271.5,1195.5,1083.5,1178.5,1173.5,1269.0,1438.0,1385.5,1551.5,367.0,18.324329238876263,77.41038823113891,0.08079422265291214,-0.0841929167509079,0.0,0.0,0.0,
3_+861728+203986,1381.0,18.5,1606.5,1220.5,1185.5,1072.5,1139.5,1148.5,1338.0,1453.0,1470.5,1649.5,373.5,18.324419070404677,77.41038823113891,0.12666837871074677,-0.044318001717329025,0.0,0.0,0.0,
3_+861729+203962,1366.0,17.0,1187.0,909.5,1111.5,953.5,960.0,958.0,1019.0,1122.5,1064.0,1217.5,323.0,18.32226311372279,77.41047806266732,0.05163653567433357,-0.054651107639074326,0.0,0.0,0.0,
3_+861729+203963,1366.0,17.0,1187.0,909.5,1105.0,947.0,956.5,958.0,1019.0,1122.5,1060.0,1217.5,323.0,18.3223529452512,77.41047806266732,0.05153493955731392,-0.05650980770587921,0.0,0.0,0.0,
3_+861729+203964,1366.0,17.0,1223.0,936.0,1106.0,946.5,956.5,964.5,1035.0,1134.5,1071.0,1227.5,323.0,18.322442776779614,77.41047806266732,0.056769464164972305,-0.06626074016094208,0.0,0.0,0.0,
3_+861729+203965,1366.0,17.0,1223.0,936.0,1102.0,952.5,956.0,964.5,1035.0,1134.5,1067.5,1227.5,323.0,18.322532608308027,77.41047806266732,0.055383626371622086,-0.06787152588367462,0.0,0.0,0.0,
3_+861729+203966,1366.0,17.0,1238.0,937.5,1107.5,944.5,950.0,974.5,1069.5,1187.0,1064.0,1280.0,323.0,18.322622439836437,77.41047806266732,0.056832507252693176,-0.075691819190979,0.0,0.0,0.0,
3_+861729+203967,1366.0,17.0,1238.0,937.5,1112.5,954.5,963.0,974.5,1069.5,1187.0,1093.0,1280.0,323.0,18.32271227136485,77.41047806266732,0.0635029748082161,-0.062209486961364746,0.0,0.0,0.0,
3_+861729+203968,1376.0,17.5,1296.0,979.0,1119.0,971.5,986.5,1021.5,1111.5,1249.5,1166.0,1302.0,338.0,18.322802102893263,77.41047806266732,0.0837252289056778,-0.05282772332429886,0.0,0.0,0.0,
3_+861729+203969,1376.0,17.5,1296.0,979.0,1122.5,974.5,1010.0,1021.5,1111.5,1249.5,1177.0,1302.0,338.0,18.322891934421673,77.41047806266732,0.07658415287733078,-0.04810860753059387,0.0,0.0,0.0,
3_+861729+203970,1376.0,17.5,1466.5,1133.0,1140.0,1001.5,1040.5,1147.5,1260.0,1391.0,1205.0,1505.5,338.0,18.322981765950086,77.41047806266732,0.07386678457260132,-0.09750991314649582,0.0,0.0,0.0,
3_+861729+203971,1376.0,17.5,1466.5,1133.0,1155.0,1049.5,1119.5,1147.5,1260.0,1391.0,1298.5,1505.5,338.0,18.3230715974785,77.41047806266732,0.07499446719884872,-0.06040963530540466,0.0,0.0,0.0,
3_+861729+203972,1376.0,17.5,1597.0,1216.0,1173.5,1043.5,1132.5,1207.0,1328.5,1449.5,1291.5,1583.0,338.0,18.32316142900691,77.41047806266732,0.06568917632102966,-0.10578493773937225,0.0,0.0,0.0,
3_+861729+203973,1376.0,17.5,1597.0,1216.0,1151.5,1013.5,1079.5,1207.0,1328.5,1449.5,1226.5,1583.0,338.0,18.323251260535322,77.41047806266732,0.06378089636564255,-0.13125476241111755,0.0,0.0,0.0,
3_+861729+203974,1384.0,17.5,1423.5,1087.0,1122.5,987.5,1020.5,1086.5,1174.0,1299.0,1144.0,1391.5,349.5,18.323341092063732,77.41047806266732,0.05705241858959198,-0.10862085968255997,0.0,0.0,0.0,
3_+861729+203975,1384.0,17.5,1423.5,1087.0,1126.5,970.5,995.5,1086.5,1174.0,1299.0,1124.5,1391.5,349.5,18.323430923592145,77.41047806266732,0.06097893416881561,-0.11703033000230789,0.0,0.0,0.0,
3_+861729+203976,1384.0,17.5,1281.5,985.0,1124.0,968.0,987.0,992.0,1085.0,1181.0,1100.5,1289.0,349.5,18.32352075512056,77.41047806266732,0.054482270032167435,-0.07601720094680786,0.0,0.0,0.0,
3_+861729+203977,1384.0,17.5,1281.5,985.0,1114.5,963.5,991.0,992.0,1085.0,1181.0,1087.5,1289.0,349.5,18.323610586648968,77.41047806266732,0.0465783029794693,-0.0818575769662857,0.0,0.0,0.0,
3_+861729+203978,1384.0,17.5,1358.0,1038.5,1113.0,968.5,999.5,1034.5,1118.5,1226.5,1109.0,1323.5,349.5,18.32370041817738,77.41047806266732,0.052209582179784775,-0.10055357962846756,0.0,0.0,0.0,
3_+861729+203979,1384.0,17.5,1358.0,1038.5,1134.5,992.0,1028.5,1034.5,1118.5,1226.5,1166.5,1323.5,349.5,18.323790249705795,77.41047806266732,0.06323643028736115,-0.07567080110311508,0.0,0.0,0.0,
3_+861729+203980,1391.5,18.0,1482.5,1148.5,1157.5,1022.0,1080.0,1101.0,1177.0,1322.0,1234.5,1416.0,367.0,18.323880081234204,77.41047806266732,0.06713869422674179,-0.09131179749965668,0.0,0.0,0.0,
3_+861729+203981,1391.5,18.0,1482.5,1148.5,1174.0,1039.5,1103.5,1101.0,1177.0,1322.0,1273.5,1416.0,367.0,18.323969912762617,77.41047806266732,0.07153823971748352,-0.0757797360420227,0.0,0.0,0.0,
3_+861729+203982,1391.5,18.0,1560.0,1220.0,1168.5,1036.0,1109.0,1125.0,1202.5,1350.5,1257.5,1450.5,367.0,18.32405974429103,77.41047806266732,0.06274248659610748,-0.10730201005935669,0.0,0.0,0.0,
3_+861729+203983,1391.5,18.0,1560.0,1220.0,1167.0,1061.5,1119.5,1125.0,1202.5,1350.5,1283.5,1450.5,367.0,18.32414957581944,77.41047806266732,0.06857731193304062,-0.09717041254043579,0.0,0.0,0.0,
3_+861729+203984,1391.5,18.0,1640.5,1271.5,1180.0,1073.5,1162.5,1173.5,1269.0,1438.0,1329.0,1551.5,367.0,18.324239407347854,77.41047806266732,0.0669955387711525,-0.10478578507900238,0.0,0.0,0.0,
3_+861729+203985,1391.5,18.0,1640.5,1271.5,1195.5,1083.5,1178.5,1173.5,1269.0,1438.0,1385.5,1551.5,367.0,18.324329238876263,77.41047806266732,0.08079422265291214,-0.0841929167509079,0.0,0.0,0.0,
3_+861730+203962,1366.0,17.0,1241.0,943.5,1112.5,969.5,946.5,1007.0,1120.0,1243.0,1170.0,1330.0,323.0,18.32226311372279,77.41056789419574,0.10469623655080795,-0.03039383515715599,0.0,0.0,0.0,
3_+861730+203963,1366.0,17.0,1241.0,943.5,1118.0,965.0,953.0,1007.0,1120.0,1243.0,1106.0,1330.0,323.0,18.3223529452512,77.41056789419574,0.07426490634679794,-0.05771752446889877,0.0,0.0,0.0,
3_+861730+203964,1366.0,17.0,1244.5,974.0,1114.5,964.0,976.5,998.0,1089.0,1195.5,1117.0,1297.5,323.0,18.322442776779614,77.41056789419574,0.06700440496206284,-0.05416172742843628,0.0,0.0,0.0,
3_+861730+203965,1366.0,17.0,1244.5,974.0,1102.5,956.0,976.5,998.0,1089.0,1195.5,1122.5,1297.5,323.0,18.322532608308027,77.41056789419574,0.06958567351102829,-0.051613565534353256,0.0,0.0,0.0,
3_+861730+203966,1366.0,17.0,1256.0,978.5,1108.5,954.0,974.0,1003.0,1121.0,1238.0,1110.5,1361.0,323.0,18.322622439836437,77.41056789419574,0.06561409682035446,-0.061463356018066406,0.0,0.0,0.0,
3_+861730+203967,1366.0,17.0,1256.0,978.5,1112.5,959.0,957.0,1003.0,1121.0,1238.0,1111.0,1361.0,323.0,18.32271227136485,77.41056789419574,0.07452261447906494,-0.06136585399508476,0.0,0.0,0.0,
3_+861730+203968,1376.0,17.5,1314.5,1003.0,1114.0,959.0,953.0,1032.0,1173.5,1302.0,1120.0,1396.5,338.0,18.322802102893263,77.41056789419574,0.08114903420209885,-0.07979336380958557,0.0,0.0,0.0,
3_+861730+203969,1376.0,17.5,1314.5,1003.0,1127.0,978.0,999.0,1032.0,1173.5,1302.0,1167.0,1396.5,338.0,18.322891934421673,77.41056789419574,0.07779118418693542,-0.05943463370203972,0.0,0.0,0.0,
3_+861730+203970,1376.0,17.5,1393.5,1043.0,1136.0,1013.0,1008.0,1072.0,1200.0,1359.0,1268.0,1450.0,338.0,18.322981765950086,77.41056789419574,0.11442869156599045,-0.0472337082028389,0.0,0.0,0.0,
3_+861730+203971,1445.0,26.0,1402.0,1015.0,1184.0,1038.0,1053.0,1071.0,1161.0,1326.0,1197.0,1436.0,270.0,18.3230715974785,77.41056789419574,0.06400000303983688,-0.07887648791074753,0.0,0.0,0.0,
3_+861730+203972,1376.0,17.5,1381.5,1025.0,1123.0,967.5,1007.5,1052.5,1135.5,1232.0,1137.0,1325.5,338.0,18.32316142900691,77.41056789419574,0.06050310656428337,-0.09708280861377716,0.0,0.0,0.0,
3_+861730+203973,1376.0,17.5,1381.5,1025.0,1123.5,967.5,989.5,1052.5,1135.5,1232.0,1103.5,1325.5,338.0,18.323251260535322,77.41056789419574,0.0547039695084095,-0.11185872554779053,0.0,0.0,0.0,
3_+861730+203974,1384.0,17.5,1278.0,968.0,1115.5,964.0,986.0,1017.0,1091.0,1202.0,1094.0,1261.0,349.5,18.323341092063732,77.41056789419574,0.05206781625747681,-0.07760757952928543,0.0,0.0,0.0,
3_+861730+203975,1384.0,17.5,1278.0,968.0,1110.5,968.5,983.5,1017.0,1091.0,1202.0,1099.5,1261.0,349.5,18.323430923592145,77.41056789419574,0.05582372471690178,-0.07510592043399811,0.0,0.0,0.0,
3_+861730+203976,1384.0,17.5,1213.5,937.5,1117.0,960.5,983.0,991.0,1084.0,1185.0,1103.5,1276.5,349.5,18.32352075512056,77.41056789419574,0.05791886895895004,-0.04748108983039856,0.0,0.0,0.0,
3_+861730+203977,1384.0,17.5,1213.5,937.5,1113.5,952.0,984.5,991.0,1084.0,1185.0,1094.5,1276.5,349.5,18.323610586648968,77.41056789419574,0.05308140814304352,-0.05156095698475838,0.0,0.0,0.0,
3_+861730+203978,1384.0,17.5,1219.0,962.5,1121.5,960.5,987.5,991.5,1077.0,1186.5,1093.0,1293.0,349.5,18.32370041817738,77.41056789419574,0.05099796876311302,-0.05438770353794098,0.0,0.0,0.0,
3_+861730+203979,1384.0,17.5,1358.0,1038.5,1134.5,992.0,1028.5,1034.5,1118.5,1226.5,1166.5,1323.5,349.5,18.323790249705795,77.41056789419574,0.06323643028736115,-0.07567080110311508,0.0,0.0,0.0,
3_+861730+203980,1391.5,18.0,1482.5,1148.5,1157.5,1022.0,1080.0,1101.0,1177.0,1322.0,1234.5,1416.0,367.0,18.323880081234204,77.41056789419574,0.06713869422674179,-0.09131179749965668,0.0,0.0,0.0,
3_+861730+203981,1391.5,18.0,1482.5,1148.5,1174.0,1039.5,1103.5,1101.0,1177.0,1322.0,1273.5,1416.0,367.0,18.323969912762617,77.41056789419574,0.07153823971748352,-0.0757797360420227,0.0,0.0,0.0,
3_+861730+203982,1391.5,18.0,1560.0,1220.0,1168.5,1036.0,1109.0,1125.0,1202.5,1350.5,1257.5,1450.5,367.0,18.32405974429103,77.41056789419574,0.06274248659610748,-0.10730201005935669,0.0,0.0,0.0,
3_+861730+203983,1391.5,18.0,1560.0,1220.0,1164.0,1047.0,1107.5,1125.0,1202.5,1350.5,1263.0,1450.5,367.0,18.32414957581944,77.41056789419574,0.06569329649209976,-0.10511858761310577,0.0,0.0,0.0,
3_+861730+203984,1391.5,18.0,1640.5,1271.5,1166.5,1056.0,1129.5,1173.5,1269.0,1438.0,1287.5,1551.5,367.0,18.324239407347854,77.41056789419574,0.06545432657003403,-0.12042112648487091,0.0,0.0,0.0,
3_+861730+203985,1391.5,18.0,1640.5,1271.5,1179.0,1055.0,1143.0,1173.5,1269.0,1438.0,1312.0,1551.5,367.0,18.324329238876263,77.41056789419574,0.06882990896701813,-0.1112794503569603,0.0,0.0,0.0,
3_+861731+203961,,,,,,,,,,,,,,18.322173282194377,77.41065772572415,,,,,,
3_+861731+203962,1440.0,27.0,1239.0,929.0,1192.0,1016.0,1037.0,1005.0,1110.0,1222.0,1228.0,1322.0,261.0,18.32226311372279,77.41065772572415,0.08432671427726746,-0.0044588567689061165,0.0,0.0,0.0,
3_+861731+203963,1366.0,17.0,1241.0,943.5,1136.0,983.0,1004.0,1007.0,1120.0,1243.0,1146.5,1330.0,323.0,18.3223529452512,77.41065772572415,0.06669343262910843,-0.039588361978530884,0.0,0.0,0.0,
3_+861731+203964,1366.0,17.0,1244.5,974.0,1138.5,995.0,1002.0,998.0,1089.0,1195.5,1170.5,1297.5,323.0,18.322442776779614,77.41065772572415,0.07772088050842285,-0.030661096796393394,0.0,0.0,0.0,
3_+861731+203965,1366.0,17.0,1244.5,974.0,1143.5,984.5,1007.5,998.0,1089.0,1195.5,1206.0,1297.5,323.0,18.322532608308027,77.41065772572415,0.08977865427732468,-0.015765659511089325,0.0,0.0,0.0,
3_+861731+203966,1440.0,27.0,1268.0,961.0,1197.0,1041.0,1043.0,998.0,1116.0,1270.0,1225.0,1366.0,261.0,18.322622439836437,77.41065772572415,0.08024691045284271,-0.01724829524755478,0.0,0.0,0.0,
3_+861731+203967,1440.0,27.0,1268.0,961.0,1185.0,1032.0,1034.0,998.0,1116.0,1270.0,1266.0,1366.0,261.0,18.32271227136485,77.41065772572415,0.1008695662021637,-7.892659632489085E-4,0.0,0.0,0.0,
3_+861731+203968,1376.0,17.5,1314.5,1003.0,1122.5,986.0,1019.5,1032.0,1173.5,1302.0,1245.5,1396.5,338.0,18.322802102893263,77.41065772572415,0.09970714151859283,-0.02695312537252903,0.0,0.0,0.0,
3_+861731+203969,1376.0,17.5,1314.5,1003.0,1133.5,993.5,1032.0,1032.0,1173.5,1302.0,1286.0,1396.5,338.0,18.322891934421673,77.41065772572415,0.10974858701229095,-0.010925770737230778,0.0,0.0,0.0,
3_+861731+203970,1376.0,17.5,1393.5,1043.0,1133.5,1016.5,1036.0,1072.0,1200.0,1359.0,1331.0,1450.0,338.0,18.322981765950086,77.41065772572415,0.12505123019218445,-0.02295675314962864,0.0,0.0,0.0,
3_+861731+203971,1376.0,17.5,1393.5,1043.0,1155.0,1011.5,1054.0,1072.0,1200.0,1359.0,1286.5,1450.0,338.0,18.3230715974785,77.41065772572415,0.09865690767765045,-0.04051223024725914,0.0,0.0,0.0,
3_+861731+203972,1376.0,17.5,1381.5,1025.0,1145.0,996.0,1048.0,1052.5,1135.5,1232.0,1226.0,1325.5,338.0,18.32316142900691,77.41065772572415,0.07806482911109924,-0.05986473336815834,0.0,0.0,0.0,
3_+861731+203973,1376.0,17.5,1381.5,1025.0,1136.5,993.5,1033.0,1052.5,1135.5,1232.0,1206.5,1325.5,338.0,18.323251260535322,77.41065772572415,0.0772128775715828,-0.06784895062446594,0.0,0.0,0.0,
3_+861731+203974,1384.0,17.5,1278.0,968.0,1132.0,992.5,1022.5,1017.0,1091.0,1202.0,1179.5,1261.0,349.5,18.323341092063732,77.41065772572415,0.07089744508266449,-0.040481675416231155,0.0,0.0,0.0,
3_+861731+203975,1384.0,17.5,1278.0,968.0,1110.5,968.5,983.5,1017.0,1091.0,1202.0,1099.5,1261.0,349.5,18.323430923592145,77.41065772572415,0.05582372471690178,-0.07510592043399811,0.0,0.0,0.0,
3_+861731+203976,1384.0,17.5,1213.5,937.5,1117.0,960.5,983.0,991.0,1084.0,1185.0,1103.5,1276.5,349.5,18.32352075512056,77.41065772572415,0.05791886895895004,-0.04748108983039856,0.0,0.0,0.0,
3_+861731+203977,1384.0,17.5,1213.5,937.5,1113.5,952.0,984.5,991.0,1084.0,1185.0,1094.5,1276.5,349.5,18.323610586648968,77.41065772572415,0.05308140814304352,-0.05156095698475838,0.0,0.0,0.0,
3_+861731+203978,1384.0,17.5,1219.0,962.5,1121.5,960.5,987.5,991.5,1077.0,1186.5,1093.0,1293.0,349.5,18.32370041817738,77.41065772572415,0.05099796876311302,-0.05438770353794098,0.0,0.0,0.0,
3_+861731+203979,1384.0,17.5,1219.0,962.5,1117.5,970.5,995.5,991.5,1077.0,1186.5,1112.0,1293.0,349.5,18.323790249705795,77.41065772572415,0.0555444210767746,-0.04579305648803711,0.0,0.0,0.0,
3_+861731+203980,1391.5,18.0,1352.5,1068.5,1138.0,989.5,1022.0,1049.0,1154.5,1273.5,1156.0,1392.0,367.0,18.323880081234204,77.41065772572415,0.06215532124042511,-0.07826698571443558,0.0,0.0,0.0,
3_+861731+203981,1391.5,18.0,1352.5,1068.5,1164.5,1028.5,1085.0,1049.0,1154.5,1273.5,1250.0,1392.0,367.0,18.323969912762617,77.41065772572415,0.07104119658470154,-0.039200589060783386,0.0,0.0,0.0,
3_+861731+203982,1391.5,18.0,1488.0,1157.5,1167.0,1041.5,1109.0,1102.0,1215.5,1343.0,1280.5,1472.0,367.0,18.32405974429103,77.41065772572415,0.07182061672210693,-0.07479651272296906,0.0,0.0,0.0,
3_+861731+203983,1391.5,18.0,1488.0,1157.5,1165.0,1042.5,1110.5,1102.0,1215.5,1343.0,1259.5,1472.0,367.0,18.32414957581944,77.41065772572415,0.06289974600076675,-0.08302776515483856,0.0,0.0,0.0,
3_+861731+203984,1391.5,18.0,1528.5,1184.5,1154.5,1041.5,1112.0,1114.0,1227.0,1366.5,1258.0,1460.5,367.0,18.324239407347854,77.41065772572415,0.06164395809173584,-0.09706801921129227,0.0,0.0,0.0,
3_+861731+203985,1391.5,18.0,1528.5,1184.5,1182.5,1048.5,1114.5,1114.0,1227.0,1366.5,1270.5,1460.5,367.0,18.324329238876263,77.41065772572415,0.06545428931713104,-0.09222228825092316,0.0,0.0,0.0,
3_+861732+203961,1359.5,16.5,1226.0,902.0,1116.5,962.0,994.0,980.5,1137.5,1256.5,1125.0,1424.0,343.0,18.322173282194377,77.41074755725255,0.06188942492008209,-0.04296490550041199,0.0,0.0,0.0,
3_+861732+203962,1358.5,17.0,1216.5,938.0,1114.0,965.0,968.0,970.0,1062.5,1186.5,1111.5,1284.5,313.0,18.32226311372279,77.41074755725255,0.06916290521621704,-0.045144692063331604,0.0,0.0,0.0,
3_+861732+203963,1358.5,17.0,1216.5,938.0,1111.5,959.0,974.5,970.0,1062.5,1186.5,1102.0,1284.5,313.0,18.3223529452512,77.41074755725255,0.06183784827589989,-0.04938459023833275,0.0,0.0,0.0,
3_+861732+203964,1358.5,17.0,1227.0,947.0,1112.5,958.5,972.0,978.5,1066.5,1174.0,1107.5,1253.5,313.0,18.322442776779614,77.41074755725255,0.06540479511022568,-0.051175281405448914,0.0,0.0,0.0,
3_+861732+203965,1358.5,17.0,1227.0,947.0,1119.5,967.0,998.0,978.5,1066.5,1174.0,1123.5,1253.5,313.0,18.322532608308027,77.41074755725255,0.05985026806592941,-0.04404117912054062,0.0,0.0,0.0,
3_+861732+203966,1358.5,17.0,1245.5,962.5,1131.0,980.5,1002.5,1017.5,1106.5,1204.0,1148.0,1283.5,313.0,18.322622439836437,77.41074755725255,0.0679321438074112,-0.04078169912099838,0.0,0.0,0.0,
3_+861732+203967,1358.5,17.0,1245.5,962.5,1141.5,988.5,1006.0,1017.5,1106.5,1204.0,1151.0,1283.5,313.0,18.32271227136485,77.41074755725255,0.0674005076289177,-0.03935619443655014,0.0,0.0,0.0,
3_+861732+203968,1375.5,17.5,1306.5,993.0,1133.0,999.5,1026.5,1063.5,1142.0,1253.5,1200.0,1340.0,343.5,18.322802102893263,77.41074755725255,0.07815603911876678,-0.04237800091505051,0.0,0.0,0.0,
3_+861732+203969,1443.0,26.0,1334.0,995.0,1196.0,1054.0,1071.0,1067.0,1167.0,1277.0,1317.0,1376.0,275.0,18.322891934421673,77.41074755725255,0.10301507264375687,-0.00641267467290163,0.0,0.0,0.0,
3_+861732+203970,1443.0,26.0,1442.0,1086.0,1210.0,1051.0,1108.0,1095.0,1198.0,1369.0,1329.0,1481.0,275.0,18.322981765950086,77.41074755725255,0.09068527072668076,-0.04077950119972229,0.0,0.0,0.0,
3_+861732+203971,1375.5,17.5,1410.0,1074.0,1173.5,1034.5,1101.0,1105.0,1193.5,1352.5,1298.5,1459.5,343.5,18.3230715974785,77.41074755725255,0.08235852420330048,-0.041074786335229874,0.0,0.0,0.0,
3_+861732+203972,1376.0,17.5,1381.5,1025.0,1145.0,996.0,1048.0,1052.5,1135.5,1232.0,1226.0,1325.5,338.0,18.32316142900691,77.41074755725255,0.07806482911109924,-0.05986473336815834,0.0,0.0,0.0,
3_+861732+203973,1376.0,17.5,1381.5,1025.0,1136.5,993.5,1033.0,1052.5,1135.5,1232.0,1206.5,1325.5,338.0,18.323251260535322,77.41074755725255,0.0772128775715828,-0.06784895062446594,0.0,0.0,0.0,
3_+861732+203974,1384.0,17.5,1278.0,968.0,1132.0,992.5,1022.5,1017.0,1091.0,1202.0,1179.5,1261.0,349.5,18.323341092063732,77.41074755725255,0.07089744508266449,-0.040481675416231155,0.0,0.0,0.0,
3_+861732+203975,1384.0,17.5,1278.0,968.0,1120.5,981.5,994.0,1017.0,1091.0,1202.0,1138.0,1261.0,349.5,18.323430923592145,77.41074755725255,0.06757941097021103,-0.05800514668226242,0.0,0.0,0.0,
3_+861732+203976,1384.0,17.5,1213.5,937.5,1121.5,974.0,977.5,991.0,1084.0,1185.0,1111.5,1276.5,349.5,18.32352075512056,77.41074755725255,0.06431844085454941,-0.04394451528787613,0.0,0.0,0.0,
3_+861732+203977,1384.0,17.5,1213.5,937.5,1115.5,965.0,973.0,991.0,1084.0,1185.0,1130.0,1276.5,349.5,18.323610586648968,77.41074755725255,0.07441412657499313,-0.03606538847088814,0.0,0.0,0.0,
3_+861732+203978,1384.0,17.5,1219.0,962.5,1122.0,970.0,981.5,991.5,1077.0,1186.5,1096.0,1293.0,349.5,18.32370041817738,77.41074755725255,0.05544792115688324,-0.053023748099803925,0.0,0.0,0.0,
3_+861732+203979,1384.0,17.5,1219.0,962.5,1125.0,974.5,999.0,991.5,1077.0,1186.5,1117.0,1293.0,349.5,18.323790249705795,77.41074755725255,0.0559101365506649,-0.0435614138841629,0.0,0.0,0.0,
3_+861732+203980,1391.5,18.0,1352.5,1068.5,1125.5,977.0,1014.0,1049.0,1154.5,1273.5,1131.0,1392.0,367.0,18.323880081234204,77.41074755725255,0.054696712642908096,-0.08888047933578491,0.0,0.0,0.0,
3_+861732+203981,1391.5,18.0,1352.5,1068.5,1147.5,1006.5,1044.0,1049.0,1154.5,1273.5,1185.0,1392.0,367.0,18.323969912762617,77.41074755725255,0.06387941539287567,-0.06582716852426529,0.0,0.0,0.0,
3_+861732+203982,1391.5,18.0,1488.0,1157.5,1171.0,1028.5,1083.0,1102.0,1215.5,1343.0,1241.5,1472.0,367.0,18.32405974429103,77.41074755725255,0.06863825768232346,-0.09015004336833954,0.0,0.0,0.0,
3_+861732+203983,1391.5,18.0,1488.0,1157.5,1160.5,1039.5,1094.0,1102.0,1215.5,1343.0,1240.5,1472.0,367.0,18.32414957581944,77.41074755725255,0.06275814771652222,-0.09059447050094604,0.0,0.0,0.0,
3_+861732+203984,1391.5,18.0,1528.5,1184.5,1150.5,1026.0,1093.0,1114.0,1227.0,1366.5,1245.0,1460.5,367.0,18.324239407347854,77.41074755725255,0.0650871992111206,-0.10222643613815308,0.0,0.0,0.0,
3_+861732+203985,1391.5,18.0,1528.5,1184.5,1165.5,1032.0,1099.5,1114.0,1227.0,1366.5,1262.5,1460.5,367.0,18.324329238876263,77.41074755725255,0.06920130550861359,-0.09533661603927612,0.0,0.0,0.0,
3_+861733+203961,1359.5,16.5,1226.0,902.0,1119.0,953.0,984.0,980.5,1137.5,1256.5,1126.0,1424.0,343.0,18.322173282194377,77.41083738878096,0.06703273952007294,-0.04278484359383583,0.0,0.0,0.0,
3_+861733+203962,1358.5,17.0,1216.5,938.0,1109.5,950.5,956.0,970.0,1062.5,1186.5,1089.0,1284.5,313.0,18.32226311372279,77.41083738878096,0.06537722796201706,-0.055301740765571594,0.0,0.0,0.0,
3_+861733+203963,1358.5,17.0,1216.5,938.0,1118.0,949.5,956.5,970.0,1062.5,1186.5,1088.5,1284.5,313.0,18.3223529452512,77.41083738878096,0.064884714782238,-0.05552816018462181,0.0,0.0,0.0,
3_+861733+203964,1358.5,17.0,1227.0,947.0,1106.0,951.5,955.5,978.5,1066.5,1174.0,1083.0,1253.5,313.0,18.322442776779614,77.41083738878096,0.06262873113155365,-0.062316954135894775,0.0,0.0,0.0,
3_+861733+203965,1358.5,17.0,1227.0,947.0,1115.0,959.5,974.5,978.5,1066.5,1174.0,1096.0,1253.5,313.0,18.322532608308027,77.41083738878096,0.05892200022935867,-0.056363992393016815,0.0,0.0,0.0,
3_+861733+203966,1358.5,17.0,1245.5,962.5,1112.5,962.0,983.5,1017.5,1106.5,1204.0,1102.5,1283.5,313.0,18.322622439836437,77.41083738878096,0.05716024339199066,-0.060826338827610016,0.0,0.0,0.0,
3_+861733+203967,1358.5,17.0,1245.5,962.5,1117.0,962.5,990.5,1017.5,1106.5,1204.0,1098.5,1283.5,313.0,18.32271227136485,77.41083738878096,0.051949843764305115,-0.06263844668865204,0.0,0.0,0.0,
3_+861733+203968,1375.5,17.5,1306.5,993.0,1133.0,999.5,1026.5,1063.5,1142.0,1253.5,1200.0,1340.0,343.5,18.322802102893263,77.41083738878096,0.07815603911876678,-0.04237800091505051,0.0,0.0,0.0,
3_+861733+203969,1443.0,26.0,1334.0,995.0,1196.0,1054.0,1071.0,1067.0,1167.0,1277.0,1317.0,1376.0,275.0,18.322891934421673,77.41083738878096,0.10301507264375687,-0.00641267467290163,0.0,0.0,0.0,
3_+861733+203970,1443.0,26.0,1442.0,1086.0,1210.0,1051.0,1108.0,1095.0,1198.0,1369.0,1329.0,1481.0,275.0,18.322981765950086,77.41083738878096,0.09068527072668076,-0.04077950119972229,0.0,0.0,0.0,
3_+861733+203971,1375.5,17.5,1410.0,1074.0,1173.5,1034.5,1101.0,1105.0,1193.5,1352.5,1298.5,1459.5,343.5,18.3230715974785,77.41083738878096,0.08235852420330048,-0.041074786335229874,0.0,0.0,0.0,
3_+861733+203972,1375.5,17.5,1389.0,1084.5,1161.5,1033.0,1071.0,1055.0,1204.5,1323.5,1270.5,1469.5,343.5,18.32316142900691,77.41083738878096,0.08518251031637192,-0.04458365589380264,0.0,0.0,0.0,
3_+861733+203973,1375.5,17.5,1389.0,1084.5,1150.5,1009.5,1037.5,1055.0,1204.5,1323.5,1223.5,1469.5,343.5,18.323251260535322,77.41083738878096,0.08232257515192032,-0.06337440013885498,0.0,0.0,0.0,
3_+861733+203974,1374.0,17.5,1269.0,977.5,1148.0,991.0,1012.5,977.5,1103.5,1223.5,1201.5,1334.0,335.5,18.323341092063732,77.41083738878096,0.08540285378694534,-0.027255188673734665,0.0,0.0,0.0,
3_+861733+203975,1374.0,17.5,1269.0,977.5,1126.5,980.5,996.5,977.5,1103.5,1223.5,1204.0,1334.0,335.5,18.323430923592145,77.41083738878096,0.09432805329561234,-0.026148132979869843,0.0,0.0,0.0,
3_+861733+203976,1374.0,17.5,1186.0,928.0,1116.0,973.5,982.5,970.5,1078.0,1179.5,1175.5,1281.0,335.5,18.32352075512056,77.41083738878096,0.08961102366447449,-0.004446192178875208,0.0,0.0,0.0,
3_+861733+203977,1374.0,17.5,1186.0,928.0,1122.0,976.5,969.5,970.5,1078.0,1179.5,1138.5,1281.0,335.5,18.323610586648968,77.41083738878096,0.08018700033426285,-0.020672108978033066,0.0,0.0,0.0,
3_+861733+203978,1374.0,17.5,1193.5,925.5,1121.0,967.0,981.5,974.0,1040.0,1158.5,1095.5,1234.5,335.5,18.32370041817738,77.41083738878096,0.05529199168086052,-0.04281079024076462,0.0,0.0,0.0,
3_+861733+203979,1374.0,17.5,1193.5,925.5,1128.5,972.0,993.5,974.0,1040.0,1158.5,1117.0,1234.5,335.5,18.323790249705795,77.41083738878096,0.05875273793935776,-0.03310299664735794,0.0,0.0,0.0,
3_+861733+203980,1370.0,17.0,1271.0,966.5,1133.0,980.0,1005.5,996.5,1120.0,1205.5,1136.0,1329.0,329.5,18.323880081234204,77.41083738878096,0.06116882711648941,-0.055852010846138,0.0,0.0,0.0,
3_+861733+203981,1370.0,17.0,1271.0,966.5,1132.5,997.0,1017.5,996.5,1120.0,1205.5,1197.0,1329.0,329.5,18.323969912762617,77.41083738878096,0.08114725351333618,-0.02987779676914215,0.0,0.0,0.0,
3_+861733+203982,1370.0,17.0,1409.5,1070.0,1151.0,1016.5,1038.5,1080.0,1265.5,1452.0,1341.0,1533.0,329.5,18.32405974429103,77.41083738878096,0.1280430555343628,-0.024537764489650726,0.0,0.0,0.0,
3_+861733+203983,1441.0,25.0,1463.0,1084.0,1240.0,1078.0,1134.0,1104.0,1298.0,1491.0,1406.0,1571.0,267.0,18.32414957581944,77.41083738878096,0.10708661377429962,-0.01986755058169365,0.0,0.0,0.0,
3_+861733+203984,1370.0,17.0,1528.5,1173.5,1169.0,1050.0,1116.5,1131.5,1314.0,1420.5,1361.5,1618.5,329.5,18.324239407347854,77.41083738878096,0.098261259496212,-0.058229174464941025,0.0,0.0,0.0,
3_+861733+203985,1370.0,17.0,1528.5,1173.5,1163.0,1050.5,1104.0,1131.5,1314.0,1420.5,1320.5,1618.5,329.5,18.324329238876263,77.41083738878096,0.08941998332738876,-0.07294783741235733,0.0,0.0,0.0,
3_+861734+203961,1359.5,16.5,1288.5,924.5,1114.0,960.0,977.0,1008.5,1215.5,1309.5,1142.5,1450.5,343.0,18.322173282194377,77.41092722030938,0.07726767659187317,-0.06067024916410446,0.0,0.0,0.0,
3_+861734+203962,1358.5,17.0,1188.0,927.5,1113.0,952.5,953.0,964.5,1023.0,1149.5,1079.0,1227.5,313.0,18.32226311372279,77.41092722030938,0.062458328902721405,-0.04808175563812256,0.0,0.0,0.0,
3_+861734+203963,1358.5,17.0,1188.0,927.5,1118.5,959.5,962.0,964.5,1023.0,1149.5,1085.0,1227.5,313.0,18.3223529452512,77.41092722030938,0.06045889854431152,-0.04533443599939346,0.0,0.0,0.0,
3_+861734+203964,1358.5,17.0,1227.0,947.0,1106.0,951.5,955.5,978.5,1066.5,1174.0,1083.0,1253.5,313.0,18.322442776779614,77.41092722030938,0.06262873113155365,-0.062316954135894775,0.0,0.0,0.0,
3_+861734+203965,1358.5,17.0,1227.0,947.0,1115.0,959.5,974.5,978.5,1066.5,1174.0,1096.0,1253.5,313.0,18.322532608308027,77.41092722030938,0.05892200022935867,-0.056363992393016815,0.0,0.0,0.0,
3_+861734+203966,1358.5,17.0,1245.5,962.5,1112.5,962.0,983.5,1017.5,1106.5,1204.0,1102.5,1283.5,313.0,18.322622439836437,77.41092722030938,0.05716024339199066,-0.060826338827610016,0.0,0.0,0.0,
3_+861734+203967,1358.5,17.0,1245.5,962.5,1117.0,962.5,990.5,1017.5,1106.5,1204.0,1098.5,1283.5,313.0,18.32271227136485,77.41092722030938,0.051949843764305115,-0.06263844668865204,0.0,0.0,0.0,
3_+861734+203968,1375.5,17.5,1306.5,993.0,1128.5,983.5,1006.5,1063.5,1142.0,1253.5,1128.5,1340.0,343.5,18.322802102893263,77.41092722030938,0.0575232096016407,-0.0730191245675087,0.0,0.0,0.0,
3_+861734+203969,1375.5,17.5,1306.5,993.0,1138.0,1005.0,1033.5,1063.5,1142.0,1253.5,1166.0,1340.0,343.5,18.322891934421673,77.41092722030938,0.060435764491558075,-0.05676081404089928,0.0,0.0,0.0,
3_+861734+203970,1375.5,17.5,1410.0,1074.0,1144.5,1021.5,1047.5,1105.0,1193.5,1352.5,1185.0,1459.5,343.5,18.322981765950086,77.41092722030938,0.06171721592545509,-0.08656564354896545,0.0,0.0,0.0,
3_+861734+203971,1375.5,17.5,1410.0,1074.0,1149.5,1024.5,1071.0,1105.0,1193.5,1352.5,1233.5,1459.5,343.5,18.3230715974785,77.41092722030938,0.07088416814804077,-0.0666469931602478,0.0,0.0,0.0,
3_+861734+203972,1375.5,17.5,1389.0,1084.5,1136.0,1010.5,1037.0,1055.0,1204.5,1323.5,1318.5,1469.5,343.5,18.32316142900691,77.41092722030938,0.11950868368148804,-0.02598615363240242,0.0,0.0,0.0,
3_+861734+203973,1375.5,17.5,1389.0,1084.5,1105.0,962.5,978.0,1055.0,1204.5,1323.5,1248.0,1469.5,343.5,18.323251260535322,77.41092722030938,0.12020689994096756,-0.054362330585718155,0.0,0.0,0.0,
3_+861734+203974,1374.0,17.5,1269.0,977.5,1098.5,949.5,951.0,977.5,1103.5,1223.5,1114.0,1334.0,335.5,18.323341092063732,77.41092722030938,0.0794331431388855,-0.0649930015206337,0.0,0.0,0.0,
3_+861734+203975,1374.0,17.5,1269.0,977.5,1107.5,953.0,955.0,977.5,1103.5,1223.5,1065.0,1334.0,335.5,18.323430923592145,77.41092722030938,0.05491231009364128,-0.08725215494632721,0.0,0.0,0.0,
3_+861734+203976,1374.0,17.5,1186.0,928.0,1102.0,943.5,957.0,970.5,1078.0,1179.5,1076.5,1281.0,335.5,18.32352075512056,77.41092722030938,0.0588892437517643,-0.048397645354270935,0.0,0.0,0.0,
3_+861734+203977,1374.0,17.5,1186.0,928.0,1107.0,949.5,953.5,970.5,1078.0,1179.5,1085.5,1281.0,335.5,18.323610586648968,77.41092722030938,0.06489603221416473,-0.04424772784113884,0.0,0.0,0.0,
3_+861734+203978,1374.0,17.5,1193.5,925.5,1101.5,949.0,961.0,974.0,1040.0,1158.5,1073.5,1234.5,335.5,18.32370041817738,77.41092722030938,0.05549275875091553,-0.05292391777038574,0.0,0.0,0.0,
3_+861734+203979,1374.0,17.5,1193.5,925.5,1105.5,949.5,966.0,974.0,1040.0,1158.5,1084.5,1234.5,335.5,18.323790249705795,77.41092722030938,0.05792633071541786,-0.04786696285009384,0.0,0.0,0.0,
3_+861734+203980,1370.0,17.0,1271.0,966.5,1097.0,960.0,963.5,996.5,1120.0,1205.5,1086.0,1329.0,329.5,18.323880081234204,77.41092722030938,0.06014469638466835,-0.07826022803783417,0.0,0.0,0.0,
3_+861734+203981,1299.0,9.0,1233.0,974.0,1049.0,906.0,929.0,970.0,1074.0,1157.0,1120.0,1278.0,392.0,18.323969912762617,77.41092722030938,0.09321620315313339,-0.04802379757165909,0.0,0.0,0.0,
3_+861734+203982,1299.0,9.0,1356.0,1056.0,1047.0,927.0,908.0,1056.0,1233.0,1413.0,1317.0,1495.0,392.0,18.32405974429103,77.41092722030938,0.1838202178478241,-0.014590348117053509,0.0,0.0,0.0,
3_+861734+203983,1441.0,25.0,1463.0,1084.0,1231.0,1100.0,1116.0,1104.0,1298.0,1491.0,1446.0,1571.0,267.0,18.32414957581944,77.41092722030938,0.12880562245845795,-0.005843932740390301,0.0,0.0,0.0,
3_+861734+203984,1370.0,17.0,1528.5,1173.5,1171.5,1058.5,1111.5,1131.5,1314.0,1420.5,1409.5,1618.5,329.5,18.324239407347854,77.41092722030938,0.11811985820531845,-0.04066086560487747,0.0,0.0,0.0,
3_+861734+203985,1370.0,17.0,1528.5,1173.5,1178.5,1064.5,1123.5,1131.5,1314.0,1420.5,1373.5,1618.5,329.5,18.324329238876263,77.41092722030938,0.10028776526451111,-0.05335055664181709,0.0,0.0,0.0,
3_+861735+203961,1359.5,16.5,1288.5,924.5,1114.0,960.0,977.0,1008.5,1215.5,1309.5,1142.5,1450.5,343.0,18.322173282194377,77.41101705183779,0.07726767659187317,-0.06067024916410446,0.0,0.0,0.0,
3_+861735+203962,1358.5,17.0,1188.0,927.5,1113.0,952.5,953.0,964.5,1023.0,1149.5,1079.0,1227.5,313.0,18.32226311372279,77.41101705183779,0.062458328902721405,-0.04808175563812256,0.0,0.0,0.0,
3_+861735+203963,1358.5,17.0,1188.0,927.5,1118.5,959.5,962.0,964.5,1023.0,1149.5,1085.0,1227.5,313.0,18.3223529452512,77.41101705183779,0.06045889854431152,-0.04533443599939346,0.0,0.0,0.0,
3_+861735+203964,1358.5,17.0,1178.5,913.0,1102.0,954.0,965.5,964.5,1047.0,1142.0,1082.5,1243.5,313.0,18.322442776779614,77.41101705183779,0.05732686445116997,-0.04246557876467705,0.0,0.0,0.0,
3_+861735+203965,1358.5,17.0,1178.5,913.0,1116.5,955.0,972.0,964.5,1047.0,1142.0,1087.5,1243.5,313.0,18.322532608308027,77.41101705183779,0.056244995445013046,-0.040162332355976105,0.0,0.0,0.0,
3_+861735+203966,1358.5,17.0,1164.5,928.5,1124.5,958.0,980.0,977.5,1056.5,1156.5,1092.0,1252.5,313.0,18.322622439836437,77.41101705183779,0.05420069769024849,-0.032138071954250336,0.0,0.0,0.0,
3_+861735+203967,1358.5,17.0,1164.5,928.5,1115.0,964.0,984.5,977.5,1056.5,1156.5,1098.0,1252.5,313.0,18.32271227136485,77.41101705183779,0.05475946143269539,-0.029389332979917526,0.0,0.0,0.0,
3_+861735+203968,1375.5,17.5,1217.0,961.0,1132.0,981.5,1003.5,995.5,1077.0,1166.5,1109.0,1258.0,343.5,18.322802102893263,77.41101705183779,0.05025497451424599,-0.04640666022896767,0.0,0.0,0.0,
3_+861735+203969,1375.5,17.5,1217.0,961.0,1139.0,994.0,1027.0,995.5,1077.0,1166.5,1123.5,1258.0,343.5,18.322891934421673,77.41101705183779,0.04499128460884094,-0.03999968618154526,0.0,0.0,0.0,
3_+861735+203970,1375.5,17.5,1375.0,1052.0,1132.5,998.0,1020.0,1053.0,1154.5,1274.5,1144.0,1377.0,343.5,18.322981765950086,77.41101705183779,0.057457566261291504,-0.09131264686584473,0.0,0.0,0.0,
3_+861735+203971,1375.5,17.5,1375.0,1052.0,1136.0,1006.0,1057.0,1053.0,1154.5,1274.5,1215.0,1377.0,343.5,18.3230715974785,77.41101705183779,0.06907777488231659,-0.0620870441198349,0.0,0.0,0.0,
3_+861735+203972,1375.5,17.5,1561.5,1160.0,1156.0,1030.5,1090.0,1114.5,1274.5,1395.5,1371.5,1582.0,343.5,18.32316142900691,77.41101705183779,0.11421855539083481,-0.06492091715335846,0.0,0.0,0.0,
3_+861735+203973,1375.5,17.5,1561.5,1160.0,1136.0,1015.0,1024.0,1114.5,1274.5,1395.5,1402.0,1582.0,343.5,18.323251260535322,77.41101705183779,0.15483549237251282,-0.054858606308698654,0.0,0.0,0.0,
3_+861735+203974,1374.0,17.5,1388.0,1025.0,1108.5,966.0,977.5,1026.5,1134.5,1284.0,1206.0,1394.0,335.5,18.323341092063732,77.41101705183779,0.10293229669332504,-0.0709906667470932,0.0,0.0,0.0,
3_+861735+203975,1374.0,17.5,1388.0,1025.0,1104.0,959.5,961.0,1026.5,1134.5,1284.0,1080.0,1394.0,335.5,18.323430923592145,77.41101705183779,0.05830475315451622,-0.12431082129478455,0.0,0.0,0.0,
3_+861735+203976,1374.0,17.5,1190.0,893.5,1109.0,948.5,949.0,947.5,1028.5,1140.0,1057.0,1230.0,335.5,18.32352075512056,77.41101705183779,0.054083120077848434,-0.05906984210014343,0.0,0.0,0.0,
3_+861735+203977,1374.0,17.5,1190.0,893.5,1102.5,945.0,955.0,947.5,1028.5,1140.0,1053.5,1230.0,335.5,18.323610586648968,77.41101705183779,0.04928438737988472,-0.060751378536224365,0.0,0.0,0.0,
3_+861735+203978,1374.0,17.5,1154.5,897.0,1094.5,946.5,962.0,953.5,1030.5,1135.0,1053.5,1215.5,335.5,18.32370041817738,77.41101705183779,0.045655202120542526,-0.04574604332447052,0.0,0.0,0.0,
3_+861735+203979,1374.0,17.5,1154.5,897.0,1096.0,954.0,958.5,953.5,1030.5,1135.0,1064.0,1215.5,335.5,18.323790249705795,77.41101705183779,0.052327726036310196,-0.04079185798764229,0.0,0.0,0.0,
3_+861735+203980,1370.0,17.0,1182.0,912.5,1105.5,947.0,962.5,962.5,1047.0,1164.5,1059.5,1276.0,329.5,18.323880081234204,77.41101705183779,0.04818454757332802,-0.05463317036628723,0.0,0.0,0.0,
3_+861735+203981,1370.0,17.0,1182.0,912.5,1109.0,959.0,968.5,962.5,1047.0,1164.5,1095.0,1276.0,329.5,18.323969912762617,77.41101705183779,0.06153552234172821,-0.03818957507610321,0.0,0.0,0.0,
3_+861735+203982,1370.0,17.0,1255.5,950.0,1107.5,960.0,952.0,1008.0,1090.0,1261.5,1180.0,1308.0,329.5,18.32405974429103,77.41101705183779,0.10704442113637924,-0.031104953959584236,0.0,0.0,0.0,
3_+861735+203983,1370.0,17.0,1255.5,950.0,1119.5,968.0,989.5,1008.0,1090.0,1261.5,1185.5,1308.0,329.5,18.32414957581944,77.41101705183779,0.09057503938674927,-0.028576288372278214,0.0,0.0,0.0,
3_+861735+203984,1370.0,17.0,1452.0,1093.0,1140.0,1008.0,1031.5,1096.0,1274.0,1369.0,1201.5,1518.0,329.5,18.324239407347854,77.41101705183779,0.07638323307037354,-0.09445600211620331,0.0,0.0,0.0,
3_+861735+203985,1370.0,17.0,1452.0,1093.0,1202.5,1070.0,1129.5,1096.0,1274.0,1369.0,1346.0,1518.0,329.5,18.324329238876263,77.41101705183779,0.08774866163730621,-0.03743886202573776,0.0,0.0,0.0,
3_+861736+203960,1435.0,25.0,1255.0,897.0,1171.0,1018.0,1007.0,990.0,1139.0,1235.0,1159.0,1361.0,270.0,18.322083450665968,77.4111068833662,0.07017543911933899,-0.039768021553754807,0.0,0.0,0.0,
3_+861736+203961,1359.5,16.5,1288.5,924.5,1115.0,957.0,969.0,1008.5,1215.5,1309.5,1090.5,1450.5,343.0,18.322173282194377,77.4111068833662,0.05897247791290283,-0.08328068256378174,0.0,0.0,0.0,
3_+861736+203962,1358.5,17.0,1188.0,927.5,1106.5,959.0,954.5,964.5,1023.0,1149.5,1079.0,1227.5,313.0,18.32226311372279,77.4111068833662,0.06141606345772743,-0.04808175563812256,0.0,0.0,0.0,
3_+861736+203963,1358.5,17.0,1188.0,927.5,1112.0,958.0,967.0,964.5,1023.0,1149.5,1085.5,1227.5,313.0,18.3223529452512,77.4111068833662,0.058040179312229156,-0.045084916055202484,0.0,0.0,0.0,
3_+861736+203964,1358.5,17.0,1178.5,913.0,1115.0,960.0,971.0,964.5,1047.0,1142.0,1074.0,1243.5,313.0,18.322442776779614,77.4111068833662,0.05073849484324455,-0.046391863375902176,0.0,0.0,0.0,
3_+861736+203965,1358.5,17.0,1178.5,913.0,1118.0,957.5,972.0,964.5,1047.0,1142.0,1080.5,1243.5,313.0,18.322532608308027,77.4111068833662,0.05315203219652176,-0.043397918343544006,0.0,0.0,0.0,
3_+861736+203966,1358.5,17.0,1164.5,928.5,1119.5,960.5,979.5,977.5,1056.5,1156.5,1078.5,1252.5,313.0,18.322622439836437,77.4111068833662,0.04835132509469986,-0.03839964419603348,0.0,0.0,0.0,
3_+861736+203967,1358.5,17.0,1164.5,928.5,1119.0,964.0,986.0,977.5,1056.5,1156.5,1094.5,1252.5,313.0,18.32271227136485,77.4111068833662,0.052348338067531586,-0.030995091423392296,0.0,0.0,0.0,
3_+861736+203968,1375.5,17.5,1217.0,961.0,1118.0,981.5,1001.5,995.5,1077.0,1166.5,1100.0,1258.0,343.5,18.322802102893263,77.4111068833662,0.0469709113240242,-0.05047085881233215,0.0,0.0,0.0,
3_+861736+203969,1375.5,17.5,1217.0,961.0,1126.5,983.5,1009.5,995.5,1077.0,1166.5,1097.0,1258.0,343.5,18.322891934421673,77.4111068833662,0.0416361466050148,-0.05183272063732147,0.0,0.0,0.0,
3_+861736+203970,1375.5,17.5,1375.0,1052.0,1138.0,983.0,1002.5,1053.0,1154.5,1274.5,1107.0,1377.0,343.5,18.322981765950086,77.4111068833662,0.04985662177205086,-0.10762189328670502,0.0,0.0,0.0,
3_+861736+203971,1375.5,17.5,1375.0,1052.0,1150.5,1003.5,1052.5,1053.0,1154.5,1274.5,1238.0,1377.0,343.5,18.3230715974785,77.4111068833662,0.08116839826107025,-0.052583254873752594,0.0,0.0,0.0,
3_+861736+203972,1375.5,17.5,1561.5,1160.0,1169.0,1036.5,1118.5,1114.5,1274.5,1395.5,1387.5,1582.0,343.5,18.32316142900691,77.4111068833662,0.10745041072368622,-0.05910131707787514,0.0,0.0,0.0,
3_+861736+203973,1375.5,17.5,1561.5,1160.0,1164.5,1045.5,1105.0,1114.5,1274.5,1395.5,1426.5,1582.0,343.5,18.323251260535322,77.4111068833662,0.12686480581760406,-0.04529675841331482,0.0,0.0,0.0,
3_+861736+203974,1374.0,17.5,1388.0,1025.0,1152.5,1014.0,1070.0,1026.5,1134.5,1284.0,1345.5,1394.0,335.5,18.323341092063732,77.4111068833662,0.11286482214927673,-0.016150785610079765,0.0,0.0,0.0,
3_+861736+203975,1374.0,17.5,1388.0,1025.0,1127.5,983.0,988.5,1026.5,1134.5,1284.0,1195.0,1394.0,335.5,18.323430923592145,77.4111068833662,0.09337612986564636,-0.07515256106853485,0.0,0.0,0.0,
3_+861736+203976,1374.0,17.5,1190.0,893.5,1112.5,954.0,958.5,947.5,1028.5,1140.0,1082.5,1230.0,335.5,18.32352075512056,77.4111068833662,0.06081731244921684,-0.0473032146692276,0.0,0.0,0.0,
3_+861736+203977,1374.0,17.5,1190.0,893.5,1104.0,953.0,959.5,947.5,1028.5,1140.0,1068.5,1230.0,335.5,18.323610586648968,77.4111068833662,0.05392298102378845,-0.05368708074092865,0.0,0.0,0.0,
3_+861736+203978,1374.0,17.5,1154.5,897.0,1111.0,948.5,966.5,953.5,1030.5,1135.0,1069.5,1215.5,335.5,18.32370041817738,77.4111068833662,0.0509275384247303,-0.03820859640836716,0.0,0.0,0.0,
3_+861736+203979,1374.0,17.5,1154.5,897.0,1110.5,957.0,963.5,953.5,1030.5,1135.0,1069.0,1215.5,335.5,18.323790249705795,77.4111068833662,0.05217901989817619,-0.03844881057739258,0.0,0.0,0.0,
3_+861736+203980,1370.0,17.0,1182.0,912.5,1113.0,954.5,959.0,962.5,1047.0,1164.5,1069.0,1276.0,329.5,18.323880081234204,77.4111068833662,0.05450056493282318,-0.05017762631177902,0.0,0.0,0.0,
3_+861736+203981,1370.0,17.0,1182.0,912.5,1115.0,963.5,965.0,962.5,1047.0,1164.5,1081.5,1276.0,329.5,18.323969912762617,77.4111068833662,0.057212527841329575,-0.04440246522426605,0.0,0.0,0.0,
3_+861736+203982,1370.0,17.0,1255.5,950.0,1117.0,963.0,969.5,1008.0,1090.0,1261.5,1093.0,1308.0,329.5,18.32405974429103,77.4111068833662,0.06003210321068764,-0.06905700266361237,0.0,0.0,0.0,
3_+861736+203983,1370.0,17.0,1255.5,950.0,1121.5,964.0,978.5,1008.0,1090.0,1261.5,1094.5,1308.0,329.5,18.32414957581944,77.4111068833662,0.05604615807533264,-0.06834878027439117,0.0,0.0,0.0,
3_+861736+203984,1370.0,17.0,1452.0,1093.0,1127.0,988.5,1000.0,1096.0,1274.0,1369.0,1164.5,1518.0,329.5,18.324239407347854,77.4111068833662,0.07602691650390625,-0.10963038355112076,0.0,0.0,0.0,
3_+861737+203960,1435.0,25.0,1216.0,905.0,1165.0,998.0,990.0,971.0,1052.0,1175.0,1120.0,1250.0,270.0,18.322083450665968,77.41119671489461,0.061611372977495193,-0.04109589010477066,0.0,0.0,0.0,
3_+861737+203961,1359.5,16.5,1215.0,925.0,1112.5,953.5,954.5,967.5,1076.0,1202.5,1082.0,1278.5,343.0,18.322173282194377,77.41119671489461,0.06279325485229492,-0.057925447821617126,0.0,0.0,0.0,
3_+861737+203962,1358.5,17.0,1188.5,930.0,1109.5,953.5,964.0,954.5,1010.0,1136.5,1082.5,1227.0,313.0,18.32226311372279,77.41119671489461,0.05819742754101753,-0.046660952270030975,0.0,0.0,0.0,
3_+861737+203963,1358.5,17.0,1188.5,930.0,1113.5,956.0,961.0,954.5,1010.0,1136.5,1065.5,1227.0,313.0,18.3223529452512,77.41119671489461,0.05169493332505226,-0.05455035716295242,0.0,0.0,0.0,
3_+861737+203964,1358.5,17.0,1165.5,921.0,1108.0,960.0,962.5,967.5,1033.5,1137.5,1058.5,1222.5,313.0,18.322442776779614,77.41119671489461,0.04768570512533188,-0.048139601945877075,0.0,0.0,0.0,
3_+861737+203965,1358.5,17.0,1165.5,921.0,1104.5,963.5,961.0,967.5,1033.5,1137.5,1067.0,1222.5,313.0,18.322532608308027,77.41119671489461,0.05249419063329697,-0.04412280395627022,0.0,0.0,0.0,
3_+861737+203966,1358.5,17.0,1158.5,925.5,1114.5,971.0,970.5,969.5,1041.5,1147.0,1072.5,1234.0,313.0,18.322622439836437,77.41119671489461,0.050186820328235626,-0.03855027258396149,0.0,0.0,0.0,
3_+861737+203967,1358.5,17.0,1158.5,925.5,1124.0,969.0,979.5,969.5,1041.5,1147.0,1083.0,1234.0,313.0,18.32271227136485,77.41119671489461,0.050442155450582504,-0.033686019480228424,0.0,0.0,0.0,
3_+861737+203968,1375.5,17.5,1200.5,937.0,1116.0,980.5,984.0,982.5,1047.0,1167.0,1090.0,1243.5,343.5,18.322802102893263,77.41119671489461,0.05122755467891693,-0.048193853348493576,0.0,0.0,0.0,
3_+861737+203969,1375.5,17.5,1200.5,937.0,1120.0,977.0,991.5,982.5,1047.0,1167.0,1095.5,1243.5,343.5,18.322891934421673,77.41119671489461,0.04991237074136734,-0.04568294435739517,0.0,0.0,0.0,
3_+861737+203970,1375.5,17.5,1407.5,1076.5,1126.0,980.0,1001.5,1069.5,1177.0,1321.0,1116.5,1422.5,343.5,18.322981765950086,77.41119671489461,0.054487358778715134,-0.11456846445798874,0.0,0.0,0.0,
3_+861737+203971,1375.5,17.5,1407.5,1076.5,1146.0,1019.0,1056.0,1069.5,1177.0,1321.0,1257.0,1422.5,343.5,18.3230715974785,77.41119671489461,0.08687514066696167,-0.056273020803928375,0.0,0.0,0.0,
3_+861737+203972,1375.5,17.5,1752.0,1293.0,1172.0,1041.5,1122.5,1193.0,1357.0,1499.5,1395.0,1681.0,343.5,18.32316142900691,77.41119671489461,0.10824775695800781,-0.11335974931716919,0.0,0.0,0.0,
3_+861737+203973,1375.5,17.5,1752.0,1293.0,1160.5,1049.0,1112.0,1193.0,1357.0,1499.5,1474.0,1681.0,343.5,18.323251260535322,77.41119671489461,0.13976538181304932,-0.08626741915941238,0.0,0.0,0.0,
3_+861737+203974,1374.0,17.5,1696.5,1251.5,1181.0,1054.5,1142.5,1178.0,1357.5,1585.5,1485.0,1743.5,335.5,18.323341092063732,77.41119671489461,0.1301843523979187,-0.06638184189796448,0.0,0.0,0.0,
3_+861737+203975,1374.0,17.5,1696.5,1251.5,1157.5,1019.0,1042.0,1178.0,1357.5,1585.5,1454.0,1743.5,335.5,18.323430923592145,77.41119671489461,0.16387979686260223,-0.07840152084827423,0.0,0.0,0.0,
3_+861737+203976,1444.0,26.0,1321.0,944.0,1155.0,989.0,947.0,999.0,1175.0,1283.0,1117.0,1481.0,268.0,18.32352075512056,77.41119671489461,0.08236434310674667,-0.08367514610290527,0.0,0.0,0.0,
3_+861737+203977,1374.0,17.5,1389.5,1016.0,1106.0,938.0,931.0,1029.0,1243.0,1343.0,1149.0,1540.5,335.5,18.323610586648968,77.41119671489461,0.10446228832006454,-0.09516248852014542,0.0,0.0,0.0,
3_+861737+203978,1374.0,17.5,1215.5,922.5,1122.0,956.0,966.5,968.0,1053.0,1157.5,1092.0,1244.0,335.5,18.32370041817738,77.41119671489461,0.06136932969093323,-0.053505539894104004,0.0,0.0,0.0,
3_+861737+203979,1374.0,17.5,1215.5,922.5,1112.5,955.5,972.5,968.0,1053.0,1157.5,1082.5,1244.0,335.5,18.323790249705795,77.41119671489461,0.05385671555995941,-0.05785857141017914,0.0,0.0,0.0,
3_+861737+203980,1370.0,17.0,1187.5,934.0,1112.5,956.0,971.5,975.0,1058.0,1151.0,1095.0,1253.0,329.5,18.323880081234204,77.41119671489461,0.060059092938899994,-0.04052227735519409,0.0,0.0,0.0,
3_+861737+203981,1370.0,17.0,1187.5,934.0,1118.0,965.5,977.5,975.0,1058.0,1151.0,1108.5,1253.0,329.5,18.323969912762617,77.41119671489461,0.06293662637472153,-0.03441763296723366,0.0,0.0,0.0,
3_+861737+203982,1370.0,17.0,1210.0,956.5,1115.5,970.5,982.0,995.0,1072.0,1193.0,1112.0,1288.5,329.5,18.32405974429103,77.41119671489461,0.06225225701928139,-0.04214276373386383,0.0,0.0,0.0,
3_+861737+203983,1370.0,17.0,1210.0,956.5,1123.5,976.0,987.0,995.0,1072.0,1193.0,1115.5,1288.5,329.5,18.32414957581944,77.41119671489461,0.06127103045582771,-0.04058385640382767,0.0,0.0,0.0,
3_+861737+203984,1370.0,17.0,1369.5,1037.0,1134.5,993.5,986.0,1057.0,1237.0,1373.5,1189.5,1506.5,329.5,18.324239407347854,77.41119671489461,0.0933268740773201,-0.07000485807657242,0.0,0.0,0.0,
3_+861738+203962,1358.5,17.0,1188.5,930.0,1106.0,953.5,967.0,954.5,1010.0,1136.5,1089.5,1227.0,313.0,18.32226311372279,77.41128654642303,0.05987418070435524,-0.04343800246715546,0.0,0.0,0.0,
3_+861738+203963,1358.5,17.0,1188.5,930.0,1104.0,965.0,957.0,954.5,1010.0,1136.5,1084.0,1227.0,313.0,18.3223529452512,77.41128654642303,0.06245582178235054,-0.045968689024448395,0.0,0.0,0.0,
3_+861738+203964,1358.5,17.0,1165.5,921.0,1119.0,965.5,966.0,967.5,1033.5,1137.5,1083.0,1222.5,313.0,18.322442776779614,77.41128654642303,0.0572940893471241,-0.03672582656145096,0.0,0.0,0.0,
3_+861738+203965,1358.5,17.0,1165.5,921.0,1112.5,963.0,970.0,967.5,1033.5,1137.5,1072.5,1222.5,313.0,18.322532608308027,77.41128654642303,0.05056469514966011,-0.04155539348721504,0.0,0.0,0.0,
3_+861738+203966,1358.5,17.0,1158.5,925.5,1109.0,968.5,972.0,969.5,1041.5,1147.0,1078.5,1234.0,313.0,18.322622439836437,77.41128654642303,0.0521077923476696,-0.035780880600214005,0.0,0.0,0.0,
3_+861738+203967,1358.5,17.0,1158.5,925.5,1121.0,962.0,974.5,969.5,1041.5,1147.0,1086.0,1234.0,313.0,18.32271227136485,77.41128654642303,0.05423359200358391,-0.032321687787771225,0.0,0.0,0.0,
3_+861738+203968,1375.5,17.5,1200.5,937.0,1128.5,967.0,973.5,982.5,1047.0,1167.0,1094.0,1243.5,343.5,18.322802102893263,77.41128654642303,0.05840770900249481,-0.046379510313272476,0.0,0.0,0.0,
3_+861738+203969,1375.5,17.5,1200.5,937.0,1123.0,972.0,975.0,982.5,1047.0,1167.0,1093.0,1243.5,343.5,18.322891934421673,77.41128654642303,0.05713612213730812,-0.046843111515045166,0.0,0.0,0.0,
3_+861738+203970,1375.5,17.5,1407.5,1076.5,1120.0,973.0,984.0,1069.5,1177.0,1321.0,1156.5,1422.5,343.5,18.322981765950086,77.41128654642303,0.08031250536441803,-0.09780661016702652,0.0,0.0,0.0,
3_+861738+203971,1443.0,26.0,1488.0,1082.0,1212.0,1104.0,1119.0,1082.0,1190.0,1340.0,1483.0,1489.0,275.0,18.3230715974785,77.41128654642303,0.13989238440990448,-0.0016829350497573614,0.0,0.0,0.0,
3_+861738+203972,1375.5,17.5,1752.0,1293.0,1185.0,1065.0,1139.0,1193.0,1357.0,1499.5,1520.5,1681.0,343.5,18.32316142900691,77.41128654642303,0.14346563816070557,-0.07070883363485336,0.0,0.0,0.0,
3_+861738+203973,1375.5,17.5,1752.0,1293.0,1182.0,1065.0,1151.0,1193.0,1357.0,1499.5,1511.0,1681.0,343.5,18.323251260535322,77.41128654642303,0.13520178198814392,-0.07382823526859283,0.0,0.0,0.0,
3_+861738+203974,1374.0,17.5,1696.5,1251.5,1193.0,1073.5,1181.5,1178.0,1357.5,1585.5,1527.5,1743.5,335.5,18.323341092063732,77.41128654642303,0.12775975465774536,-0.05212750285863876,0.0,0.0,0.0,
3_+861738+203975,1304.0,9.0,1753.0,1330.0,1139.0,1042.0,1167.0,1212.0,1385.0,1578.0,1600.0,1774.0,403.0,18.323430923592145,77.41128654642303,0.15648716688156128,-0.04563077911734581,0.0,0.0,0.0,
3_+861738+203976,,,,,,,,,,,,,,18.32352075512056,77.41128654642303,,,,,,
3_+861738+203977,1374.0,17.5,1389.5,1016.0,1118.5,977.5,991.5,1029.0,1243.0,1343.0,1262.5,1540.5,335.5,18.323610586648968,77.41128654642303,0.11718568950891495,-0.04996407777070999,0.0,0.0,0.0,
3_+861738+203978,1374.0,17.5,1215.5,922.5,1113.5,960.5,969.0,968.0,1053.0,1157.5,1097.0,1244.0,335.5,18.32370041817738,77.41128654642303,0.062052953988313675,-0.05122487246990204,0.0,0.0,0.0,
3_+861738+203979,1374.0,17.5,1215.5,922.5,1114.5,958.0,971.5,968.0,1053.0,1157.5,1086.0,1244.0,335.5,18.323790249705795,77.41128654642303,0.05597863718867302,-0.056262556463479996,0.0,0.0,0.0,
3_+861738+203980,1370.0,17.0,1187.5,934.0,1120.5,956.0,976.5,975.0,1058.0,1151.0,1084.0,1253.0,329.5,18.323880081234204,77.41128654642303,0.05257343128323555,-0.04556244611740112,0.0,0.0,0.0,
3_+861738+203981,1370.0,17.0,1187.5,934.0,1121.0,967.0,985.0,975.0,1058.0,1151.0,1107.0,1253.0,329.5,18.323969912762617,77.41128654642303,0.05869929865002632,-0.03508177399635315,0.0,0.0,0.0,
3_+861738+203982,1370.0,17.0,1210.0,956.5,1122.0,975.0,1000.0,995.0,1072.0,1193.0,1104.5,1288.5,329.5,18.32405974429103,77.41128654642303,0.04996228218078613,-0.04551776498556137,0.0,0.0,0.0,
3_+861738+203983,1370.0,17.0,1210.0,956.5,1132.5,989.0,1015.5,995.0,1072.0,1193.0,1141.0,1288.5,329.5,18.32414957581944,77.41128654642303,0.058311719447374344,-0.029286200180649757,0.0,0.0,0.0,
3_+861738+203984,1370.0,17.0,1369.5,1037.0,1139.0,1017.0,1042.5,1057.0,1237.0,1373.5,1202.5,1506.5,329.5,18.324239407347854,77.41128654642303,0.07098890841007233,-0.06487461924552917,0.0,0.0,0.0,
3_+861739+203967,1365.0,17.0,1240.0,957.5,1115.0,972.0,985.0,994.0,1059.5,1152.0,1085.0,1237.0,317.0,18.32271227136485,77.41137637795144,0.048517338931560516,-0.06666634976863861,0.0,0.0,0.0,
3_+861739+203968,1385.5,17.5,1240.5,955.0,1122.0,974.0,982.0,996.5,1050.5,1167.0,1094.0,1243.0,361.5,18.322802102893263,77.41137637795144,0.05408776178956032,-0.06277727335691452,0.0,0.0,0.0,
3_+861739+203969,1385.5,17.5,1240.5,955.0,1123.0,975.0,983.0,996.5,1050.5,1167.0,1079.0,1243.0,361.5,18.322891934421673,77.41137637795144,0.04664560407400131,-0.06960420310497284,0.0,0.0,0.0,
3_+861739+203970,1385.5,17.5,1453.5,1132.0,1128.5,980.0,980.5,1046.0,1172.5,1304.0,1134.5,1473.5,361.5,18.322981765950086,77.41137637795144,0.07289768755435944,-0.12255381047725677,0.0,0.0,0.0,
3_+861739+203971,1385.5,17.5,1453.5,1132.0,1152.5,1025.5,1066.5,1046.0,1172.5,1304.0,1315.0,1473.5,361.5,18.3230715974785,77.41137637795144,0.10407058149576187,-0.04973806440830231,0.0,0.0,0.0,
3_+861739+203972,1385.5,17.5,1809.0,1375.5,1180.0,1053.0,1140.0,1188.5,1330.0,1488.0,1435.0,1691.5,361.5,18.32316142900691,77.41137637795144,0.1145954355597496,-0.11513345688581467,0.0,0.0,0.0,
3_+861739+203973,1385.5,17.5,1809.0,1375.5,1176.5,1060.0,1163.5,1188.5,1330.0,1488.0,1451.5,1691.5,361.5,18.323251260535322,77.41137637795144,0.11013384163379669,-0.10949307680130005,0.0,0.0,0.0,
3_+861739+203974,1390.0,18.5,1888.5,1410.0,1175.5,1077.5,1181.5,1213.5,1341.5,1510.5,1457.0,1710.0,373.0,18.323341092063732,77.41137637795144,0.10446280241012573,-0.12897750735282898,0.0,0.0,0.0,
3_+861739+203975,1390.0,18.5,1888.5,1410.0,1177.0,1069.5,1176.5,1213.5,1341.5,1510.5,1490.5,1710.0,373.0,18.323430923592145,77.41137637795144,0.11775622516870499,-0.11777602136135101,0.0,0.0,0.0,
3_+861739+203976,1390.0,18.5,1705.5,1265.5,1162.5,1034.5,1122.5,1149.0,1295.0,1431.5,1450.5,1620.0,373.0,18.32352075512056,77.41137637795144,0.12738044559955597,-0.08072006702423096,0.0,0.0,0.0,
3_+861739+203977,1390.0,18.5,1705.5,1265.5,1150.0,1009.0,1065.0,1149.0,1295.0,1431.5,1339.0,1620.0,373.0,18.323610586648968,77.41137637795144,0.11253736168146133,-0.12157894670963287,0.0,0.0,0.0,
3_+861739+203978,1390.0,18.5,1382.5,1067.5,1118.5,979.0,999.5,1027.0,1133.0,1263.0,1177.0,1370.0,373.0,18.32370041817738,77.41137637795144,0.08078392595052719,-0.08037304133176804,0.0,0.0,0.0,
3_+861739+203979,1390.0,18.5,1382.5,1067.5,1122.5,965.5,982.0,1027.0,1133.0,1263.0,1113.5,1370.0,373.0,18.323790249705795,77.41137637795144,0.06277800351381302,-0.10714484751224518,0.0,0.0,0.0,
3_+861739+203980,1376.5,17.0,1239.0,955.0,1121.5,968.0,986.5,970.5,1045.5,1155.0,1083.5,1256.0,347.0,18.323880081234204,77.41137637795144,0.046970997005701065,-0.06693042814731598,0.0,0.0,0.0,
3_+861739+203981,1376.5,17.0,1239.0,955.0,1119.5,963.5,985.0,970.5,1045.5,1155.0,1098.5,1256.0,347.0,18.323969912762617,77.41137637795144,0.05462024360895157,-0.06007854640483856,0.0,0.0,0.0,
3_+861739+203982,1376.5,17.0,1255.5,974.0,1124.5,980.0,985.0,1019.0,1105.5,1220.0,1120.5,1315.5,347.0,18.32405974429103,77.41137637795144,0.06463194638490677,-0.05668168514966965,0.0,0.0,0.0,
3_+861739+203983,1376.5,17.0,1255.5,974.0,1133.0,1000.5,1022.0,1019.0,1105.5,1220.0,1156.5,1315.5,347.0,18.32414957581944,77.41137637795144,0.061913613229990005,-0.04090108722448349,0.0,0.0,0.0,
3_+861739+203984,1376.5,17.0,1367.0,1026.0,1160.0,1017.5,1074.0,1063.5,1227.0,1327.5,1191.0,1449.5,347.0,18.324239407347854,77.41137637795144,0.05193048343062401,-0.06871958076953888,0.0,0.0,0.0,
3_+861740+203971,1385.5,17.5,1453.5,1132.0,1147.5,1009.5,1068.5,1046.0,1172.5,1304.0,1268.5,1473.5,361.5,18.3230715974785,77.41146620947985,0.08540906012058258,-0.06761254370212555,0.0,0.0,0.0,
3_+861740+203972,1385.5,17.5,1809.0,1375.5,1175.5,1054.0,1138.5,1188.5,1330.0,1488.0,1411.5,1691.5,361.5,18.32316142900691,77.41146620947985,0.10713067650794983,-0.12327227741479874,0.0,0.0,0.0,
3_+861740+203973,1385.5,17.5,1809.0,1375.5,1188.5,1072.5,1167.5,1188.5,1330.0,1488.0,1437.0,1691.5,361.5,18.323251260535322,77.41146620947985,0.10334978997707367,-0.1145198717713356,0.0,0.0,0.0,
3_+861740+203974,1390.0,18.5,1888.5,1410.0,1185.5,1072.0,1165.0,1213.5,1341.5,1510.5,1439.5,1710.0,373.0,18.323341092063732,77.41146620947985,0.10526362806558609,-0.1350160539150238,0.0,0.0,0.0,
3_+861740+203975,1390.0,18.5,1888.5,1410.0,1178.0,1063.5,1157.0,1213.5,1341.5,1510.5,1432.5,1710.0,373.0,18.323430923592145,77.41146620947985,0.10625160485506058,-0.13741594552993774,0.0,0.0,0.0,
3_+861740+203976,1390.0,18.5,1705.5,1265.5,1170.0,1041.0,1141.5,1149.0,1295.0,1431.5,1426.0,1620.0,373.0,18.32352075512056,77.41146620947985,0.11080240458250046,-0.08902537822723389,0.0,0.0,0.0,
3_+861740+203977,1390.0,18.5,1705.5,1265.5,1179.0,1055.0,1120.5,1149.0,1295.0,1431.5,1412.5,1620.0,373.0,18.323610586648968,77.41146620947985,0.1150260642170906,-0.09396888315677643,0.0,0.0,0.0,
3_+861740+203978,1390.0,18.5,1382.5,1067.5,1164.5,1022.5,1080.0,1027.0,1133.0,1263.0,1282.5,1370.0,373.0,18.32370041817738,77.41146620947985,0.08435496687889099,-0.038161445409059525,0.0,0.0,0.0,
3_+861740+203979,1390.0,18.5,1382.5,1067.5,1127.5,984.0,1023.0,1027.0,1133.0,1263.0,1160.5,1370.0,373.0,18.323790249705795,77.41146620947985,0.06272417306900024,-0.08690854907035828,0.0,0.0,0.0,
3_+861740+203980,1376.5,17.0,1239.0,955.0,1111.5,968.0,976.5,970.5,1045.5,1155.0,1108.5,1256.0,347.0,18.323880081234204,77.41146620947985,0.0634041354060173,-0.05565209686756134,0.0,0.0,0.0,
3_+861740+203981,1376.5,17.0,1239.0,955.0,1116.0,965.0,977.0,970.5,1045.5,1155.0,1095.5,1256.0,347.0,18.323969912762617,77.41146620947985,0.05715383216738701,-0.06153234839439392,0.0,0.0,0.0,
3_+861740+203982,1376.5,17.0,1255.5,974.0,1120.5,983.0,971.5,1019.0,1105.5,1220.0,1109.5,1315.5,347.0,18.32405974429103,77.41146620947985,0.06651515513658524,-0.061590418219566345,0.0,0.0,0.0,
3_+861740+203983,1376.5,17.0,1255.5,974.0,1135.5,992.5,1007.5,1019.0,1105.5,1220.0,1147.0,1315.5,347.0,18.32414957581944,77.41146620947985,0.06483759731054306,-0.04513269290328026,0.0,0.0,0.0,
3_+861740+203984,1376.5,17.0,1367.0,1026.0,1146.5,1009.5,1018.5,1063.5,1227.0,1327.5,1279.0,1449.5,347.0,18.324239407347854,77.41146620947985,0.11351529508829117,-0.033174384385347366,0.0,0.0,0.0,
3_+861741+203976,1390.0,18.5,1933.0,1449.5,1183.0,1072.5,1173.0,1254.5,1396.0,1571.0,1471.0,1787.5,373.0,18.32352075512056,77.41155604100827,0.1127171739935875,-0.13572415709495544,0.0,0.0,0.0,
3_+861741+203977,1390.0,18.5,1933.0,1449.5,1185.5,1075.0,1167.0,1254.5,1396.0,1571.0,1453.5,1787.5,373.0,18.323610586648968,77.41155604100827,0.10930550843477249,-0.14160767197608948,0.0,0.0,0.0,
3_+861741+203978,1390.0,18.5,1694.0,1297.5,1185.0,1057.0,1149.0,1162.0,1300.5,1449.5,1381.5,1620.0,373.0,18.32370041817738,77.41155604100827,0.09140655398368835,-0.10173700004816055,0.0,0.0,0.0,
3_+861741+203979,1390.0,18.5,1694.0,1297.5,1164.5,1024.5,1082.0,1162.0,1300.5,1449.5,1285.0,1620.0,373.0,18.323790249705795,77.41155604100827,0.08450213074684143,-0.13821099698543549,0.0,0.0,0.0,
3_+861741+203980,1376.5,17.0,1386.5,1064.0,1136.0,991.5,1013.5,1040.5,1110.0,1257.0,1159.0,1349.5,347.0,18.323880081234204,77.41155604100827,0.06630396097898483,-0.0892825499176979,0.0,0.0,0.0,
3_+861741+203981,1376.5,17.0,1386.5,1064.0,1120.5,969.5,983.0,1040.5,1110.0,1257.0,1094.5,1349.5,347.0,18.323969912762617,77.41155604100827,0.053839974105358124,-0.11692719906568527,0.0,0.0,0.0,
3_+861741+203982,1376.5,17.0,1298.0,1016.5,1123.0,980.0,997.5,1017.5,1150.5,1244.0,1107.5,1409.5,347.0,18.32405974429103,77.41155604100827,0.05252828076481819,-0.07914470136165619,0.0,0.0,0.0,
3_+861741+203983,1376.5,17.0,1298.0,1016.5,1131.0,986.5,1027.0,1017.5,1150.5,1244.0,1188.5,1409.5,347.0,18.32414957581944,77.41155604100827,0.07263681292533875,-0.04441457241773605,0.0,0.0,0.0,
3_+861741+203984,1311.0,10.0,1408.0,1075.0,1091.0,990.0,987.0,1074.0,1334.0,1448.0,1406.0,1533.0,424.0,18.324239407347854,77.41155604100827,0.17509402334690094,-7.107320707291365E-4,0.0,0.0,0.0,
3_+861742+203981,1376.5,17.0,1386.5,1064.0,1129.0,993.5,1019.0,1040.5,1110.0,1257.0,1163.0,1349.5,347.0,18.323969912762617,77.41164587253668,0.06521864980459213,-0.0876602828502655,0.0,0.0,0.0,
3_+861742+203982,1376.5,17.0,1298.0,1016.5,1133.5,987.0,993.5,1017.5,1150.5,1244.0,1122.5,1409.5,347.0,18.32405974429103,77.41164587253668,0.0611308217048645,-0.072414830327034,0.0,0.0,0.0,
3_+861742+203983,1376.5,17.0,1298.0,1016.5,1146.0,1005.5,1034.0,1017.5,1150.5,1244.0,1197.5,1409.5,347.0,18.32414957581944,77.41164587253668,0.07350416481494904,-0.04048444330692291,0.0,0.0,0.0,
4_+861708+204002,1378.5,17.0,1719.5,1374.0,1197.0,1066.5,1155.0,1163.0,1258.5,1419.0,1364.0,1561.0,333.0,18.325856374859267,77.40859160057067,0.08265214413404465,-0.11554335057735443,0.0,0.0,0.0,
4_+861708+204003,1378.5,17.0,1719.5,1374.0,1178.5,1052.0,1139.0,1163.0,1258.5,1419.0,1346.0,1561.0,333.0,18.32594620638768,77.40859160057067,0.08308389782905579,-0.1219853088259697,0.0,0.0,0.0,
4_+861708+204004,1391.5,17.5,1686.5,1339.5,1173.5,1040.5,1114.0,1125.0,1223.5,1360.0,1317.5,1509.5,370.5,18.326036037916094,77.40859160057067,0.08369569480419159,-0.12284497916698456,0.0,0.0,0.0,
4_+861708+204005,1391.5,17.5,1686.5,1339.5,1165.0,1039.5,1104.0,1125.0,1223.5,1360.0,1322.5,1509.5,370.5,18.326125869444503,77.40859160057067,0.09022482484579086,-0.12095746397972107,0.0,0.0,0.0,
4_+861708+204006,1391.5,17.5,1716.0,1344.5,1186.5,1047.0,1133.5,1144.5,1260.5,1391.5,1363.0,1551.5,370.5,18.326215700972917,77.40859160057067,0.09202462434768677,-0.11458010971546173,0.0,0.0,0.0,
4_+861708+204007,1391.5,17.5,1716.0,1344.5,1187.5,1055.0,1147.0,1144.5,1260.5,1391.5,1390.5,1551.5,370.5,18.326305532501326,77.40859160057067,0.09595579653978348,-0.10470610857009888,0.0,0.0,0.0,
4_+861708+204008,1391.5,17.5,1687.5,1252.0,1157.5,1034.0,1091.0,1144.5,1336.5,1485.0,1482.5,1666.5,370.5,18.32639536402974,77.40859160057067,0.1520611196756363,-0.06472508609294891,0.0,0.0,0.0,
4_+861708+204009,1391.5,17.5,1687.5,1252.0,1148.0,1018.0,1046.5,1144.5,1336.5,1485.0,1528.5,1666.5,370.5,18.326485195558153,77.40859160057067,0.1873435080051422,-0.04944053292274475,0.0,0.0,0.0,
4_+861708+204010,1372.0,17.0,1637.5,1187.0,1161.0,1025.0,1092.5,1106.0,1267.5,1453.0,1460.0,1604.5,351.0,18.326575027086562,77.40859160057067,0.14383193850517273,-0.057614125311374664,0.0,0.0,0.0,
4_+861708+204011,1372.0,17.0,1637.5,1187.0,1143.0,1020.0,1085.0,1106.0,1267.5,1453.0,1416.5,1604.5,351.0,18.326664858614976,77.40859160057067,0.13257695734500885,-0.07240751385688782,0.0,0.0,0.0,
4_+861708+204012,1372.0,17.0,1595.0,1168.0,1155.5,1010.5,1072.0,1099.0,1258.5,1414.0,1406.0,1595.5,351.0,18.32675469014339,77.40859160057067,0.13495439291000366,-0.06297370791435242,0.0,0.0,0.0,
4_+861708+204013,1372.0,17.0,1595.0,1168.0,1164.0,1014.0,1068.0,1099.0,1258.5,1414.0,1458.0,1595.5,351.0,18.3268445216718,77.40859160057067,0.15447920560836792,-0.04485677182674408,0.0,0.0,0.0,
4_+861708+204014,1372.0,17.0,1545.5,1143.5,1153.5,1015.0,1067.0,1085.5,1229.5,1417.5,1485.0,1573.0,351.0,18.326934353200212,77.40859160057067,0.16391411423683167,-0.019997669383883476,0.0,0.0,0.0,
4_+861708+204015,1372.0,17.0,1545.5,1143.5,1155.0,1032.0,1087.5,1085.5,1229.5,1417.5,1411.0,1573.0,351.0,18.327024184728625,77.40859160057067,0.12932077050209045,-0.045661211013793945,0.0,0.0,0.0,
4_+861708+204016,1372.0,17.0,1545.5,1143.5,1155.0,1032.0,1087.5,1085.5,1229.5,1417.5,1411.0,1573.0,351.0,18.327114016257035,77.40859160057067,0.12932077050209045,-0.045661211013793945,0.0,0.0,0.0,
4_+861708+204017,1379.5,17.0,1547.5,1163.0,1170.0,1049.0,1099.5,1114.0,1270.5,1386.0,1419.5,1576.0,337.5,18.327203847785448,77.40859160057067,0.12718330323696136,-0.04305339977145195,0.0,0.0,0.0,
4_+861708+204018,1379.5,17.0,1547.5,1163.0,1185.5,1064.0,1132.5,1114.0,1270.5,1386.0,1436.0,1576.0,337.5,18.327293679313858,77.40859160057067,0.11816795915365219,-0.03728712722659111,0.0,0.0,0.0,
4_+861708+204019,1379.5,17.0,1553.0,1161.5,1191.0,1081.5,1137.0,1152.0,1287.0,1445.5,1462.0,1545.5,337.5,18.32738351084227,77.40859160057067,0.12486929446458817,-0.03019915521144867,0.0,0.0,0.0,
4_+861709+204002,1378.5,17.0,1719.5,1374.0,1192.0,1077.0,1162.0,1163.0,1258.5,1419.0,1389.0,1561.0,333.0,18.325856374859267,77.40868143209909,0.08884913474321365,-0.10640843212604523,0.0,0.0,0.0,
4_+861709+204003,1378.5,17.0,1719.5,1374.0,1182.0,1054.5,1124.0,1163.0,1258.5,1419.0,1321.5,1561.0,333.0,18.32594620638768,77.40868143209909,0.08068951964378357,-0.1309460699558258,0.0,0.0,0.0,
4_+861709+204004,1391.5,17.5,1686.5,1339.5,1176.5,1040.0,1097.0,1125.0,1223.5,1360.0,1300.0,1509.5,370.5,18.326036037916094,77.40868143209909,0.0846245288848877,-0.12946772575378418,0.0,0.0,0.0,
4_+861709+204005,1391.5,17.5,1686.5,1339.5,1166.5,1032.5,1106.5,1125.0,1223.5,1360.0,1281.0,1509.5,370.5,18.326125869444503,77.40868143209909,0.07323193550109863,-0.13663452863693237,0.0,0.0,0.0,
4_+861709+204006,1391.5,17.5,1716.0,1344.5,1165.5,1040.5,1112.5,1144.5,1260.5,1391.5,1296.5,1551.5,370.5,18.326215700972917,77.40868143209909,0.07639826089143753,-0.139211505651474,0.0,0.0,0.0,
4_+861709+204007,1391.5,17.5,1716.0,1344.5,1171.0,1038.5,1106.5,1144.5,1260.5,1391.5,1303.0,1551.5,370.5,18.326305532501326,77.40868143209909,0.08168712258338928,-0.136744886636734,0.0,0.0,0.0,
4_+861709+204008,1391.5,17.5,1687.5,1252.0,1165.0,1041.5,1090.5,1144.5,1336.5,1485.0,1357.0,1666.5,370.5,18.32639536402974,77.40868143209909,0.10888358950614929,-0.1085578128695488,0.0,0.0,0.0,
4_+861709+204009,1391.5,17.5,1687.5,1252.0,1146.5,1005.0,1048.5,1144.5,1336.5,1485.0,1386.5,1666.5,370.5,18.326485195558153,77.40868143209909,0.13867266476154327,-0.09809190034866333,0.0,0.0,0.0,
4_+861709+204010,1372.0,17.0,1637.5,1187.0,1145.5,1010.0,1041.0,1106.0,1267.5,1453.0,1324.0,1604.5,351.0,18.326575027086562,77.40868143209909,0.11971288174390793,-0.10609553754329681,0.0,0.0,0.0,
4_+861709+204011,1372.0,17.0,1637.5,1187.0,1156.0,1021.0,1045.0,1106.0,1267.5,1453.0,1316.5,1604.5,351.0,18.326664858614976,77.40868143209909,0.11527863144874573,-0.10865142941474915,0.0,0.0,0.0,
4_+861709+204012,1372.0,17.0,1595.0,1168.0,1142.0,1014.5,1045.5,1099.0,1258.5,1414.0,1339.5,1595.5,351.0,18.32675469014339,77.40868143209909,0.12374815344810486,-0.08704985678195953,0.0,0.0,0.0,
4_+861709+204013,1372.0,17.0,1595.0,1168.0,1145.5,1017.5,1055.5,1099.0,1258.5,1414.0,1329.0,1595.5,351.0,18.3268445216718,77.40868143209909,0.11488249897956848,-0.09096149355173111,0.0,0.0,0.0,
4_+861709+204014,1372.0,17.0,1545.5,1143.5,1148.0,1023.5,1038.5,1085.5,1229.5,1417.5,1301.0,1573.0,351.0,18.326934353200212,77.40868143209909,0.11231553554534912,-0.08597704023122787,0.0,0.0,0.0,
4_+861709+204015,1372.0,17.0,1545.5,1143.5,1145.5,1014.5,1049.5,1085.5,1229.5,1417.5,1273.5,1573.0,351.0,18.327024184728625,77.40868143209909,0.09658879786729813,-0.09654863178730011,0.0,0.0,0.0,
4_+861709+204016,1379.5,17.0,1547.5,1163.0,1155.5,1018.0,1082.0,1114.0,1270.5,1386.0,1237.5,1576.0,337.5,18.327114016257035,77.40868143209909,0.06811122596263885,-0.11127002537250519,0.0,0.0,0.0,
4_+861709+204017,1379.5,17.0,1547.5,1163.0,1190.5,1073.5,1115.0,1114.0,1270.5,1386.0,1281.5,1576.0,337.5,18.327203847785448,77.40868143209909,0.07060149312019348,-0.09401847422122955,0.0,0.0,0.0,
4_+861709+204018,1379.5,17.0,1547.5,1163.0,1190.5,1073.5,1115.0,1114.0,1270.5,1386.0,1281.5,1576.0,337.5,18.327293679313858,77.40868143209909,0.07060149312019348,-0.09401847422122955,0.0,0.0,0.0,
4_+861709+204019,1379.5,17.0,1553.0,1161.5,1224.5,1107.0,1154.0,1152.0,1287.0,1445.5,1309.0,1545.5,337.5,18.32738351084227,77.40868143209909,0.06289662420749664,-0.08512043207883835,0.0,0.0,0.0,
4_+861710+204002,1378.5,17.0,1582.0,1274.5,1169.0,1037.0,1092.0,1088.5,1200.0,1312.5,1296.5,1491.0,333.0,18.325856374859267,77.40877126362749,0.08563032001256943,-0.09920886158943176,0.0,0.0,0.0,
4_+861710+204003,1378.5,17.0,1582.0,1274.5,1167.0,1029.0,1103.0,1088.5,1200.0,1312.5,1266.0,1491.0,333.0,18.32594620638768,77.40877126362749,0.06882315129041672,-0.1109512448310852,0.0,0.0,0.0,
4_+861710+204004,1391.5,17.5,1581.5,1275.0,1161.5,1036.5,1089.5,1104.5,1186.0,1327.0,1270.0,1451.5,370.5,18.326036037916094,77.40877126362749,0.07659754902124405,-0.10923570394515991,0.0,0.0,0.0,
4_+861710+204005,1391.5,17.5,1581.5,1275.0,1171.5,1039.5,1099.5,1104.5,1186.0,1327.0,1272.0,1451.5,370.5,18.326125869444503,77.40877126362749,0.07284989207983017,-0.1084403395652771,0.0,0.0,0.0,
4_+861710+204006,1391.5,17.5,1595.0,1285.0,1160.0,1042.0,1101.0,1106.5,1230.0,1341.0,1286.0,1512.0,370.5,18.326215700972917,77.40877126362749,0.07746081054210663,-0.10721373558044434,0.0,0.0,0.0,
4_+861710+204007,1391.5,17.5,1595.0,1285.0,1163.0,1032.0,1092.5,1106.5,1230.0,1341.0,1283.0,1512.0,370.5,18.326305532501326,77.40877126362749,0.0802668109536171,-0.10832692682743073,0.0,0.0,0.0,
4_+861710+204008,1391.5,17.5,1555.5,1189.0,1157.0,1024.5,1076.5,1092.0,1254.5,1420.5,1382.5,1556.5,370.5,18.32639536402974,77.40877126362749,0.12386424094438553,-0.059338733553886414,0.0,0.0,0.0,
4_+861710+204009,1391.5,17.5,1555.5,1189.0,1126.0,1007.5,991.5,1092.0,1254.5,1420.5,1484.0,1556.5,370.5,18.326485195558153,77.40877126362749,0.19895806908607483,-0.02349897101521492,0.0,0.0,0.0,
4_+861710+204010,1443.0,25.0,1342.0,983.0,1189.0,1012.0,1024.0,1023.0,1151.0,1283.0,1269.0,1411.0,280.0,18.326575027086562,77.40877126362749,0.10684692859649658,-0.027958637103438377,0.0,0.0,0.0,
4_+861710+204011,1372.0,17.0,1369.5,1024.5,1128.5,987.5,976.0,1017.5,1174.0,1319.5,1183.5,1429.0,351.0,18.326664858614976,77.40877126362749,0.09621760249137878,-0.07280904054641724,0.0,0.0,0.0,
4_+861710+204012,1372.0,17.0,1271.5,968.0,1117.5,979.5,972.5,979.5,1082.0,1167.5,1115.5,1283.0,351.0,18.32675469014339,77.40877126362749,0.06876301020383835,-0.0653550997376442,0.0,0.0,0.0,
4_+861710+204013,1372.0,17.0,1271.5,968.0,1115.5,964.5,979.5,979.5,1082.0,1167.5,1134.0,1283.0,351.0,18.3268445216718,77.40877126362749,0.07334522157907486,-0.0571788027882576,0.0,0.0,0.0,
4_+861710+204014,1372.0,17.0,1231.0,953.5,1115.5,962.0,969.5,980.0,1052.0,1162.5,1103.0,1244.0,351.0,18.326934353200212,77.40877126362749,0.06467295438051224,-0.05483502149581909,0.0,0.0,0.0,
4_+861710+204015,1372.0,17.0,1231.0,953.5,1114.5,963.5,965.5,980.0,1052.0,1162.5,1084.5,1244.0,351.0,18.327024184728625,77.40877126362749,0.0583295002579689,-0.06325189024209976,0.0,0.0,0.0,
4_+861710+204016,1379.5,17.0,1233.0,964.5,1119.5,968.5,977.0,979.0,1061.5,1157.5,1095.0,1245.0,337.5,18.327114016257035,77.40877126362749,0.057325221598148346,-0.05913317948579788,0.0,0.0,0.0,
4_+861710+204017,1379.5,17.0,1233.0,964.5,1128.5,987.0,1012.0,979.0,1061.5,1157.5,1133.5,1245.0,337.5,18.327203847785448,77.40877126362749,0.057401739060878754,-0.04198845475912094,0.0,0.0,0.0,
4_+861710+204018,1379.5,17.0,1333.0,1026.0,1170.5,1036.0,1053.5,1050.5,1126.5,1245.5,1192.0,1319.5,337.5,18.327293679313858,77.40877126362749,0.06232787296175957,-0.05540956184267998,0.0,0.0,0.0,
4_+861710+204019,1379.5,17.0,1333.0,1026.0,1176.0,1048.5,1096.5,1050.5,1126.5,1245.5,1262.5,1319.5,337.5,18.32738351084227,77.40877126362749,0.07064056396484375,-0.026744766160845757,0.0,0.0,0.0,
4_+861710+204020,1379.5,17.0,1541.0,1123.5,1169.0,1047.5,1103.0,1101.0,1271.0,1398.5,1309.5,1545.5,337.5,18.327473342370684,77.40877126362749,0.08559323847293854,-0.08017310500144958,0.0,0.0,0.0,
4_+861711+204002,1378.5,17.0,1582.0,1274.5,1166.0,1027.0,1072.5,1088.5,1200.0,1312.5,1247.5,1491.0,333.0,18.325856374859267,77.4088610951559,0.07549705356359482,-0.11819025874137878,0.0,0.0,0.0,
4_+861711+204003,1378.5,17.0,1582.0,1274.5,1159.5,1028.0,1073.5,1088.5,1200.0,1312.5,1248.5,1491.0,333.0,18.32594620638768,77.4088610951559,0.07552502304315567,-0.11779521405696869,0.0,0.0,0.0,
4_+861711+204004,1391.5,17.5,1581.5,1275.0,1157.5,1024.5,1078.5,1104.5,1186.0,1327.0,1260.5,1451.5,370.5,18.326036037916094,77.4088610951559,0.07804659008979797,-0.11293014883995056,0.0,0.0,0.0,
4_+861711+204005,1391.5,17.5,1581.5,1275.0,1157.5,1035.0,1091.0,1104.5,1186.0,1327.0,1270.5,1451.5,370.5,18.326125869444503,77.4088610951559,0.07612980902194977,-0.10906679183244705,0.0,0.0,0.0,
4_+861711+204006,1391.5,17.5,1595.0,1285.0,1171.0,1044.0,1107.5,1106.5,1230.0,1341.0,1269.0,1512.0,370.5,18.326215700972917,77.4088610951559,0.067991703748703,-0.11374302208423615,0.0,0.0,0.0,
4_+861711+204007,1391.5,17.5,1595.0,1285.0,1169.5,1034.5,1099.0,1106.5,1230.0,1341.0,1286.5,1512.0,370.5,18.326305532501326,77.4088610951559,0.07864612340927124,-0.10699252784252167,0.0,0.0,0.0,
4_+861711+204008,1391.5,17.5,1555.5,1189.0,1164.0,1033.5,1082.0,1092.0,1254.5,1420.5,1358.5,1556.5,370.5,18.32639536402974,77.4088610951559,0.11313974112272263,-0.06775515526533127,0.0,0.0,0.0,
4_+861711+204009,1391.5,17.5,1555.5,1189.0,1149.0,1023.5,1039.0,1092.0,1254.5,1420.5,1401.5,1556.5,370.5,18.326485195558153,77.4088610951559,0.14856548607349396,-0.05208738148212433,0.0,0.0,0.0,
4_+861711+204010,1372.0,17.0,1369.5,1024.5,1124.5,985.0,974.0,1017.5,1174.0,1319.5,1250.0,1429.0,351.0,18.326575027086562,77.4088610951559,0.12346912920475006,-0.04614267870783806,0.0,0.0,0.0,
4_+861711+204011,1372.0,17.0,1369.5,1024.5,1111.0,957.0,968.0,1017.5,1174.0,1319.5,1098.0,1429.0,351.0,18.326664858614976,77.4088610951559,0.06316778063774109,-0.10995801538228989,0.0,0.0,0.0,
4_+861711+204012,1372.0,17.0,1271.5,968.0,1110.5,954.0,965.0,979.5,1082.0,1167.5,1082.5,1283.0,351.0,18.32675469014339,77.4088610951559,0.057614766061306,-0.08029000461101532,0.0,0.0,0.0,
4_+861711+204013,1372.0,17.0,1271.5,968.0,1114.5,958.5,958.5,979.5,1082.0,1167.5,1062.5,1283.0,351.0,18.3268445216718,77.4088610951559,0.0517292246222496,-0.08955717086791992,0.0,0.0,0.0,
4_+861711+204014,1372.0,17.0,1231.0,953.5,1116.0,962.5,956.0,980.0,1052.0,1162.5,1079.5,1244.0,351.0,18.326934353200212,77.4088610951559,0.06094573438167572,-0.06555430591106415,0.0,0.0,0.0,
4_+861711+204015,1372.0,17.0,1231.0,953.5,1116.0,956.5,960.0,980.0,1052.0,1162.5,1070.0,1244.0,351.0,18.327024184728625,77.4088610951559,0.054465848952531815,-0.06995201110839844,0.0,0.0,0.0,
4_+861711+204016,1379.5,17.0,1233.0,964.5,1122.0,961.0,955.5,979.0,1061.5,1157.5,1066.0,1245.0,337.5,18.327114016257035,77.4088610951559,0.054918527603149414,-0.07249269634485245,0.0,0.0,0.0,
4_+861711+204017,1379.5,17.0,1233.0,964.5,1122.5,953.5,965.0,979.0,1061.5,1157.5,1056.5,1245.0,337.5,18.327203847785448,77.4088610951559,0.04565213620662689,-0.07696035504341125,0.0,0.0,0.0,
4_+861711+204018,1379.5,17.0,1333.0,1026.0,1119.0,975.0,985.5,1050.5,1126.5,1245.5,1090.0,1319.5,337.5,18.327293679313858,77.4088610951559,0.05086883530020714,-0.09987352788448334,0.0,0.0,0.0,
4_+861711+204019,1379.5,17.0,1333.0,1026.0,1135.5,986.5,1017.5,1050.5,1126.5,1245.5,1159.0,1319.5,337.5,18.32738351084227,77.4088610951559,0.06522684544324875,-0.06974142789840698,0.0,0.0,0.0,
4_+861711+204020,1379.5,17.0,1541.0,1123.5,1146.0,1014.0,1057.0,1101.0,1271.0,1398.5,1316.0,1545.5,337.5,18.327473342370684,77.4088610951559,0.10939701646566391,-0.0782473087310791,0.0,0.0,0.0,
4_+861711+204021,1449.0,25.0,1637.0,1141.0,1194.0,1037.0,1030.0,1101.0,1265.0,1398.0,1343.0,1572.0,275.0,18.327563173899094,77.4088610951559,0.13190054893493652,-0.09865771979093552,0.0,0.0,0.0,
4_+861712+204002,1378.5,17.0,1557.0,1243.0,1167.0,1033.0,1074.0,1096.5,1192.5,1317.5,1250.5,1453.5,333.0,18.325856374859267,77.40895092668431,0.0758414939045906,-0.10924889147281647,0.0,0.0,0.0,
4_+861712+204003,1378.5,17.0,1557.0,1243.0,1152.0,1031.5,1078.5,1096.5,1192.5,1317.5,1248.0,1453.5,333.0,18.32594620638768,77.40895092668431,0.07288185507059097,-0.11015336215496063,0.0,0.0,0.0,
4_+861712+204004,1391.5,17.5,1570.0,1260.5,1152.0,1022.0,1072.0,1096.0,1179.5,1320.5,1233.0,1448.0,370.5,18.326036037916094,77.40895092668431,0.06988640874624252,-0.12023787200450897,0.0,0.0,0.0,
4_+861712+204005,1391.5,17.5,1570.0,1260.5,1157.5,1030.5,1078.0,1096.0,1179.5,1320.5,1252.5,1448.0,370.5,18.326125869444503,77.40895092668431,0.07503092288970947,-0.11248726397752762,0.0,0.0,0.0,
4_+861712+204006,1391.5,17.5,1621.0,1290.5,1173.0,1034.5,1094.0,1110.0,1206.0,1350.5,1268.5,1480.0,370.5,18.326215700972917,77.40895092668431,0.07397635281085968,-0.12194700539112091,0.0,0.0,0.0,
4_+861712+204007,1391.5,17.5,1621.0,1290.5,1165.0,1025.5,1096.5,1110.0,1206.0,1350.5,1264.5,1480.0,370.5,18.326305532501326,77.40895092668431,0.07121594995260239,-0.12352880835533142,0.0,0.0,0.0,
4_+861712+204008,1391.5,17.5,1557.0,1197.0,1161.0,1031.0,1091.0,1090.0,1208.0,1395.5,1293.0,1508.5,370.5,18.32639536402974,77.40895092668431,0.08489920198917389,-0.09253428876399994,0.0,0.0,0.0,
4_+861712+204009,1391.5,17.5,1557.0,1197.0,1149.0,1014.0,1056.5,1090.0,1208.0,1395.5,1282.5,1508.5,370.5,18.326485195558153,77.40895092668431,0.0962303876876831,-0.09692615270614624,0.0,0.0,0.0,
4_+861712+204010,1372.0,17.0,1283.0,987.5,1111.5,972.5,965.0,987.0,1124.0,1229.0,1169.0,1372.5,351.0,18.326575027086562,77.40895092668431,0.09534751623868942,-0.04656575247645378,0.0,0.0,0.0,
4_+861712+204011,1372.0,17.0,1283.0,987.5,1117.5,957.5,975.5,987.0,1124.0,1229.0,1075.0,1372.5,351.0,18.326664858614976,77.40895092668431,0.0487409308552742,-0.08790472894906998,0.0,0.0,0.0,
4_+861712+204012,1372.0,17.0,1174.0,920.5,1119.5,959.5,956.5,946.5,1032.0,1123.5,1093.0,1222.0,351.0,18.32675469014339,77.40895092668431,0.06686478108167648,-0.03572294861078262,0.0,0.0,0.0,
4_+861712+204013,1372.0,17.0,1174.0,920.5,1109.5,960.0,957.5,946.5,1032.0,1123.5,1069.0,1222.0,351.0,18.3268445216718,77.40895092668431,0.05522599816322327,-0.04680973291397095,0.0,0.0,0.0,
4_+861712+204014,1372.0,17.0,1165.5,922.0,1109.5,962.0,959.0,955.5,1034.0,1134.5,1073.0,1237.5,351.0,18.326934353200212,77.40895092668431,0.0563194677233696,-0.041293591260910034,0.0,0.0,0.0,
4_+861712+204015,1372.0,17.0,1165.5,922.0,1113.0,957.5,961.5,955.5,1034.0,1134.5,1076.5,1237.5,351.0,18.327024184728625,77.40895092668431,0.05668853968381882,-0.03971467539668083,0.0,0.0,0.0,
4_+861712+204016,1379.5,17.0,1169.5,909.5,1108.0,952.0,953.5,950.0,1019.0,1131.5,1058.0,1204.5,337.5,18.327114016257035,77.40895092668431,0.0521274097263813,-0.0499851256608963,0.0,0.0,0.0,
4_+861712+204017,1379.5,17.0,1169.5,909.5,1116.0,957.5,957.5,950.0,1019.0,1131.5,1059.0,1204.5,337.5,18.327203847785448,77.40895092668431,0.05054507032036781,-0.04951377213001251,0.0,0.0,0.0,
4_+861712+204018,1379.5,17.0,1212.5,938.5,1119.5,963.5,969.5,964.5,1044.0,1150.5,1074.5,1244.5,337.5,18.327293679313858,77.40895092668431,0.05162898823618889,-0.060119349509477615,0.0,0.0,0.0,
4_+861712+204019,1379.5,17.0,1212.5,938.5,1115.0,969.5,985.0,964.5,1044.0,1150.5,1105.0,1244.5,337.5,18.32738351084227,77.40895092668431,0.057657163590192795,-0.046167075634002686,0.0,0.0,0.0,
4_+861712+204020,1379.5,17.0,1428.5,1055.0,1131.5,995.0,1017.5,1063.5,1224.0,1321.5,1227.0,1475.0,337.5,18.327473342370684,77.40895092668431,0.0936795249581337,-0.07541842758655548,0.0,0.0,0.0,
4_+861712+204021,1449.0,25.0,1524.0,1083.0,1198.0,1067.0,1104.0,1096.0,1252.0,1368.0,1476.0,1538.0,275.0,18.327563173899094,77.40895092668431,0.14418604969978333,-0.01600000075995922,0.0,0.0,0.0,
4_+861713+204002,1378.5,17.0,1557.0,1243.0,1175.5,1039.0,1097.5,1096.5,1192.5,1317.5,1289.0,1453.5,333.0,18.325856374859267,77.40904075821273,0.07997671514749527,-0.09436574578285217,0.0,0.0,0.0,
4_+861713+204003,1378.5,17.0,1557.0,1243.0,1161.0,1026.5,1093.0,1096.5,1192.5,1317.5,1258.5,1453.5,333.0,18.32594620638768,77.40904075821273,0.0703173279762268,-0.10606249421834946,0.0,0.0,0.0,
4_+861713+204004,1391.5,17.5,1570.0,1260.5,1174.0,1018.5,1080.0,1096.0,1179.5,1320.5,1243.0,1448.0,370.5,18.326036037916094,77.40904075821273,0.07022857666015625,-0.11624816060066223,0.0,0.0,0.0,
4_+861713+204005,1391.5,17.5,1570.0,1260.5,1170.0,1034.0,1071.0,1096.0,1179.5,1320.5,1253.0,1448.0,370.5,18.326125869444503,77.40904075821273,0.07841882109642029,-0.11228789389133453,0.0,0.0,0.0,
4_+861713+204006,1391.5,17.5,1621.0,1290.5,1162.5,1037.5,1077.0,1110.0,1206.0,1350.5,1272.0,1480.0,370.5,18.326215700972917,77.40904075821273,0.08310061693191528,-0.12058967351913452,0.0,0.0,0.0,
4_+861713+204007,1391.5,17.5,1621.0,1290.5,1158.5,1025.5,1079.5,1110.0,1206.0,1350.5,1275.5,1480.0,370.5,18.326305532501326,77.40904075821273,0.08330003172159195,-0.1192401573061943,0.0,0.0,0.0,
4_+861713+204008,1391.5,17.5,1557.0,1197.0,1169.0,1027.0,1088.5,1090.0,1208.0,1395.5,1310.0,1508.5,370.5,18.32639536402974,77.40904075821273,0.0924093946814537,-0.08606177568435669,0.0,0.0,0.0,
4_+861713+204009,1391.5,17.5,1557.0,1197.0,1151.0,1022.5,1039.0,1090.0,1208.0,1395.5,1360.5,1508.5,370.5,18.326485195558153,77.40904075821273,0.1337035596370697,-0.06752312928438187,0.0,0.0,0.0,
4_+861713+204010,1443.0,25.0,1240.0,918.0,1171.0,1008.0,991.0,975.0,1085.0,1200.0,1142.0,1327.0,280.0,18.326575027086562,77.40904075821273,0.0707923099398613,-0.041141897439956665,0.0,0.0,0.0,
4_+861713+204011,1372.0,17.0,1283.0,987.5,1120.5,968.0,979.5,987.0,1124.0,1229.0,1123.5,1372.5,351.0,18.326664858614976,77.40904075821273,0.06836040318012238,-0.06630689650774002,0.0,0.0,0.0,
4_+861713+204012,1372.0,17.0,1174.0,920.5,1128.0,964.5,964.0,946.5,1032.0,1123.5,1092.0,1222.0,351.0,18.32675469014339,77.40904075821273,0.0625779777765274,-0.03619161993265152,0.0,0.0,0.0,
4_+861713+204013,1372.0,17.0,1174.0,920.5,1119.0,963.0,973.5,946.5,1032.0,1123.5,1082.5,1222.0,351.0,18.3268445216718,77.40904075821273,0.053120531141757965,-0.040540583431720734,0.0,0.0,0.0,
4_+861713+204014,1372.0,17.0,1165.5,922.0,1113.0,962.0,969.0,955.5,1034.0,1134.5,1084.0,1237.5,351.0,18.326934353200212,77.40904075821273,0.056209664791822433,-0.036195993423461914,0.0,0.0,0.0,
4_+861713+204015,1372.0,17.0,1165.5,922.0,1112.5,956.5,973.5,955.5,1034.0,1134.5,1079.5,1237.5,351.0,18.327024184728625,77.40904075821273,0.051934678107500076,-0.038277678191661835,0.0,0.0,0.0,
4_+861713+204016,1379.5,17.0,1169.5,909.5,1112.0,951.5,963.5,950.0,1019.0,1131.5,1062.0,1204.5,337.5,18.327114016257035,77.40904075821273,0.04881735146045685,-0.04811164364218712,0.0,0.0,0.0,
4_+861713+204017,1379.5,17.0,1169.5,909.5,1108.5,952.5,946.0,950.0,1019.0,1131.5,1057.5,1204.5,337.5,18.327203847785448,77.40904075821273,0.05581168830394745,-0.05022026598453522,0.0,0.0,0.0,
4_+861713+204018,1379.5,17.0,1212.5,938.5,1116.0,960.5,961.0,964.5,1044.0,1150.5,1066.5,1244.5,337.5,18.327293679313858,77.40904075821273,0.05250320956110954,-0.0638413056731224,0.0,0.0,0.0,
4_+861713+204019,1379.5,17.0,1212.5,938.5,1116.5,969.0,963.0,964.5,1044.0,1150.5,1079.0,1244.5,337.5,18.32738351084227,77.40904075821273,0.05701062083244324,-0.05802079290151596,0.0,0.0,0.0,
4_+861713+204020,1379.5,17.0,1428.5,1055.0,1117.5,971.5,998.0,1063.5,1224.0,1321.5,1132.5,1475.0,337.5,18.327473342370684,77.40904075821273,0.06342627108097076,-0.11450958251953125,0.0,0.0,0.0,
4_+861713+204021,1379.5,17.0,1428.5,1055.0,1142.0,1009.5,1044.0,1063.5,1224.0,1321.5,1314.0,1475.0,337.5,18.327563173899094,77.40904075821273,0.11487638205289841,-0.04109668359160423,0.0,0.0,0.0,
4_+861713+204022,1367.5,17.0,1642.0,1182.0,1176.5,1041.0,1083.0,1133.0,1309.0,1484.0,1381.0,1604.5,326.5,18.327653005427507,77.40904075821273,0.12060330808162689,-0.08591651916503906,0.0,0.0,0.0,
4_+861714+204002,1382.0,16.5,1617.0,1284.0,1182.0,1055.5,1123.5,1128.0,1225.0,1378.5,1364.0,1511.0,337.0,18.325856374859267,77.40913058974114,0.0961526557803154,-0.08514410257339478,0.0,0.0,0.0,
4_+861714+204003,1382.0,16.5,1617.0,1284.0,1166.5,1046.0,1105.0,1128.0,1225.0,1378.5,1304.0,1511.0,337.0,18.32594620638768,77.40913058974114,0.08243180066347122,-0.10715508460998535,0.0,0.0,0.0,
4_+861714+204004,1396.0,17.0,1675.0,1326.5,1166.0,1032.0,1096.5,1118.5,1230.0,1350.0,1292.0,1530.5,377.0,18.326036037916094,77.40913058974114,0.08187330514192581,-0.129062682390213,0.0,0.0,0.0,
4_+861714+204005,1396.0,17.0,1675.0,1326.5,1171.5,1030.5,1105.5,1118.5,1230.0,1350.0,1300.5,1530.5,377.0,18.326125869444503,77.40913058974114,0.08119142055511475,-0.12583015859127045,0.0,0.0,0.0,
4_+861714+204006,1396.0,17.0,1740.5,1363.0,1160.5,1040.5,1123.5,1142.5,1239.0,1401.5,1329.0,1550.5,377.0,18.326215700972917,77.40913058974114,0.08374828845262527,-0.13394731283187866,0.0,0.0,0.0,
4_+861714+204007,1396.0,17.0,1740.5,1363.0,1162.0,1038.0,1113.0,1142.5,1239.0,1401.5,1335.0,1550.5,377.0,18.326305532501326,77.40913058974114,0.0906243771314621,-0.13175559043884277,0.0,0.0,0.0,
4_+861714+204008,1396.0,17.0,1663.0,1267.5,1163.0,1024.5,1110.0,1131.0,1291.0,1438.0,1361.0,1623.5,377.0,18.32639536402974,77.40913058974114,0.10163882374763489,-0.0997600108385086,0.0,0.0,0.0,
4_+861714+204009,1396.0,17.0,1663.0,1267.5,1137.0,1017.0,1071.0,1131.0,1291.0,1438.0,1404.0,1623.5,377.0,18.326485195558153,77.40913058974114,0.1345619112253189,-0.08432783931493759,0.0,0.0,0.0,
4_+861714+204010,1377.0,16.5,1373.5,1023.5,1116.5,973.5,990.0,1019.5,1163.0,1275.5,1268.5,1398.0,344.5,18.326575027086562,77.40913058974114,0.1209816187620163,-0.04135745018720627,0.0,0.0,0.0,
4_+861714+204011,1377.0,16.5,1373.5,1023.5,1115.0,974.5,959.0,1019.5,1163.0,1275.5,1134.0,1398.0,344.5,18.326664858614976,77.40913058974114,0.08378000557422638,-0.09532628208398819,0.0,0.0,0.0,
4_+861714+204012,1377.0,16.5,1205.0,934.5,1127.0,967.0,973.5,983.0,1045.0,1169.0,1089.0,1245.5,344.5,18.32675469014339,77.40913058974114,0.05629107356071472,-0.05057305097579956,0.0,0.0,0.0,
4_+861714+204013,1377.0,16.5,1205.0,934.5,1123.5,973.0,973.5,983.0,1045.0,1169.0,1085.5,1245.5,344.5,18.3268445216718,77.40913058974114,0.05467403680086136,-0.05216921493411064,0.0,0.0,0.0,
4_+861714+204014,1377.0,16.5,1174.0,934.0,1129.5,967.0,974.0,972.0,1046.5,1156.5,1084.5,1253.0,344.5,18.326934353200212,77.40913058974114,0.053915511816740036,-0.039622336626052856,0.0,0.0,0.0,
4_+861714+204015,1377.0,16.5,1174.0,934.0,1123.0,966.5,975.0,972.0,1046.5,1156.5,1083.5,1253.0,344.5,18.327024184728625,77.40913058974114,0.05296759307384491,-0.040087468922138214,0.0,0.0,0.0,
4_+861714+204016,1377.5,16.5,1153.5,913.0,1120.5,965.0,968.5,953.0,1027.0,1135.5,1072.0,1229.5,326.0,18.327114016257035,77.40913058974114,0.05081867426633835,-0.03669663891196251,0.0,0.0,0.0,
4_+861714+204017,1377.5,16.5,1153.5,913.0,1111.5,952.5,952.5,953.0,1027.0,1135.5,1064.5,1229.5,326.0,18.327203847785448,77.40913058974114,0.05585551634430885,-0.040126241743564606,0.0,0.0,0.0,
4_+861714+204018,1377.5,16.5,1160.0,912.5,1119.0,954.5,960.0,951.0,1021.0,1122.5,1064.5,1204.5,326.0,18.327293679313858,77.40913058974114,0.051910195499658585,-0.04287221282720566,0.0,0.0,0.0,
4_+861714+204019,1377.5,16.5,1160.0,912.5,1107.5,964.0,954.5,951.0,1021.0,1122.5,1063.5,1204.5,326.0,18.32738351084227,77.40913058974114,0.054253656417131424,-0.043335963040590286,0.0,0.0,0.0,
4_+861714+204020,1377.5,16.5,1273.0,977.5,1110.0,967.5,973.0,998.0,1078.5,1201.0,1084.0,1280.5,326.0,18.327473342370684,77.40913058974114,0.05403923615813255,-0.07975070178508759,0.0,0.0,0.0,
4_+861714+204021,1377.5,16.5,1273.0,977.5,1131.0,988.5,1001.5,998.0,1078.5,1201.0,1187.5,1280.5,326.0,18.327563173899094,77.40913058974114,0.0848778709769249,-0.0348513126373291,0.0,0.0,0.0,
4_+861714+204022,1396.0,17.5,1521.5,1136.0,1155.0,1046.5,1076.5,1099.5,1254.5,1360.0,1343.0,1495.0,376.5,18.327653005427507,77.40913058974114,0.11056190729141235,-0.061237454414367676,0.0,0.0,0.0,
4_+861714+204023,1396.0,17.5,1521.5,1136.0,1186.5,1064.5,1097.0,1099.5,1254.5,1360.0,1368.5,1495.0,376.5,18.32774283695592,77.40913058974114,0.10992708057165146,-0.052002131938934326,0.0,0.0,0.0,
4_+861715+204002,1382.0,16.5,1617.0,1284.0,1168.5,1042.0,1104.5,1128.0,1225.0,1378.5,1315.0,1511.0,337.0,18.325856374859267,77.40922042126955,0.08721589297056198,-0.10287223011255264,0.0,0.0,0.0,
4_+861715+204003,1382.0,16.5,1617.0,1284.0,1182.0,1050.5,1111.5,1128.0,1225.0,1378.5,1320.5,1511.0,337.0,18.32594620638768,77.40922042126955,0.0859375,-0.10083705186843872,0.0,0.0,0.0,
4_+861715+204004,1396.0,17.0,1675.0,1326.5,1183.5,1038.5,1113.5,1118.5,1230.0,1350.0,1320.0,1530.5,377.0,18.326036037916094,77.40922042126955,0.08488777279853821,-0.11849936842918396,0.0,0.0,0.0,
4_+861715+204005,1396.0,17.0,1675.0,1326.5,1173.5,1038.0,1121.0,1118.5,1230.0,1350.0,1330.5,1530.5,377.0,18.326125869444503,77.40922042126955,0.08559906482696533,-0.11458759754896164,0.0,0.0,0.0,
4_+861715+204006,1396.0,17.0,1740.5,1363.0,1167.5,1048.0,1134.0,1142.5,1239.0,1401.5,1366.0,1550.5,377.0,18.326215700972917,77.40922042126955,0.0928027331829071,-0.12041832506656647,0.0,0.0,0.0,
4_+861715+204007,1396.0,17.0,1740.5,1363.0,1178.0,1045.5,1127.5,1142.5,1239.0,1401.5,1386.5,1550.5,377.0,18.326305532501326,77.40922042126955,0.10304359346628189,-0.11307282745838165,0.0,0.0,0.0,
4_+861715+204008,1396.0,17.0,1663.0,1267.5,1166.5,1044.0,1119.0,1131.0,1291.0,1438.0,1396.0,1623.5,377.0,18.32639536402974,77.40922042126955,0.11017903685569763,-0.08716338872909546,0.0,0.0,0.0,
4_+861715+204009,1396.0,17.0,1663.0,1267.5,1166.0,1032.5,1120.0,1131.0,1291.0,1438.0,1430.5,1623.5,377.0,18.326485195558153,77.40922042126955,0.1217079907655716,-0.0750746876001358,0.0,0.0,0.0,
4_+861715+204010,1441.0,25.0,1316.0,955.0,1189.0,1023.0,1034.0,1012.0,1133.0,1250.0,1263.0,1346.0,271.0,18.326575027086562,77.40922042126955,0.09969525784254074,-0.020550601184368134,0.0,0.0,0.0,
4_+861715+204011,1377.0,16.5,1373.5,1023.5,1118.5,979.0,986.5,1019.5,1163.0,1275.5,1163.5,1398.0,344.5,18.326664858614976,77.40922042126955,0.08211003243923187,-0.08258160948753357,0.0,0.0,0.0,
4_+861715+204012,1377.0,16.5,1205.0,934.5,1125.5,969.5,996.5,983.0,1045.0,1169.0,1109.0,1245.5,344.5,18.32675469014339,77.40922042126955,0.05361170321702957,-0.041484393179416656,0.0,0.0,0.0,
4_+861715+204013,1377.0,16.5,1205.0,934.5,1124.5,971.0,983.5,983.0,1045.0,1169.0,1106.0,1245.5,344.5,18.3268445216718,77.40922042126955,0.058852680027484894,-0.04283586144447327,0.0,0.0,0.0,
4_+861715+204014,1377.0,16.5,1174.0,934.0,1117.5,962.5,981.0,972.0,1046.5,1156.5,1096.0,1253.0,344.5,18.326934353200212,77.40922042126955,0.05546804144978523,-0.03435910493135452,0.0,0.0,0.0,
4_+861715+204015,1377.0,16.5,1174.0,934.0,1120.0,971.5,975.5,972.0,1046.5,1156.5,1095.0,1253.0,344.5,18.327024184728625,77.40922042126955,0.057809580117464066,-0.034823864698410034,0.0,0.0,0.0,
4_+861715+204016,1377.5,16.5,1153.5,913.0,1120.5,972.0,961.5,953.0,1027.0,1135.5,1062.0,1229.5,326.0,18.327114016257035,77.40922042126955,0.04974306747317314,-0.04134158045053482,0.0,0.0,0.0,
4_+861715+204017,1377.5,16.5,1153.5,913.0,1107.5,952.5,958.0,953.0,1027.0,1135.5,1062.0,1229.5,326.0,18.327203847785448,77.40922042126955,0.051746536046266556,-0.04130074754357338,0.0,0.0,0.0,
4_+861715+204018,1377.5,16.5,1160.0,912.5,1115.5,962.5,962.0,951.0,1021.0,1122.5,1071.5,1204.5,326.0,18.327293679313858,77.40922042126955,0.05420254170894623,-0.039638079702854156,0.0,0.0,0.0,
4_+861715+204019,1377.5,16.5,1160.0,912.5,1116.0,962.0,965.0,951.0,1021.0,1122.5,1072.5,1204.5,326.0,18.32738351084227,77.40922042126955,0.05324755236506462,-0.039138101041316986,0.0,0.0,0.0,
4_+861715+204020,1377.5,16.5,1273.0,977.5,1116.5,963.5,967.5,998.0,1078.5,1201.0,1083.5,1280.5,326.0,18.327473342370684,77.40922042126955,0.05685722455382347,-0.07989711314439774,0.0,0.0,0.0,
4_+861715+204021,1377.5,16.5,1273.0,977.5,1122.5,979.5,979.5,998.0,1078.5,1201.0,1128.0,1280.5,326.0,18.327563173899094,77.40922042126955,0.07114703953266144,-0.06002424657344818,0.0,0.0,0.0,
4_+861715+204022,1396.0,17.5,1521.5,1136.0,1155.0,1031.5,1053.5,1099.5,1254.5,1360.0,1260.0,1495.0,376.5,18.327653005427507,77.40922042126955,0.08995631337165833,-0.0935899019241333,0.0,0.0,0.0,
4_+861715+204023,1396.0,17.5,1521.5,1136.0,1182.0,1067.0,1103.0,1099.5,1254.5,1360.0,1349.5,1495.0,376.5,18.32774283695592,77.40922042126955,0.100262351334095,-0.058978378772735596,0.0,0.0,0.0,
4_+861716+204002,1382.0,16.5,1659.0,1304.0,1160.5,1038.5,1103.0,1120.0,1250.0,1371.0,1332.0,1549.5,337.0,18.325856374859267,77.40931025279797,0.09397207945585251,-0.10910365730524063,0.0,0.0,0.0,
4_+861716+204003,1382.0,16.5,1659.0,1304.0,1170.0,1041.5,1109.5,1120.0,1250.0,1371.0,1315.0,1549.5,337.0,18.32594620638768,77.40931025279797,0.08465557545423508,-0.1154487133026123,0.0,0.0,0.0,
4_+861716+204004,1396.0,17.0,1759.5,1371.5,1169.5,1037.5,1114.0,1142.0,1256.5,1394.0,1307.5,1560.0,377.0,18.326036037916094,77.40931025279797,0.07994004338979721,-0.1473507583141327,0.0,0.0,0.0,
4_+861716+204005,1396.0,17.0,1759.5,1371.5,1168.0,1045.5,1125.5,1142.0,1256.5,1394.0,1350.0,1560.0,377.0,18.326125869444503,77.40931025279797,0.09070995450019836,-0.1316790133714676,0.0,0.0,0.0,
4_+861716+204006,1396.0,17.0,1819.0,1411.5,1172.5,1050.5,1142.5,1160.5,1258.0,1419.5,1370.5,1607.5,377.0,18.326215700972917,77.40931025279797,0.09065841138362885,-0.14052879810333252,0.0,0.0,0.0,
4_+861716+204007,1396.0,17.0,1819.0,1411.5,1166.0,1043.5,1137.0,1160.5,1258.0,1419.5,1401.0,1607.5,377.0,18.326305532501326,77.40931025279797,0.10394176095724106,-0.1297324001789093,0.0,0.0,0.0,
4_+861716+204008,1396.0,17.0,1795.0,1360.0,1168.0,1047.0,1139.0,1164.5,1315.0,1466.5,1404.5,1671.5,377.0,18.32639536402974,77.40931025279797,0.10444311797618866,-0.1220548152923584,0.0,0.0,0.0,
4_+861716+204009,1396.0,17.0,1795.0,1360.0,1171.0,1052.0,1136.0,1164.5,1315.0,1466.5,1446.5,1671.5,377.0,18.326485195558153,77.40931025279797,0.12024819850921631,-0.10749872773885727,0.0,0.0,0.0,
4_+861716+204010,1377.0,16.5,1477.5,1092.5,1132.5,992.5,1031.0,1064.5,1205.0,1396.0,1353.5,1491.0,344.5,18.326575027086562,77.40931025279797,0.13395388424396515,-0.04415382817387581,0.0,0.0,0.0,
4_+861716+204011,1377.0,16.5,1477.5,1092.5,1107.0,969.5,969.5,1064.5,1205.0,1396.0,1142.0,1491.0,344.5,18.326664858614976,77.40931025279797,0.08142318576574326,-0.12782862782478333,0.0,0.0,0.0,
4_+861716+204012,1377.0,16.5,1229.0,970.5,1125.0,986.0,973.0,972.5,1072.0,1171.5,1100.0,1307.5,344.5,18.32675469014339,77.40931025279797,0.061566099524497986,-0.05536597967147827,0.0,0.0,0.0,
4_+861716+204013,1377.0,16.5,1229.0,970.5,1124.5,979.0,988.5,972.5,1072.0,1171.5,1109.0,1307.5,344.5,18.3268445216718,77.40931025279797,0.05771653726696968,-0.05129319429397583,0.0,0.0,0.0,
4_+861716+204014,1377.0,16.5,1253.0,983.0,1114.5,974.0,991.5,988.5,1071.5,1171.0,1110.0,1273.5,344.5,18.326934353200212,77.40931025279797,0.056556299328804016,-0.06050805002450943,0.0,0.0,0.0,
4_+861716+204015,1377.0,16.5,1253.0,983.0,1127.0,977.0,989.0,988.5,1071.5,1171.0,1108.5,1273.5,344.5,18.327024184728625,77.40931025279797,0.0571347177028656,-0.06119738519191742,0.0,0.0,0.0,
4_+861716+204016,1377.5,16.5,1244.5,973.0,1130.0,967.5,980.5,1000.0,1047.0,1160.0,1085.5,1241.0,326.0,18.327114016257035,77.40931025279797,0.05092737451195717,-0.06828155368566513,0.0,0.0,0.0,
4_+861716+204017,1377.5,16.5,1244.5,973.0,1123.5,961.0,970.5,1000.0,1047.0,1160.0,1067.0,1241.0,326.0,18.327203847785448,77.40931025279797,0.04741198942065239,-0.07684163004159927,0.0,0.0,0.0,
4_+861716+204018,1377.5,16.5,1210.0,960.5,1116.5,955.5,961.5,972.5,1040.0,1147.0,1063.0,1242.5,326.0,18.327293679313858,77.40931025279797,0.05041016638278961,-0.06467963010072708,0.0,0.0,0.0,
4_+861716+204019,1377.5,16.5,1210.0,960.5,1115.5,954.5,958.0,972.5,1040.0,1147.0,1059.0,1242.5,326.0,18.32738351084227,77.40931025279797,0.050355877727270126,-0.06655074656009674,0.0,0.0,0.0,
4_+861716+204020,1377.5,16.5,1282.5,999.0,1117.5,954.0,955.5,979.0,1092.0,1178.0,1066.5,1305.5,326.0,18.327473342370684,77.40931025279797,0.05510299280285835,-0.09191281348466873,0.0,0.0,0.0,
4_+861716+204021,1377.5,16.5,1282.5,999.0,1120.5,965.5,974.0,979.0,1092.0,1178.0,1095.0,1305.5,326.0,18.327563173899094,77.40931025279797,0.05873452126979828,-0.07881414890289307,0.0,0.0,0.0,
4_+861716+204022,1396.0,17.5,1508.0,1144.0,1134.0,997.5,1012.0,1115.0,1203.0,1356.0,1165.0,1447.5,376.5,18.327653005427507,77.40931025279797,0.07072848081588745,-0.12848451733589172,0.0,0.0,0.0,
4_+861716+204023,1396.0,17.5,1508.0,1144.0,1185.0,1052.0,1070.0,1115.0,1203.0,1356.0,1293.5,1447.5,376.5,18.32774283695592,77.40931025279797,0.09465374052524567,-0.07617412507534027,0.0,0.0,0.0,
4_+861716+204024,1396.0,17.5,1692.0,1255.5,1179.5,1049.5,1072.0,1117.0,1283.0,1419.5,1346.5,1571.5,376.5,18.32783266848433,77.40931025279797,0.11298640817403793,-0.11340726912021637,0.0,0.0,0.0,
4_+861717+204002,1382.0,16.5,1659.0,1304.0,1173.0,1055.5,1120.0,1120.0,1250.0,1371.0,1394.5,1549.5,337.0,18.325856374859267,77.40940008432638,0.10928919911384583,-0.0863352119922638,0.0,0.0,0.0,
4_+861717+204003,1382.0,16.5,1659.0,1304.0,1176.0,1056.5,1140.5,1120.0,1250.0,1371.0,1361.0,1549.5,337.0,18.32594620638768,77.40940008432638,0.08806988596916199,-0.09842415153980255,0.0,0.0,0.0,
4_+861717+204004,1396.0,17.0,1759.5,1371.5,1179.0,1060.0,1129.0,1142.0,1256.5,1394.0,1341.5,1560.0,377.0,18.326036037916094,77.40940008432638,0.08599130064249039,-0.1347871720790863,0.0,0.0,0.0,
4_+861717+204005,1396.0,17.0,1759.5,1371.5,1173.5,1066.0,1127.5,1142.0,1256.5,1394.0,1360.0,1560.0,377.0,18.326125869444503,77.40940008432638,0.09351706504821777,-0.12803582847118378,0.0,0.0,0.0,
4_+861717+204006,1396.0,17.0,1819.0,1411.5,1172.5,1057.5,1132.0,1160.5,1258.0,1419.5,1363.5,1607.5,377.0,18.326215700972917,77.40940008432638,0.0928386002779007,-0.1430017501115799,0.0,0.0,0.0,
4_+861717+204007,1396.0,17.0,1819.0,1411.5,1178.5,1048.5,1139.5,1160.5,1258.0,1419.5,1395.5,1607.5,377.0,18.326305532501326,77.40940008432638,0.10104364901781082,-0.1316242218017578,0.0,0.0,0.0,
4_+861717+204008,1396.0,17.0,1795.0,1360.0,1176.5,1048.0,1152.5,1164.5,1315.0,1466.5,1413.5,1671.5,377.0,18.32639536402974,77.40940008432638,0.101798877120018,-0.1188967376947403,0.0,0.0,0.0,
4_+861717+204009,1396.0,17.0,1795.0,1360.0,1171.0,1069.0,1143.5,1164.5,1315.0,1466.5,1495.5,1671.5,377.0,18.326485195558153,77.40940008432638,0.13315349817276,-0.09118358790874481,0.0,0.0,0.0,
4_+861717+204010,1441.0,25.0,1388.0,1016.0,1189.0,1030.0,1015.0,1043.0,1155.0,1335.0,1388.0,1424.0,271.0,18.326575027086562,77.40940008432638,0.15522263944149017,0.0,0.0,0.0,0.0,
4_+861717+204011,1377.0,16.5,1477.5,1092.5,1123.5,981.5,972.5,1064.5,1205.0,1396.0,1299.0,1491.0,344.5,18.326664858614976,77.40940008432638,0.13989806175231934,-0.06670873612165451,0.0,0.0,0.0,
4_+861717+204012,1377.0,16.5,1229.0,970.5,1127.5,979.0,1000.0,972.5,1072.0,1171.5,1128.0,1307.5,344.5,18.32675469014339,77.40940008432638,0.060310427099466324,-0.042834460735321045,0.0,0.0,0.0,
4_+861717+204013,1377.0,16.5,1229.0,970.5,1138.0,976.5,997.0,972.5,1072.0,1171.5,1110.0,1307.5,344.5,18.3268445216718,77.40940008432638,0.05376778542995453,-0.050842687487602234,0.0,0.0,0.0,
4_+861717+204014,1377.0,16.5,1253.0,983.0,1127.5,983.5,990.5,988.5,1071.5,1171.0,1117.5,1273.5,344.5,18.326934353200212,77.40940008432638,0.06040390208363533,-0.057157620787620544,0.0,0.0,0.0,
4_+861717+204015,1377.0,16.5,1253.0,983.0,1128.0,977.0,986.0,988.5,1071.5,1171.0,1117.5,1273.5,344.5,18.327024184728625,77.40940008432638,0.06264304369688034,-0.057157620787620544,0.0,0.0,0.0,
4_+861717+204016,1377.5,16.5,1244.5,973.0,1120.0,964.5,984.0,1000.0,1047.0,1160.0,1098.5,1241.0,326.0,18.327114016257035,77.40940008432638,0.055063240230083466,-0.062323518097400665,0.0,0.0,0.0,
4_+861717+204017,1377.5,16.5,1244.5,973.0,1126.0,974.0,967.0,1000.0,1047.0,1160.0,1069.5,1241.0,326.0,18.327203847785448,77.40940008432638,0.05047599971294403,-0.0756443440914154,0.0,0.0,0.0,
4_+861717+204018,1377.5,16.5,1210.0,960.5,1119.0,966.5,964.5,972.5,1040.0,1147.0,1082.0,1242.5,326.0,18.327293679313858,77.40940008432638,0.057500261813402176,-0.055962540209293365,0.0,0.0,0.0,
4_+861717+204019,1377.5,16.5,1210.0,960.5,1123.0,972.5,970.5,972.5,1040.0,1147.0,1092.0,1242.5,326.0,18.32738351084227,77.40940008432638,0.059084825217723846,-0.051266852766275406,0.0,0.0,0.0,
4_+861717+204020,1377.5,16.5,1282.5,999.0,1131.0,980.0,996.5,979.0,1092.0,1178.0,1110.5,1305.5,326.0,18.327473342370684,77.40940008432638,0.05427158623933792,-0.07183171808719635,0.0,0.0,0.0,
4_+861717+204021,1377.5,16.5,1282.5,999.0,1127.5,979.0,1008.5,979.0,1092.0,1178.0,1136.0,1305.5,326.0,18.327563173899094,77.40940008432638,0.059537600725889206,-0.06057777255773544,0.0,0.0,0.0,
4_+861717+204022,1396.0,17.5,1508.0,1144.0,1138.5,1000.5,1052.5,1115.0,1203.0,1356.0,1212.5,1447.5,376.5,18.327653005427507,77.40940008432638,0.07113321870565414,-0.10818570852279663,0.0,0.0,0.0,
4_+861717+204023,1396.0,17.5,1508.0,1144.0,1201.5,1086.0,1148.0,1115.0,1203.0,1356.0,1346.0,1447.5,376.5,18.32774283695592,77.40940008432638,0.07961885631084442,-0.0563780777156353,0.0,0.0,0.0,
4_+861717+204024,1396.0,17.5,1692.0,1255.5,1211.5,1085.5,1151.5,1117.0,1283.0,1419.5,1382.0,1571.5,376.5,18.32783266848433,77.40940008432638,0.09039465337991714,-0.10096855461597443,0.0,0.0,0.0,
4_+861717+204025,1396.0,17.5,1692.0,1255.5,1152.5,1011.5,1047.0,1117.0,1283.0,1419.5,1317.5,1571.5,376.5,18.327922500012743,77.40940008432638,0.11439210176467896,-0.12383367121219635,0.0,0.0,0.0,
4_+861718+204002,1382.0,16.5,1815.5,1363.0,1169.5,1060.0,1129.0,1220.5,1374.5,1505.5,1386.5,1655.5,337.0,18.325856374859267,77.40948991585479,0.10242239385843277,-0.1338004767894745,0.0,0.0,0.0,
4_+861718+204003,1382.0,16.5,1815.5,1363.0,1192.0,1081.5,1174.5,1220.5,1374.5,1505.5,1384.5,1655.5,337.0,18.32594620638768,77.40948991585479,0.08184804767370224,-0.13451041281223297,0.0,0.0,0.0,
4_+861718+204004,1396.0,17.0,1839.0,1413.5,1173.0,1054.0,1140.0,1224.5,1333.5,1507.5,1379.0,1661.0,377.0,18.326036037916094,77.40948991585479,0.09470348060131073,-0.1430477499961853,0.0,0.0,0.0,
4_+861718+204005,1396.0,17.0,1839.0,1413.5,1172.0,1043.5,1146.0,1224.5,1333.5,1507.5,1357.5,1661.0,377.0,18.326125869444503,77.40948991585479,0.08447100222110748,-0.15061193704605103,0.0,0.0,0.0,
4_+861718+204006,1396.0,17.0,1875.0,1463.5,1180.5,1057.0,1152.0,1207.0,1351.5,1501.5,1387.0,1732.0,377.0,18.326215700972917,77.40948991585479,0.09257339686155319,-0.14956295490264893,0.0,0.0,0.0,
4_+861718+204007,1396.0,17.0,1875.0,1463.5,1188.5,1062.0,1151.5,1207.0,1351.5,1501.5,1400.0,1732.0,377.0,18.326305532501326,77.40948991585479,0.0972212627530098,-0.14511653780937195,0.0,0.0,0.0,
4_+861718+204008,1396.0,17.0,1923.0,1445.5,1194.0,1064.0,1148.0,1226.5,1372.0,1550.0,1410.0,1734.5,377.0,18.32639536402974,77.40948991585479,0.10229907929897308,-0.15401196479797363,0.0,0.0,0.0,
4_+861718+204009,1396.0,17.0,1923.0,1445.5,1189.0,1063.0,1167.0,1226.5,1372.0,1550.0,1449.5,1734.5,377.0,18.326485195558153,77.40948991585479,0.10796920955181122,-0.14040058851242065,0.0,0.0,0.0,
4_+861718+204010,1377.0,16.5,1778.0,1298.0,1172.5,1048.0,1133.5,1205.0,1332.5,1499.5,1452.0,1678.0,344.5,18.326575027086562,77.40948991585479,0.12302175164222717,-0.10095089673995972,0.0,0.0,0.0,
4_+861718+204011,1377.0,16.5,1778.0,1298.0,1153.5,1008.5,1061.0,1205.0,1332.5,1499.5,1258.5,1678.0,344.5,18.326664858614976,77.40948991585479,0.08394870162010193,-0.17201849818229675,0.0,0.0,0.0,
4_+861718+204012,1377.0,16.5,1620.0,1199.5,1143.0,1010.5,1020.0,1155.0,1272.0,1401.0,1178.0,1528.0,344.5,18.32675469014339,77.40948991585479,0.0718010812997818,-0.15805411338806152,0.0,0.0,0.0,
4_+861718+204013,1377.0,16.5,1620.0,1199.5,1137.0,1008.0,1047.0,1155.0,1272.0,1401.0,1219.5,1528.0,344.5,18.3268445216718,77.40948991585479,0.07595615088939667,-0.14116880297660828,0.0,0.0,0.0,
4_+861718+204014,1377.0,16.5,1557.5,1183.5,1162.0,1010.5,1077.0,1117.0,1259.0,1413.0,1235.5,1522.5,344.5,18.326934353200212,77.40948991585479,0.06851345300674438,-0.11533781886100769,0.0,0.0,0.0,
4_+861718+204015,1377.0,16.5,1557.5,1183.5,1171.5,1050.5,1080.0,1117.0,1259.0,1413.0,1243.5,1522.5,344.5,18.327024184728625,77.40948991585479,0.0700506642460823,-0.11241202801465988,0.0,0.0,0.0,
4_+861718+204016,1377.5,16.5,1546.5,1191.5,1172.5,1057.0,1107.5,1123.5,1250.5,1391.5,1296.5,1545.5,326.0,18.327114016257035,77.40948991585479,0.07791650295257568,-0.08853378891944885,0.0,0.0,0.0,
4_+861718+204017,1377.5,16.5,1546.5,1191.5,1163.5,1040.5,1139.0,1123.5,1250.5,1391.5,1310.0,1545.5,326.0,18.327203847785448,77.40948991585479,0.06983543932437897,-0.08292204141616821,0.0,0.0,0.0,
4_+861718+204018,1377.5,16.5,1544.0,1165.5,1150.5,1017.5,1076.5,1109.0,1261.0,1413.0,1292.5,1552.0,326.0,18.327293679313858,77.40948991585479,0.09112104028463364,-0.08876553922891617,0.0,0.0,0.0,
4_+861718+204019,1377.5,16.5,1544.0,1165.5,1151.5,1006.5,1035.5,1109.0,1261.0,1413.0,1276.5,1552.0,326.0,18.32738351084227,77.40948991585479,0.10444702208042145,-0.09484542161226273,0.0,0.0,0.0,
4_+861718+204020,1377.5,16.5,1553.0,1200.5,1164.5,1048.5,1088.5,1117.5,1239.0,1389.5,1345.5,1495.5,326.0,18.327473342370684,77.40948991585479,0.10556235164403915,-0.07158556580543518,0.0,0.0,0.0,
4_+861718+204021,1377.5,16.5,1553.0,1200.5,1176.5,1047.5,1141.0,1117.5,1239.0,1389.5,1357.5,1495.5,326.0,18.327563173899094,77.40948991585479,0.08665983378887177,-0.06711393594741821,0.0,0.0,0.0,
4_+861718+204022,1396.0,17.5,1633.0,1264.0,1190.5,1089.0,1153.0,1144.0,1270.5,1402.5,1362.0,1576.5,376.5,18.327653005427507,77.40948991585479,0.08325659483671188,-0.09032125771045685,0.0,0.0,0.0,
4_+861718+204023,1396.0,17.5,1633.0,1264.0,1208.0,1098.5,1197.0,1144.0,1270.5,1402.5,1421.5,1576.5,376.5,18.32774283695592,77.40948991585479,0.08583496510982513,-0.06909249722957611,0.0,0.0,0.0,
4_+861718+204024,1396.0,17.5,1747.5,1275.5,1194.0,1076.5,1155.5,1131.0,1302.0,1457.0,1445.0,1615.5,376.5,18.32783266848433,77.40948991585479,0.11122526228427887,-0.09492619335651398,0.0,0.0,0.0,
4_+861718+204025,1396.0,17.5,1692.0,1255.5,1152.5,1011.5,1047.0,1117.0,1283.0,1419.5,1317.5,1571.5,376.5,18.327922500012743,77.40948991585479,0.11439210176467896,-0.12383367121219635,0.0,0.0,0.0,
4_+861719+204002,1382.0,16.5,1815.5,1363.0,1198.5,1094.5,1203.5,1220.5,1374.5,1505.5,1583.0,1655.5,337.0,18.325856374859267,77.4095797473832,0.13625766336917877,-0.06817696988582611,0.0,0.0,0.0,
4_+861719+204003,1382.0,16.5,1815.5,1363.0,1234.0,1129.0,1253.5,1220.5,1374.5,1505.5,1555.0,1655.5,337.0,18.32594620638768,77.4095797473832,0.10679280757904053,-0.07744456082582474,0.0,0.0,0.0,
4_+861719+204004,1396.0,17.0,1839.0,1413.5,1220.5,1128.0,1228.0,1224.5,1333.5,1507.5,1491.0,1661.0,377.0,18.326036037916094,77.4095797473832,0.09662758558988571,-0.10454873740673065,0.0,0.0,0.0,
4_+861719+204005,1396.0,17.0,1839.0,1413.5,1217.5,1122.0,1221.5,1224.5,1333.5,1507.5,1484.0,1661.0,377.0,18.326125869444503,77.4095797473832,0.09689544141292572,-0.10689900815486908,0.0,0.0,0.0,
4_+861719+204006,1396.0,17.0,1875.0,1463.5,1232.0,1124.5,1244.5,1207.0,1351.5,1501.5,1541.0,1732.0,377.0,18.326215700972917,77.4095797473832,0.10617575794458389,-0.09793681651353836,0.0,0.0,0.0,
4_+861719+204007,1396.0,17.0,1875.0,1463.5,1222.5,1118.5,1275.5,1207.0,1351.5,1501.5,1567.5,1732.0,377.0,18.326305532501326,77.4095797473832,0.10255610942840576,-0.08945469558238983,0.0,0.0,0.0,
4_+861719+204008,1396.0,17.0,1923.0,1445.5,1221.0,1120.0,1252.5,1226.5,1372.0,1550.0,1550.0,1734.5,377.0,18.32639536402974,77.4095797473832,0.10602288693189621,-0.10750988125801086,0.0,0.0,0.0,
4_+861719+204009,1396.0,17.0,1923.0,1445.5,1222.0,1118.0,1234.0,1226.5,1372.0,1550.0,1534.0,1734.5,377.0,18.326485195558153,77.4095797473832,0.10820350795984268,-0.11266404390335083,0.0,0.0,0.0,
4_+861719+204010,1377.0,16.5,1778.0,1298.0,1213.0,1102.5,1209.0,1205.0,1332.5,1499.5,1526.5,1678.0,344.5,18.326575027086562,77.4095797473832,0.11580777168273926,-0.07617226243019104,0.0,0.0,0.0,
4_+861719+204011,1377.0,16.5,1778.0,1298.0,1205.5,1097.0,1219.0,1205.0,1332.5,1499.5,1492.0,1678.0,344.5,18.326664858614976,77.4095797473832,0.10039044171571732,-0.08758419752120972,0.0,0.0,0.0,
4_+861719+204012,1377.0,16.5,1620.0,1199.5,1227.0,1112.0,1251.5,1155.0,1272.0,1401.0,1497.0,1528.0,344.5,18.32675469014339,77.4095797473832,0.08912769705057144,-0.03962560370564461,0.0,0.0,0.0,
4_+861719+204013,1377.0,16.5,1620.0,1199.5,1230.5,1137.0,1218.0,1155.0,1272.0,1401.0,1473.5,1528.0,344.5,18.3268445216718,77.4095797473832,0.09462026506662369,-0.04762057214975357,0.0,0.0,0.0,
4_+861719+204014,1377.0,16.5,1557.5,1183.5,1200.5,1088.5,1178.5,1117.0,1259.0,1413.0,1459.5,1522.5,344.5,18.326934353200212,77.4095797473832,0.10570137947797775,-0.03320079669356346,0.0,0.0,0.0,
4_+861719+204015,1377.0,16.5,1557.5,1183.5,1200.5,1084.5,1191.5,1117.0,1259.0,1413.0,1410.0,1522.5,344.5,18.327024184728625,77.4095797473832,0.08414948731660843,-0.04970892518758774,0.0,0.0,0.0,
4_+861719+204016,1377.5,16.5,1546.5,1191.5,1231.5,1118.5,1185.0,1123.5,1250.5,1391.5,1397.5,1545.5,326.0,18.327114016257035,77.4095797473832,0.08261285722255707,-0.05061923712491989,0.0,0.0,0.0,
4_+861719+204017,1377.5,16.5,1546.5,1191.5,1212.0,1110.5,1162.0,1123.5,1250.5,1391.5,1419.5,1545.5,326.0,18.327203847785448,77.4095797473832,0.09967856854200363,-0.04290182888507843,0.0,0.0,0.0,
4_+861719+204018,1377.5,16.5,1544.0,1165.5,1170.5,1054.5,1120.5,1109.0,1261.0,1413.0,1435.0,1552.0,326.0,18.327293679313858,77.4095797473832,0.12293202430009842,-0.036762211471796036,0.0,0.0,0.0,
4_+861719+204019,1377.5,16.5,1544.0,1165.5,1149.5,1034.5,1088.5,1109.0,1261.0,1413.0,1429.5,1552.0,326.0,18.32738351084227,77.4095797473832,0.13559268414974213,-0.03865785524249077,0.0,0.0,0.0,
4_+861719+204020,1377.5,16.5,1553.0,1200.5,1176.0,1051.5,1124.0,1117.5,1239.0,1389.5,1363.0,1495.5,326.0,18.327473342370684,77.4095797473832,0.09613332897424698,-0.06520036607980728,0.0,0.0,0.0,
4_+861719+204021,1377.5,16.5,1553.0,1200.5,1176.5,1047.5,1141.0,1117.5,1239.0,1389.5,1357.5,1495.5,326.0,18.327563173899094,77.4095797473832,0.08665983378887177,-0.06711393594741821,0.0,0.0,0.0,
4_+861719+204022,1396.0,17.5,1633.0,1264.0,1190.5,1089.0,1153.0,1144.0,1270.5,1402.5,1362.0,1576.5,376.5,18.327653005427507,77.4095797473832,0.08325659483671188,-0.09032125771045685,0.0,0.0,0.0,
4_+861719+204023,1396.0,17.5,1633.0,1264.0,1208.0,1098.5,1197.0,1144.0,1270.5,1402.5,1421.5,1576.5,376.5,18.32774283695592,77.4095797473832,0.08583496510982513,-0.06909249722957611,0.0,0.0,0.0,
4_+861719+204024,1396.0,17.5,1747.5,1275.5,1194.0,1076.5,1155.5,1131.0,1302.0,1457.0,1445.0,1615.5,376.5,18.32783266848433,77.4095797473832,0.11122526228427887,-0.09492619335651398,0.0,0.0,0.0,
4_+861719+204025,1396.0,17.5,1747.5,1275.5,1154.0,1017.0,1036.5,1131.0,1302.0,1457.0,1376.5,1615.5,376.5,18.327922500012743,77.4095797473832,0.14023976027965546,-0.11922429502010345,0.0,0.0,0.0,
4_+861720+204002,1393.0,17.5,1741.0,1332.0,1200.0,1104.5,1179.0,1176.0,1313.5,1478.5,1519.0,1634.5,358.0,18.325856374859267,77.40966957891162,0.12624290585517883,-0.06796698272228241,0.0,0.0,0.0,
4_+861720+204003,1393.0,17.5,1741.0,1332.0,1208.0,1098.0,1192.5,1176.0,1313.5,1478.5,1471.5,1634.5,358.0,18.32594620638768,77.40966957891162,0.10446903854608536,-0.08393155038356781,0.0,0.0,0.0,
4_+861720+204004,1416.0,17.5,1793.0,1374.5,1195.5,1078.5,1192.5,1193.0,1303.5,1470.5,1432.0,1634.0,390.0,18.326036037916094,77.40966957891162,0.09135358780622482,-0.11189235001802444,0.0,0.0,0.0,
4_+861720+204005,1416.0,17.5,1793.0,1374.5,1192.0,1083.5,1202.5,1193.0,1303.5,1470.5,1438.5,1634.0,390.0,18.326125869444503,77.40966957891162,0.08962354063987732,-0.10978526622056961,0.0,0.0,0.0,
4_+861720+204006,1416.0,17.5,1851.0,1413.5,1212.0,1106.0,1200.5,1216.0,1328.5,1470.0,1459.5,1631.0,390.0,18.326215700972917,77.40966957891162,0.09761656820774078,-0.11810901015996933,0.0,0.0,0.0,
4_+861720+204007,1416.0,17.5,1851.0,1413.5,1209.5,1109.5,1207.0,1216.0,1328.5,1470.0,1475.0,1631.0,390.0,18.326305532501326,77.40966957891162,0.1000702828168869,-0.11284807324409485,0.0,0.0,0.0,
4_+861720+204008,1416.0,17.5,1892.0,1452.0,1209.0,1096.0,1210.5,1236.5,1347.0,1528.5,1478.0,1689.0,390.0,18.32639536402974,77.40966957891162,0.09959863126277924,-0.12267390638589859,0.0,0.0,0.0,
4_+861720+204009,1416.0,17.5,1892.0,1452.0,1201.5,1097.5,1219.0,1236.5,1347.0,1528.5,1496.5,1689.0,390.0,18.326485195558153,77.40966957891162,0.10236456245183945,-0.11661766469478607,0.0,0.0,0.0,
4_+861720+204010,1410.0,17.0,1927.0,1458.0,1228.5,1121.0,1254.5,1235.0,1392.0,1540.0,1539.0,1763.5,394.0,18.326575027086562,77.40966957891162,0.10189189016819,-0.11191199719905853,0.0,0.0,0.0,
4_+861720+204011,1410.0,17.0,1927.0,1458.0,1238.5,1136.0,1230.0,1235.0,1392.0,1540.0,1513.5,1763.5,394.0,18.326664858614976,77.40966957891162,0.10333273559808731,-0.1201777458190918,0.0,0.0,0.0,
4_+861720+204012,1410.0,17.0,1871.5,1375.5,1225.0,1124.5,1228.5,1235.5,1407.0,1614.0,1539.0,1793.0,394.0,18.32675469014339,77.40966957891162,0.11216791719198227,-0.09753914177417755,0.0,0.0,0.0,
4_+861720+204013,1410.0,17.0,1871.5,1375.5,1186.5,1094.0,1170.5,1235.5,1407.0,1614.0,1585.0,1793.0,394.0,18.3268445216718,77.40966957891162,0.15043014287948608,-0.08295692503452301,0.0,0.0,0.0,
4_+861720+204014,1410.0,17.0,1740.5,1296.5,1141.0,1043.5,1046.0,1178.0,1375.0,1540.5,1565.0,1738.0,394.0,18.326934353200212,77.40966957891162,0.1978975087404251,-0.053803700953722,0.0,0.0,0.0,
4_+861720+204015,1410.0,17.0,1740.5,1296.5,1145.0,1038.5,1039.5,1178.0,1375.0,1540.5,1401.0,1738.0,394.0,18.327024184728625,77.40966957891162,0.1479458212852478,-0.10891004651784897,0.0,0.0,0.0,
4_+861720+204016,1399.0,17.0,1651.5,1288.5,1168.5,1043.5,1130.5,1138.0,1260.5,1405.5,1335.0,1552.0,372.0,18.327114016257035,77.40966957891162,0.08312246948480606,-0.10597074031829834,0.0,0.0,0.0,
4_+861720+204017,1377.5,16.5,1546.5,1191.5,1212.0,1110.5,1162.0,1123.5,1250.5,1391.5,1419.5,1545.5,326.0,18.327203847785448,77.40966957891162,0.09967856854200363,-0.04290182888507843,0.0,0.0,0.0,
4_+861720+204018,1377.5,16.5,1544.0,1165.5,1170.5,1054.5,1120.5,1109.0,1261.0,1413.0,1435.0,1552.0,326.0,18.327293679313858,77.40966957891162,0.12293202430009842,-0.036762211471796036,0.0,0.0,0.0,
4_+861720+204019,1377.5,16.5,1544.0,1165.5,1149.5,1034.5,1088.5,1109.0,1261.0,1413.0,1429.5,1552.0,326.0,18.32738351084227,77.40966957891162,0.13559268414974213,-0.03865785524249077,0.0,0.0,0.0,
4_+861720+204020,1377.5,16.5,1553.0,1200.5,1176.0,1051.5,1124.0,1117.5,1239.0,1389.5,1363.0,1495.5,326.0,18.327473342370684,77.40966957891162,0.09613332897424698,-0.06520036607980728,0.0,0.0,0.0,
4_+861720+204021,1377.5,16.5,1553.0,1200.5,1178.5,1037.0,1102.0,1117.5,1239.0,1389.5,1318.5,1495.5,326.0,18.327563173899094,77.40966957891162,0.08948469161987305,-0.08161844313144684,0.0,0.0,0.0,
4_+861720+204022,1396.0,17.5,1633.0,1264.0,1157.5,1031.5,1104.5,1144.0,1270.5,1402.5,1313.5,1576.5,376.5,18.327653005427507,77.40966957891162,0.0866282731294632,-0.10827898979187012,0.0,0.0,0.0,
4_+861720+204023,1396.0,17.5,1633.0,1264.0,1171.0,1044.0,1115.0,1144.0,1270.5,1402.5,1353.0,1576.5,376.5,18.32774283695592,77.40966957891162,0.09671329706907272,-0.09360223263502121,0.0,0.0,0.0,
4_+861720+204024,1396.0,17.5,1747.5,1275.5,1162.0,1033.0,1095.0,1131.0,1302.0,1457.0,1381.0,1615.5,376.5,18.32783266848433,77.40966957891162,0.11553006619215012,-0.11705223470926285,0.0,0.0,0.0,
4_+861720+204025,1396.0,17.5,1747.5,1275.5,1148.5,997.5,1039.5,1131.0,1302.0,1457.0,1346.5,1615.5,376.5,18.327922500012743,77.40966957891162,0.1285231113433838,-0.1296801120042801,0.0,0.0,0.0,
4_+861721+204002,1393.0,17.5,1741.0,1332.0,1176.0,1035.5,1107.5,1176.0,1313.5,1478.5,1316.0,1634.5,358.0,18.325856374859267,77.40975941044002,0.08612076193094254,-0.13892802596092224,0.0,0.0,0.0,
4_+861721+204003,1393.0,17.5,1741.0,1332.0,1171.0,1031.5,1121.0,1176.0,1313.5,1478.5,1306.5,1634.5,358.0,18.32594620638768,77.40975941044002,0.07641331106424332,-0.1424083411693573,0.0,0.0,0.0,
4_+861721+204004,1416.0,17.5,1793.0,1374.5,1168.0,1042.0,1088.0,1193.0,1303.5,1470.5,1280.5,1634.0,390.0,18.326036037916094,77.40975941044002,0.08125559240579605,-0.16669373214244843,0.0,0.0,0.0,
4_+861721+204005,1416.0,17.5,1793.0,1374.5,1171.0,1036.5,1096.0,1193.0,1303.5,1470.5,1317.5,1634.0,390.0,18.326125869444503,77.40975941044002,0.09190169721841812,-0.1527952402830124,0.0,0.0,0.0,
4_+861721+204006,1416.0,17.5,1851.0,1413.5,1177.5,1052.5,1126.0,1216.0,1328.5,1470.0,1353.5,1631.0,390.0,18.326215700972917,77.40975941044002,0.09180505573749542,-0.15505275130271912,0.0,0.0,0.0,
4_+861721+204007,1416.0,17.5,1851.0,1413.5,1174.0,1048.5,1141.0,1216.0,1328.5,1470.0,1368.5,1631.0,390.0,18.326305532501326,77.40975941044002,0.09066280722618103,-0.14966528117656708,0.0,0.0,0.0,
4_+861721+204008,1416.0,17.5,1892.0,1452.0,1176.5,1065.5,1152.5,1236.5,1347.0,1528.5,1372.5,1689.0,390.0,18.32639536402974,77.40975941044002,0.08727748692035675,-0.15895506739616394,0.0,0.0,0.0,
4_+861721+204009,1416.0,17.5,1892.0,1452.0,1199.0,1096.5,1192.5,1236.5,1347.0,1528.5,1444.5,1689.0,390.0,18.326485195558153,77.40975941044002,0.09567774832248688,-0.13396351039409637,0.0,0.0,0.0,
4_+861721+204010,1410.0,17.0,1927.0,1458.0,1225.0,1104.0,1222.5,1235.0,1392.0,1540.0,1490.0,1763.5,394.0,18.326575027086562,77.40975941044002,0.09848900139331818,-0.12794703245162964,0.0,0.0,0.0,
4_+861721+204011,1410.0,17.0,1927.0,1458.0,1204.0,1098.0,1185.5,1235.0,1392.0,1540.0,1456.5,1763.5,394.0,18.326664858614976,77.40975941044002,0.10254769027233124,-0.13904863595962524,0.0,0.0,0.0,
4_+861721+204012,1410.0,17.0,1871.5,1375.5,1212.5,1095.0,1195.5,1235.5,1407.0,1614.0,1460.0,1793.0,394.0,18.32675469014339,77.40975941044002,0.09958802908658981,-0.12353134900331497,0.0,0.0,0.0,
4_+861721+204013,1410.0,17.0,1871.5,1375.5,1186.5,1094.0,1170.5,1235.5,1407.0,1614.0,1585.0,1793.0,394.0,18.3268445216718,77.40975941044002,0.15043014287948608,-0.08295692503452301,0.0,0.0,0.0,
4_+861721+204014,1410.0,17.0,1740.5,1296.5,1141.0,1043.5,1046.0,1178.0,1375.0,1540.5,1565.0,1738.0,394.0,18.326934353200212,77.40975941044002,0.1978975087404251,-0.053803700953722,0.0,0.0,0.0,
4_+861721+204015,1410.0,17.0,1740.5,1296.5,1145.0,1038.5,1039.5,1178.0,1375.0,1540.5,1401.0,1738.0,394.0,18.327024184728625,77.40975941044002,0.1479458212852478,-0.10891004651784897,0.0,0.0,0.0,
4_+861721+204016,1399.0,17.0,1651.5,1288.5,1168.5,1043.5,1130.5,1138.0,1260.5,1405.5,1335.0,1552.0,372.0,18.327114016257035,77.40975941044002,0.08312246948480606,-0.10597074031829834,0.0,0.0,0.0,
4_+861721+204017,1399.0,17.0,1651.5,1288.5,1173.0,1050.5,1113.5,1138.0,1260.5,1405.5,1322.5,1552.0,372.0,18.327203847785448,77.40975941044002,0.08577876538038254,-0.11066873371601105,0.0,0.0,0.0,
4_+861721+204018,1399.0,17.0,1639.0,1248.5,1170.0,1047.0,1093.0,1123.0,1264.0,1407.0,1360.0,1595.0,372.0,18.327293679313858,77.40975941044002,0.10883589833974838,-0.09303323924541473,0.0,0.0,0.0,
4_+861721+204019,1399.0,17.0,1639.0,1248.5,1156.5,1041.5,1074.5,1123.0,1264.0,1407.0,1369.5,1595.0,372.0,18.32738351084227,77.40975941044002,0.120759516954422,-0.08967269957065582,0.0,0.0,0.0,
4_+861721+204020,1399.0,17.0,1610.0,1242.5,1173.0,1032.5,1093.0,1107.0,1192.0,1343.5,1306.5,1495.5,372.0,18.327473342370684,77.40975941044002,0.08887918293476105,-0.10419163107872009,0.0,0.0,0.0,
4_+861721+204021,1399.0,17.0,1610.0,1242.5,1153.0,1019.5,1064.0,1107.0,1192.0,1343.5,1248.0,1495.5,372.0,18.327563173899094,77.40975941044002,0.07961414754390717,-0.12667904794216156,0.0,0.0,0.0,
4_+861721+204022,1397.0,17.0,1622.0,1233.0,1153.5,1021.5,1068.0,1110.0,1206.5,1348.5,1253.0,1491.5,379.5,18.327653005427507,77.40975941044002,0.07996773719787598,-0.12820471823215485,0.0,0.0,0.0,
4_+861721+204023,1397.0,17.0,1622.0,1233.0,1158.5,1027.0,1099.5,1110.0,1206.5,1348.5,1323.5,1491.5,379.5,18.32774283695592,77.40975941044002,0.09253197908401489,-0.10123400390148163,0.0,0.0,0.0,
4_+861721+204024,1397.0,17.0,1719.5,1268.5,1146.0,1020.5,1072.5,1150.5,1324.5,1495.0,1431.5,1655.5,379.5,18.32783266848433,77.40975941044002,0.14336392283439636,-0.0912434309720993,0.0,0.0,0.0,
4_+861721+204025,1397.0,17.0,1719.5,1268.5,1133.0,1008.5,1042.5,1150.5,1324.5,1495.0,1506.0,1655.5,379.5,18.327922500012743,77.40975941044002,0.18097636103630066,-0.06665147840976715,0.0,0.0,0.0,
4_+861722+204002,1393.0,17.5,1646.0,1321.0,1194.0,1063.0,1143.0,1157.0,1255.5,1407.5,1341.5,1539.5,358.0,18.325856374859267,77.40984924196843,0.0798983946442604,-0.10183624923229218,0.0,0.0,0.0,
4_+861722+204003,1393.0,17.5,1646.0,1321.0,1183.5,1081.0,1150.5,1157.0,1255.5,1407.5,1369.0,1539.5,358.0,18.32594620638768,77.40984924196843,0.08651753515005112,-0.09192317724227905,0.0,0.0,0.0,
4_+861722+204004,1416.0,17.5,1690.0,1335.5,1172.5,1063.0,1125.0,1126.0,1243.5,1378.0,1344.5,1546.5,390.0,18.326036037916094,77.40984924196843,0.0886906310915947,-0.11400853097438812,0.0,0.0,0.0,
4_+861722+204005,1416.0,17.5,1690.0,1335.5,1183.0,1046.0,1119.0,1126.0,1243.5,1378.0,1334.0,1546.5,390.0,18.326125869444503,77.40984924196843,0.08774667978286743,-0.11771614849567413,0.0,0.0,0.0,
4_+861722+204006,1416.0,17.5,1727.0,1343.5,1185.5,1067.0,1135.0,1143.0,1254.5,1407.0,1367.5,1555.5,390.0,18.326215700972917,77.40984924196843,0.09304474294185638,-0.11610691249370575,0.0,0.0,0.0,
4_+861722+204007,1416.0,17.5,1727.0,1343.5,1196.5,1069.5,1146.5,1143.0,1254.5,1407.0,1381.5,1555.5,390.0,18.326305532501326,77.40984924196843,0.0930078998208046,-0.11107540130615234,0.0,0.0,0.0,
4_+861722+204008,1416.0,17.5,1797.5,1393.0,1189.5,1080.0,1171.5,1191.0,1293.0,1446.0,1420.5,1616.5,390.0,18.32639536402974,77.40984924196843,0.09617050737142563,-0.11699169874191284,0.0,0.0,0.0,
4_+861722+204009,1416.0,17.5,1797.5,1393.0,1198.0,1096.5,1212.0,1191.0,1293.0,1446.0,1467.0,1616.5,390.0,18.326485195558153,77.40984924196843,0.09527841210365295,-0.10111664235591888,0.0,0.0,0.0,
4_+861722+204010,1410.0,17.0,1927.0,1458.0,1225.0,1104.0,1222.5,1235.0,1392.0,1540.0,1490.0,1763.5,394.0,18.326575027086562,77.40984924196843,0.09848900139331818,-0.12794703245162964,0.0,0.0,0.0,
4_+861722+204011,1410.0,17.0,1927.0,1458.0,1204.0,1098.0,1185.5,1235.0,1392.0,1540.0,1456.5,1763.5,394.0,18.326664858614976,77.40984924196843,0.10254769027233124,-0.13904863595962524,0.0,0.0,0.0,
4_+861722+204012,1410.0,17.0,1871.5,1375.5,1212.5,1095.0,1195.5,1235.5,1407.0,1614.0,1460.0,1793.0,394.0,18.32675469014339,77.40984924196843,0.09958802908658981,-0.12353134900331497,0.0,0.0,0.0,
4_+861722+204013,1410.0,17.0,1871.5,1375.5,1196.0,1087.0,1143.5,1235.5,1407.0,1614.0,1571.5,1793.0,394.0,18.3268445216718,77.40984924196843,0.15736697614192963,-0.08738373219966888,0.0,0.0,0.0,
4_+861722+204014,1410.0,17.0,1740.5,1296.5,1162.0,1048.0,1071.0,1178.0,1375.0,1540.5,1606.5,1738.0,394.0,18.326934353200212,77.40984924196843,0.19999396800994873,-0.04002835601568222,0.0,0.0,0.0,
4_+861722+204015,1410.0,17.0,1740.5,1296.5,1168.0,1034.5,1081.0,1178.0,1375.0,1540.5,1358.5,1738.0,394.0,18.327024184728625,77.40984924196843,0.11328698694705963,-0.12375889718532562,0.0,0.0,0.0,
4_+861722+204016,1399.0,17.0,1651.5,1288.5,1179.0,1061.0,1122.5,1138.0,1260.5,1405.5,1319.5,1552.0,372.0,18.327114016257035,77.40984924196843,0.08069707453250885,-0.11175447702407837,0.0,0.0,0.0,
4_+861722+204017,1399.0,17.0,1651.5,1288.5,1176.0,1060.0,1111.5,1138.0,1260.5,1405.5,1326.0,1552.0,372.0,18.327203847785448,77.40984924196843,0.08801109343767166,-0.10931125283241272,0.0,0.0,0.0,
4_+861722+204018,1399.0,17.0,1639.0,1248.5,1176.5,1043.0,1106.5,1123.0,1264.0,1407.0,1346.5,1595.0,372.0,18.327293679313858,77.40984924196843,0.09785960614681244,-0.09796807169914246,0.0,0.0,0.0,
4_+861722+204019,1399.0,17.0,1639.0,1248.5,1174.0,1045.5,1103.5,1123.0,1264.0,1407.0,1319.5,1595.0,372.0,18.32738351084227,77.40984924196843,0.08920886367559433,-0.10798148065805435,0.0,0.0,0.0,
4_+861722+204020,1399.0,17.0,1610.0,1242.5,1172.5,1040.0,1091.0,1107.0,1192.0,1343.5,1299.0,1495.5,372.0,18.327473342370684,77.40984924196843,0.08693968504667282,-0.10697750002145767,0.0,0.0,0.0,
4_+861722+204021,1399.0,17.0,1610.0,1242.5,1159.0,1019.5,1074.5,1107.0,1192.0,1343.5,1251.0,1495.5,372.0,18.327563173899094,77.40984924196843,0.07578154653310776,-0.12556493282318115,0.0,0.0,0.0,
4_+861722+204022,1397.0,17.0,1622.0,1233.0,1158.5,1022.0,1072.0,1110.0,1206.5,1348.5,1259.5,1491.5,379.5,18.327653005427507,77.40984924196843,0.08075389266014099,-0.1256578415632248,0.0,0.0,0.0,
4_+861722+204023,1397.0,17.0,1622.0,1233.0,1174.5,1039.0,1110.0,1110.0,1206.5,1348.5,1306.5,1491.5,379.5,18.32774283695592,77.40984924196843,0.08148102462291718,-0.10759077966213226,0.0,0.0,0.0,
4_+861722+204024,1397.0,17.0,1719.5,1268.5,1160.0,1051.5,1108.0,1150.5,1324.5,1495.0,1419.0,1655.5,379.5,18.32783266848433,77.40984924196843,0.12302260845899582,-0.09584382176399231,0.0,0.0,0.0,
4_+861722+204025,1397.0,17.0,1719.5,1268.5,1185.0,1068.0,1161.0,1150.5,1324.5,1495.0,1495.5,1655.5,379.5,18.327922500012743,77.40984924196843,0.12593397498130798,-0.06946063041687012,0.0,0.0,0.0,
4_+861723+204002,1393.0,17.5,1646.0,1321.0,1201.0,1089.5,1197.5,1157.0,1255.5,1407.5,1389.5,1539.5,358.0,18.325856374859267,77.40993907349684,0.07423694431781769,-0.08439165353775024,0.0,0.0,0.0,
4_+861723+204003,1393.0,17.5,1646.0,1321.0,1195.0,1085.5,1182.5,1157.0,1255.5,1407.5,1407.0,1539.5,358.0,18.32594620638768,77.40993907349684,0.0865774154663086,-0.0782628133893013,0.0,0.0,0.0,
4_+861723+204004,1416.0,17.5,1690.0,1335.5,1177.0,1060.5,1136.5,1126.0,1243.5,1378.0,1344.0,1546.5,390.0,18.326036037916094,77.40993907349684,0.08350472897291183,-0.11417917907238007,0.0,0.0,0.0,
4_+861723+204005,1416.0,17.5,1690.0,1335.5,1166.5,1041.0,1101.0,1126.0,1243.5,1378.0,1321.5,1546.5,390.0,18.326125869444503,77.40993907349684,0.0909813717007637,-0.12242226302623749,0.0,0.0,0.0,
4_+861723+204006,1416.0,17.5,1727.0,1343.5,1185.5,1067.0,1135.0,1143.0,1254.5,1407.0,1367.5,1555.5,390.0,18.326215700972917,77.40993907349684,0.09304474294185638,-0.11610691249370575,0.0,0.0,0.0,
4_+861723+204007,1416.0,17.5,1727.0,1343.5,1196.5,1069.5,1146.5,1143.0,1254.5,1407.0,1381.5,1555.5,390.0,18.326305532501326,77.40993907349684,0.0930078998208046,-0.11107540130615234,0.0,0.0,0.0,
4_+861723+204008,1416.0,17.5,1797.5,1393.0,1189.5,1080.0,1171.5,1191.0,1293.0,1446.0,1420.5,1616.5,390.0,18.32639536402974,77.40993907349684,0.09617050737142563,-0.11699169874191284,0.0,0.0,0.0,
4_+861723+204009,1416.0,17.5,1797.5,1393.0,1198.0,1096.5,1212.0,1191.0,1293.0,1446.0,1467.0,1616.5,390.0,18.326485195558153,77.40993907349684,0.09527841210365295,-0.10111664235591888,0.0,0.0,0.0,
4_+861723+204010,1410.0,17.0,1856.5,1426.5,1221.0,1108.0,1213.5,1211.0,1330.5,1476.5,1468.5,1658.0,394.0,18.326575027086562,77.40993907349684,0.09500294923782349,-0.11667272448539734,0.0,0.0,0.0,
4_+861723+204011,1410.0,17.0,1856.5,1426.5,1205.0,1098.0,1186.0,1211.0,1330.5,1476.5,1441.0,1658.0,394.0,18.326664858614976,77.40993907349684,0.09705357253551483,-0.12594452500343323,0.0,0.0,0.0,
4_+861723+204012,1410.0,17.0,1822.0,1396.5,1209.0,1088.5,1205.5,1213.5,1331.0,1509.0,1437.0,1645.0,394.0,18.32675469014339,77.40993907349684,0.08761905133724213,-0.11813750118017197,0.0,0.0,0.0,
4_+861723+204013,1410.0,17.0,1822.0,1396.5,1218.0,1090.5,1195.0,1213.5,1331.0,1509.0,1462.0,1645.0,394.0,18.3268445216718,77.40993907349684,0.10046751797199249,-0.10963790118694305,0.0,0.0,0.0,
4_+861723+204014,1410.0,17.0,1748.0,1344.5,1200.0,1074.5,1152.0,1195.0,1333.0,1485.0,1445.0,1664.5,394.0,18.326934353200212,77.40993907349684,0.11260131001472473,-0.09507664293050766,0.0,0.0,0.0,
4_+861723+204015,1410.0,17.0,1748.0,1344.5,1191.5,1071.5,1164.5,1195.0,1333.0,1485.0,1426.5,1664.5,394.0,18.327024184728625,77.40993907349684,0.10083433985710144,-0.10152474045753479,0.0,0.0,0.0,
4_+861723+204016,1399.0,17.0,1664.5,1315.5,1192.5,1080.5,1186.0,1164.0,1264.0,1413.0,1398.0,1552.0,372.0,18.327114016257035,77.40993907349684,0.08194310963153839,-0.08710546791553497,0.0,0.0,0.0,
4_+861723+204017,1399.0,17.0,1664.5,1315.5,1182.0,1069.0,1148.0,1164.0,1264.0,1413.0,1332.0,1552.0,372.0,18.327203847785448,77.40993907349684,0.07411659508943558,-0.11103492975234985,0.0,0.0,0.0,
4_+861723+204018,1399.0,17.0,1635.5,1278.5,1172.0,1059.0,1128.0,1136.0,1226.0,1368.5,1304.5,1520.5,372.0,18.327293679313858,77.40993907349684,0.07244165241718292,-0.11269964277744293,0.0,0.0,0.0,
4_+861723+204019,1399.0,17.0,1635.5,1278.5,1168.0,1049.5,1105.0,1136.0,1226.0,1368.5,1304.5,1520.5,372.0,18.32738351084227,77.40993907349684,0.08274511247873306,-0.11266779899597168,0.0,0.0,0.0,
4_+861723+204020,1399.0,17.0,1593.0,1246.5,1158.0,1026.0,1092.0,1093.0,1198.0,1333.5,1292.0,1476.5,372.0,18.327473342370684,77.40993907349684,0.08396230638027191,-0.10434609651565552,0.0,0.0,0.0,
4_+861723+204021,1399.0,17.0,1593.0,1246.5,1162.5,1016.0,1079.5,1093.0,1198.0,1333.5,1254.0,1476.5,372.0,18.327563173899094,77.40993907349684,0.07488925755023956,-0.119074247777462,0.0,0.0,0.0,
4_+861723+204022,1397.0,17.0,1567.5,1210.0,1153.5,1031.5,1080.5,1085.5,1187.0,1314.5,1272.5,1467.0,379.5,18.327653005427507,77.40993907349684,0.08186893910169601,-0.1038559302687645,0.0,0.0,0.0,
4_+861723+204023,1397.0,17.0,1567.5,1210.0,1167.0,1029.5,1096.0,1085.5,1187.0,1314.5,1277.0,1467.0,379.5,18.32774283695592,77.40993907349684,0.07638169825077057,-0.10212539881467819,0.0,0.0,0.0,
4_+861723+204024,1397.0,17.0,1634.5,1240.5,1167.5,1046.5,1097.0,1150.0,1280.0,1407.0,1324.0,1565.5,379.5,18.32783266848433,77.40993907349684,0.09399229288101196,-0.10491024702787399,0.0,0.0,0.0,
4_+861723+204025,1397.0,17.0,1634.5,1240.5,1189.5,1066.5,1156.5,1150.0,1280.0,1407.0,1379.5,1565.5,379.5,18.327922500012743,77.40993907349684,0.08818750083446503,-0.08443933725357056,0.0,0.0,0.0,
4_+861724+204002,1393.0,17.5,1646.0,1321.0,1201.0,1089.5,1197.5,1157.0,1255.5,1407.5,1389.5,1539.5,358.0,18.325856374859267,77.41002890502526,0.07423694431781769,-0.08439165353775024,0.0,0.0,0.0,
4_+861724+204003,1393.0,17.5,1646.0,1321.0,1195.0,1085.5,1182.5,1157.0,1255.5,1407.5,1407.0,1539.5,358.0,18.32594620638768,77.41002890502526,0.0865774154663086,-0.0782628133893013,0.0,0.0,0.0,
4_+861724+204004,1416.0,17.5,1690.0,1335.5,1177.0,1060.5,1136.5,1126.0,1243.5,1378.0,1344.0,1546.5,390.0,18.326036037916094,77.41002890502526,0.08350472897291183,-0.11417917907238007,0.0,0.0,0.0,
4_+861724+204005,1416.0,17.5,1690.0,1335.5,1166.5,1041.0,1101.0,1126.0,1243.5,1378.0,1321.5,1546.5,390.0,18.326125869444503,77.41002890502526,0.0909813717007637,-0.12242226302623749,0.0,0.0,0.0,
4_+861724+204006,1416.0,17.5,1727.0,1343.5,1169.5,1047.0,1112.5,1143.0,1254.5,1407.0,1369.5,1555.5,390.0,18.326215700972917,77.41002890502526,0.10360316932201385,-0.11541987955570221,0.0,0.0,0.0,
4_+861724+204007,1416.0,17.5,1727.0,1343.5,1180.5,1062.0,1133.5,1143.0,1254.5,1407.0,1351.5,1555.5,390.0,18.326305532501326,77.41002890502526,0.08782068639993668,-0.12190619111061096,0.0,0.0,0.0,
4_+861724+204008,1416.0,17.5,1797.5,1393.0,1192.5,1064.0,1150.5,1191.0,1293.0,1446.0,1370.0,1616.5,390.0,18.32639536402974,77.41002890502526,0.08715985715389252,-0.13480356335639954,0.0,0.0,0.0,
4_+861724+204009,1416.0,17.5,1797.5,1393.0,1192.5,1077.5,1159.5,1191.0,1293.0,1446.0,1399.5,1616.5,390.0,18.326485195558153,77.41002890502526,0.09395072609186172,-0.12432825565338135,0.0,0.0,0.0,
4_+861724+204010,1410.0,17.0,1856.5,1426.5,1202.0,1083.0,1177.5,1211.0,1330.5,1476.5,1427.5,1658.0,394.0,18.326575027086562,77.41002890502526,0.09600735455751419,-0.130596324801445,0.0,0.0,0.0,
4_+861724+204011,1410.0,17.0,1856.5,1426.5,1213.0,1095.0,1187.5,1211.0,1330.5,1476.5,1437.5,1658.0,394.0,18.326664858614976,77.41002890502526,0.09522156417369843,-0.12714168429374695,0.0,0.0,0.0,
4_+861724+204012,1410.0,17.0,1822.0,1396.5,1214.0,1079.5,1187.0,1213.5,1331.0,1509.0,1422.5,1645.0,394.0,18.32675469014339,77.41002890502526,0.09029246866703033,-0.1231284812092781,0.0,0.0,0.0,
4_+861724+204013,1410.0,17.0,1822.0,1396.5,1199.0,1100.0,1186.5,1213.5,1331.0,1509.0,1483.5,1645.0,394.0,18.3268445216718,77.41002890502526,0.11125317960977554,-0.10240303725004196,0.0,0.0,0.0,
4_+861724+204014,1410.0,17.0,1748.0,1344.5,1191.0,1081.0,1168.5,1195.0,1333.0,1485.0,1462.5,1664.5,394.0,18.326934353200212,77.41002890502526,0.11149471253156662,-0.08914689719676971,0.0,0.0,0.0,
4_+861724+204015,1410.0,17.0,1748.0,1344.5,1197.0,1081.5,1152.5,1195.0,1333.0,1485.0,1412.5,1664.5,394.0,18.327024184728625,77.41002890502526,0.10148342698812485,-0.10625047981739044,0.0,0.0,0.0,
4_+861724+204016,1399.0,17.0,1664.5,1315.5,1196.5,1094.0,1169.5,1164.0,1264.0,1413.0,1388.5,1552.0,372.0,18.327114016257035,77.41002890502526,0.08576467633247375,-0.09041529893875122,0.0,0.0,0.0,
4_+861724+204017,1399.0,17.0,1664.5,1315.5,1193.0,1089.5,1180.0,1164.0,1264.0,1413.0,1357.0,1552.0,372.0,18.327203847785448,77.41002890502526,0.06972191482782364,-0.10181927680969238,0.0,0.0,0.0,
4_+861724+204018,1399.0,17.0,1635.5,1278.5,1179.0,1059.5,1133.5,1136.0,1226.0,1368.5,1327.0,1520.5,372.0,18.327293679313858,77.41002890502526,0.07855460792779922,-0.10419227927923203,0.0,0.0,0.0,
4_+861724+204019,1399.0,17.0,1635.5,1278.5,1169.5,1038.5,1102.5,1136.0,1226.0,1368.5,1295.0,1520.5,372.0,18.32738351084227,77.41002890502526,0.080283522605896,-0.11619748175144196,0.0,0.0,0.0,
4_+861724+204020,1399.0,17.0,1593.0,1246.5,1167.5,1040.5,1103.5,1093.0,1198.0,1333.5,1298.5,1476.5,372.0,18.327473342370684,77.41002890502526,0.08090701699256897,-0.10210137814283371,0.0,0.0,0.0,
4_+861724+204021,1399.0,17.0,1593.0,1246.5,1161.5,1031.0,1085.0,1093.0,1198.0,1333.5,1262.5,1476.5,372.0,18.327563173899094,77.41002890502526,0.07551318407058716,-0.1158461719751358,0.0,0.0,0.0,
4_+861724+204022,1397.0,17.0,1567.5,1210.0,1151.0,1031.0,1079.5,1085.5,1187.0,1314.5,1258.5,1467.0,379.5,18.327653005427507,77.41002890502526,0.07665851712226868,-0.10932804644107819,0.0,0.0,0.0,
4_+861724+204023,1397.0,17.0,1567.5,1210.0,1153.5,1026.0,1084.5,1085.5,1187.0,1314.5,1254.5,1467.0,379.5,18.32774283695592,77.41002890502526,0.07274658232927322,-0.11090852320194244,0.0,0.0,0.0,
4_+861724+204024,1397.0,17.0,1634.5,1240.5,1159.5,1032.0,1099.0,1150.0,1280.0,1407.0,1307.0,1565.5,379.5,18.32783266848433,77.41002890502526,0.08650244772434235,-0.11134356260299683,0.0,0.0,0.0,
4_+861724+204025,1397.0,17.0,1634.5,1240.5,1181.0,1072.5,1128.0,1150.0,1280.0,1407.0,1399.0,1565.5,379.5,18.327922500012743,77.41002890502526,0.10744158178567886,-0.07748477160930634,0.0,0.0,0.0,
4_+861725+204002,1393.0,17.5,1730.0,1371.0,1204.5,1101.0,1195.0,1209.5,1315.0,1463.5,1392.0,1623.0,358.0,18.325856374859267,77.41011873655367,0.07616832107305527,-0.10810931771993637,0.0,0.0,0.0,
4_+861725+204003,1393.0,17.5,1730.0,1371.0,1194.5,1090.5,1186.0,1209.5,1315.0,1463.5,1403.0,1623.0,358.0,18.32594620638768,77.41011873655367,0.08372079581022263,-0.10428875684738159,0.0,0.0,0.0,
4_+861725+204004,1416.0,17.5,1808.5,1391.5,1186.0,1070.0,1142.0,1215.5,1297.0,1462.5,1342.0,1607.5,390.0,18.326036037916094,77.41011873655367,0.0802340880036354,-0.1482858806848526,0.0,0.0,0.0,
4_+861725+204005,1416.0,17.5,1808.5,1391.5,1162.5,1043.5,1117.0,1215.5,1297.0,1462.5,1333.5,1607.5,390.0,18.326125869444503,77.41011873655367,0.08836144208908081,-0.15118199586868286,0.0,0.0,0.0,
4_+861725+204006,1416.0,17.5,1769.5,1389.5,1178.5,1048.0,1134.5,1178.5,1299.5,1455.0,1357.0,1635.0,390.0,18.326215700972917,77.41011873655367,0.08938862383365631,-0.13194139301776886,0.0,0.0,0.0,
4_+861725+204007,1416.0,17.5,1769.5,1389.5,1182.0,1057.5,1129.5,1178.5,1299.5,1455.0,1357.5,1635.0,390.0,18.326305532501326,77.41011873655367,0.09160516411066055,-0.1318581998348236,0.0,0.0,0.0,
4_+861725+204008,1416.0,17.5,1773.0,1397.0,1181.0,1052.5,1129.0,1180.0,1299.5,1435.0,1339.0,1622.5,390.0,18.32639536402974,77.41011873655367,0.08509325981140137,-0.13944882154464722,0.0,0.0,0.0,
4_+861725+204009,1416.0,17.5,1773.0,1397.0,1180.5,1064.0,1132.5,1180.0,1299.5,1435.0,1342.0,1622.5,390.0,18.326485195558153,77.41011873655367,0.08480823785066605,-0.1383437216281891,0.0,0.0,0.0,
4_+861725+204010,1410.0,17.0,1828.0,1421.0,1201.0,1083.5,1182.0,1222.5,1322.0,1477.0,1404.5,1653.5,394.0,18.326575027086562,77.41011873655367,0.08626177906990051,-0.13100305199623108,0.0,0.0,0.0,
4_+861725+204011,1410.0,17.0,1828.0,1421.0,1216.0,1116.5,1221.5,1222.5,1322.0,1477.0,1478.5,1653.5,394.0,18.326664858614976,77.41011873655367,0.09509758651256561,-0.10573402047157288,0.0,0.0,0.0,
4_+861725+204012,1410.0,17.0,1812.0,1373.0,1208.0,1110.0,1200.5,1224.0,1376.0,1523.5,1434.5,1718.0,394.0,18.32675469014339,77.41011873655367,0.08871223032474518,-0.11636540293693542,0.0,0.0,0.0,
4_+861725+204013,1410.0,17.0,1812.0,1373.0,1201.0,1096.0,1182.0,1224.0,1376.0,1523.5,1461.5,1718.0,394.0,18.3268445216718,77.41011873655367,0.10572201013565063,-0.10707585513591766,0.0,0.0,0.0,
4_+861725+204014,1410.0,17.0,1732.5,1307.0,1198.5,1082.0,1170.0,1179.5,1349.0,1522.0,1483.5,1664.5,394.0,18.326934353200212,77.41011873655367,0.11791233718395233,-0.07760664075613022,0.0,0.0,0.0,
4_+861725+204015,1410.0,17.0,1732.5,1307.0,1185.0,1085.5,1152.5,1179.5,1349.0,1522.0,1392.5,1664.5,394.0,18.327024184728625,77.41011873655367,0.09380286186933517,-0.10922574251890182,0.0,0.0,0.0,
4_+861725+204016,1399.0,17.0,1654.0,1288.5,1191.5,1079.5,1160.5,1173.0,1274.0,1434.0,1366.0,1561.5,372.0,18.327114016257035,77.41011873655367,0.0812792032957077,-0.09546580910682678,0.0,0.0,0.0,
4_+861725+204017,1399.0,17.0,1654.0,1288.5,1210.5,1085.5,1168.0,1173.0,1274.0,1434.0,1374.0,1561.5,372.0,18.327203847785448,77.41011873655367,0.08106351643800735,-0.0925082266330719,0.0,0.0,0.0,
4_+861725+204018,1399.0,17.0,1652.5,1293.5,1178.5,1062.0,1135.0,1163.5,1280.5,1422.0,1342.5,1580.0,372.0,18.327293679313858,77.41011873655367,0.08368460088968277,-0.1035199910402298,0.0,0.0,0.0,
4_+861725+204019,1399.0,17.0,1652.5,1293.5,1181.0,1053.5,1139.5,1163.5,1280.5,1422.0,1337.0,1580.0,372.0,18.32738351084227,77.41011873655367,0.07983032613992691,-0.10549764335155487,0.0,0.0,0.0,
4_+861725+204020,1399.0,17.0,1702.0,1320.0,1187.0,1072.5,1143.0,1167.5,1280.0,1428.0,1360.0,1573.5,372.0,18.327473342370684,77.41011873655367,0.08660077303647995,-0.11179248243570328,0.0,0.0,0.0,
4_+861725+204021,1399.0,17.0,1702.0,1320.0,1167.0,1054.0,1125.5,1167.5,1280.0,1428.0,1332.5,1573.5,372.0,18.327563173899094,77.41011873655367,0.08387026935815811,-0.12203260511159897,0.0,0.0,0.0,
4_+861725+204022,1397.0,17.0,1601.5,1242.0,1168.5,1025.5,1090.5,1123.0,1223.0,1374.5,1287.5,1505.5,379.5,18.327653005427507,77.41011873655367,0.08284272253513336,-0.10872603952884674,0.0,0.0,0.0,
4_+861725+204023,1397.0,17.0,1601.5,1242.0,1161.0,1024.5,1078.0,1123.0,1223.0,1374.5,1252.0,1505.5,379.5,18.32774283695592,77.41011873655367,0.07481446117162704,-0.12246699631214142,0.0,0.0,0.0,
4_+861725+204024,1397.0,17.0,1574.5,1169.5,1155.0,1019.0,1092.0,1133.5,1286.5,1446.0,1287.0,1570.0,379.5,18.32783266848433,77.41011873655367,0.08210306614637375,-0.10060162842273712,0.0,0.0,0.0,
4_+861725+204025,1397.0,17.0,1574.5,1169.5,1159.0,1052.0,1096.0,1133.5,1286.5,1446.0,1393.5,1570.0,379.5,18.327922500012743,77.41011873655367,0.11996956914663315,-0.061021506786346436,0.0,0.0,0.0,
4_+861725+204026,1397.0,17.0,1671.5,1216.0,1189.5,1082.5,1149.0,1175.0,1396.0,1568.0,1416.0,1710.0,379.5,18.328012331541156,77.41011873655367,0.10423091053962708,-0.0826653242111206,0.0,0.0,0.0,
4_+861726+204002,1393.0,17.5,1730.0,1371.0,1206.5,1100.0,1190.5,1209.5,1315.0,1463.5,1398.5,1623.0,358.0,18.325856374859267,77.41020856808208,0.08047498017549515,-0.10585314780473709,0.0,0.0,0.0,
4_+861726+204003,1393.0,17.5,1730.0,1371.0,1195.5,1104.5,1208.5,1209.5,1315.0,1463.5,1424.5,1623.0,358.0,18.32594620638768,77.41020856808208,0.08179701119661331,-0.09685838222503662,0.0,0.0,0.0,
4_+861726+204004,1416.0,17.5,1808.5,1391.5,1199.0,1083.5,1188.5,1215.5,1297.0,1462.5,1413.5,1607.5,390.0,18.326036037916094,77.41020856808208,0.08604326099157333,-0.12295467406511307,0.0,0.0,0.0,
4_+861726+204005,1416.0,17.5,1808.5,1391.5,1189.5,1086.5,1167.5,1215.5,1297.0,1462.5,1408.0,1607.5,390.0,18.326125869444503,77.41020856808208,0.09328779578208923,-0.12459924072027206,0.0,0.0,0.0,
4_+861726+204006,1416.0,17.5,1769.5,1389.5,1204.0,1102.0,1181.5,1178.5,1299.5,1455.0,1447.5,1635.0,390.0,18.326215700972917,77.41020856808208,0.10091812908649445,-0.10031557083129883,0.0,0.0,0.0,
4_+861726+204007,1416.0,17.5,1769.5,1389.5,1206.5,1089.5,1184.5,1178.5,1299.5,1455.0,1445.5,1635.0,390.0,18.326305532501326,77.41020856808208,0.09870120137929916,-0.10129662603139877,0.0,0.0,0.0,
4_+861726+204008,1416.0,17.5,1773.0,1397.0,1197.5,1079.0,1175.0,1180.0,1299.5,1435.0,1406.5,1622.5,390.0,18.32639536402974,77.41020856808208,0.08949971199035645,-0.11541347950696945,0.0,0.0,0.0,
4_+861726+204009,1416.0,17.5,1773.0,1397.0,1194.0,1082.0,1169.0,1180.0,1299.5,1435.0,1388.5,1622.5,390.0,18.326485195558153,77.41020856808208,0.08566798269748688,-0.12170988321304321,0.0,0.0,0.0,
4_+861726+204010,1410.0,17.0,1828.0,1421.0,1204.0,1089.5,1189.0,1222.5,1322.0,1477.0,1418.0,1653.5,394.0,18.326575027086562,77.41020856808208,0.08803731203079224,-0.12627671658992767,0.0,0.0,0.0,
4_+861726+204011,1410.0,17.0,1828.0,1421.0,1217.0,1110.5,1222.5,1222.5,1322.0,1477.0,1461.0,1653.5,394.0,18.326664858614976,77.41020856808208,0.088872030377388,-0.11155243963003159,0.0,0.0,0.0,
4_+861726+204012,1410.0,17.0,1812.0,1373.0,1218.5,1119.0,1221.5,1224.0,1376.0,1523.5,1453.0,1718.0,394.0,18.32675469014339,77.41020856808208,0.08641368895769119,-0.11008259654045105,0.0,0.0,0.0,
4_+861726+204013,1410.0,17.0,1812.0,1373.0,1220.0,1107.0,1204.5,1224.0,1376.0,1523.5,1463.5,1718.0,394.0,18.3268445216718,77.41020856808208,0.09704159945249557,-0.10642226040363312,0.0,0.0,0.0,
4_+861726+204014,1410.0,17.0,1732.5,1307.0,1180.5,1074.5,1132.5,1179.5,1349.0,1522.0,1509.5,1664.5,394.0,18.326934353200212,77.41020856808208,0.14246658980846405,-0.06896919012069702,0.0,0.0,0.0,
4_+861726+204015,1410.0,17.0,1732.5,1307.0,1165.0,1053.5,1113.5,1179.5,1349.0,1522.0,1451.0,1664.5,394.0,18.327024184728625,77.41020856808208,0.131479874253273,-0.08862844109535217,0.0,0.0,0.0,
4_+861726+204016,1399.0,17.0,1654.0,1288.5,1193.0,1074.0,1135.5,1173.0,1274.0,1434.0,1395.0,1561.5,372.0,18.327114016257035,77.41020856808208,0.10242566466331482,-0.08508146554231644,0.0,0.0,0.0,
4_+861726+204017,1399.0,17.0,1654.0,1288.5,1191.0,1072.0,1140.5,1173.0,1274.0,1434.0,1334.5,1561.5,372.0,18.327203847785448,77.41020856808208,0.07820285856723785,-0.10707683861255646,0.0,0.0,0.0,
4_+861726+204018,1399.0,17.0,1652.5,1293.5,1171.0,1052.0,1127.0,1163.5,1280.5,1422.0,1317.5,1580.0,372.0,18.327293679313858,77.41020856808208,0.07798542827367783,-0.11275845766067505,0.0,0.0,0.0,
4_+861726+204019,1399.0,17.0,1652.5,1293.5,1180.5,1064.5,1142.5,1163.5,1280.5,1422.0,1370.5,1580.0,372.0,18.32738351084227,77.41020856808208,0.09086017310619354,-0.09329069405794144,0.0,0.0,0.0,
4_+861726+204020,1399.0,17.0,1702.0,1320.0,1199.0,1089.5,1190.0,1167.5,1280.0,1428.0,1423.5,1573.5,372.0,18.327473342370684,77.41020856808208,0.0893615335226059,-0.08910387754440308,0.0,0.0,0.0,
4_+861726+204021,1399.0,17.0,1702.0,1320.0,1195.0,1089.0,1188.5,1167.5,1280.0,1428.0,1408.0,1573.5,372.0,18.327563173899094,77.41020856808208,0.08417889475822449,-0.09496051073074341,0.0,0.0,0.0,
4_+861726+204022,1397.0,17.0,1601.5,1242.0,1186.0,1058.5,1140.5,1123.0,1223.0,1374.5,1345.5,1505.5,379.5,18.327653005427507,77.41020856808208,0.0820813924074173,-0.08718177676200867,0.0,0.0,0.0,
4_+861726+204023,1397.0,17.0,1601.5,1242.0,1168.5,1038.0,1090.0,1123.0,1223.0,1374.5,1299.5,1505.5,379.5,18.32774283695592,77.41020856808208,0.08767783641815186,-0.1041150614619255,0.0,0.0,0.0,
4_+861726+204024,1397.0,17.0,1574.5,1169.5,1149.5,1022.5,1050.0,1133.5,1286.5,1446.0,1375.5,1570.0,379.5,18.32783266848433,77.41020856808208,0.13368670642375946,-0.06786345690488815,0.0,0.0,0.0,
4_+861726+204025,1397.0,17.0,1574.5,1169.5,1123.0,1031.0,979.5,1133.5,1286.5,1446.0,1501.5,1570.0,379.5,18.327922500012743,77.41020856808208,0.21094660460948944,-0.023782212287187576,0.0,0.0,0.0,
4_+861726+204026,1397.0,17.0,1671.5,1216.0,1178.0,1071.0,1105.0,1175.0,1396.0,1568.0,1485.5,1710.0,379.5,18.328012331541156,77.41020856808208,0.14724735915660858,-0.05901862308382988,0.0,0.0,0.0,
4_+861727+204002,1379.5,18.5,1849.0,1433.0,1221.0,1116.5,1228.0,1245.5,1393.0,1506.5,1458.0,1718.0,351.5,18.325856374859267,77.4102983996105,0.08566778898239136,-0.11814025044441223,0.0,0.0,0.0,
4_+861727+204003,1379.5,18.5,1849.0,1433.0,1253.5,1169.0,1301.5,1245.5,1393.0,1506.5,1533.5,1718.0,351.5,18.32594620638768,77.4102983996105,0.08170410245656967,-0.09279519319534302,0.0,0.0,0.0,
4_+861727+204004,1408.5,18.0,1993.5,1523.0,1246.0,1157.0,1286.5,1320.0,1427.5,1612.5,1554.0,1792.0,374.5,18.326036037916094,77.4102983996105,0.09372912347316742,-0.12425939738750458,0.0,0.0,0.0,
4_+861727+204005,1408.5,18.0,1993.5,1523.0,1247.0,1153.0,1300.5,1320.0,1427.5,1612.5,1587.0,1792.0,374.5,18.326125869444503,77.4102983996105,0.09921062737703323,-0.11349083483219147,0.0,0.0,0.0,
4_+861727+204006,1408.5,18.0,1944.5,1497.5,1249.0,1154.0,1287.0,1283.0,1396.5,1556.5,1597.5,1752.0,374.5,18.326215700972917,77.4102983996105,0.10764550417661667,-0.09796769917011261,0.0,0.0,0.0,
4_+861727+204007,1408.5,18.0,1944.5,1497.5,1241.5,1132.0,1242.5,1283.0,1396.5,1556.5,1510.5,1752.0,374.5,18.326305532501326,77.4102983996105,0.09689786285161972,-0.12602165341377258,0.0,0.0,0.0,
4_+861727+204008,1408.5,18.0,1863.5,1436.5,1226.5,1131.5,1229.5,1236.0,1340.0,1478.5,1477.5,1653.0,374.5,18.32639536402974,77.4102983996105,0.09148382395505905,-0.1156638115644455,0.0,0.0,0.0,
4_+861727+204009,1408.5,18.0,1863.5,1436.5,1224.5,1113.0,1216.5,1236.0,1340.0,1478.5,1423.5,1653.0,374.5,18.326485195558153,77.4102983996105,0.0780784860253334,-0.13414444029331207,0.0,0.0,0.0,
4_+861727+204010,1413.0,17.5,1854.5,1417.0,1209.5,1102.5,1202.0,1243.0,1357.0,1507.0,1422.0,1685.0,404.0,18.326575027086562,77.4102983996105,0.08381761610507965,-0.13198722898960114,0.0,0.0,0.0,
4_+861727+204011,1413.0,17.5,1854.5,1417.0,1224.5,1124.5,1229.5,1243.0,1357.0,1507.0,1466.0,1685.0,404.0,18.326664858614976,77.4102983996105,0.08777985721826553,-0.11697353422641754,0.0,0.0,0.0,
4_+861727+204012,1413.0,17.5,1861.5,1338.5,1230.0,1128.0,1231.0,1249.5,1485.5,1656.5,1555.0,1862.0,404.0,18.32675469014339,77.4102983996105,0.11628084629774094,-0.08972721546888351,0.0,0.0,0.0,
4_+861727+204013,1413.0,17.5,1861.5,1338.5,1174.0,1076.5,1147.0,1249.5,1485.5,1656.5,1630.0,1862.0,404.0,18.3268445216718,77.4102983996105,0.17389103770256042,-0.06633524596691132,0.0,0.0,0.0,
4_+861727+204014,1413.0,17.5,1760.0,1248.5,1136.0,1035.0,1048.0,1192.5,1471.5,1692.0,1664.5,1847.5,404.0,18.326934353200212,77.4102983996105,0.2271878570318222,-0.028061525896191597,0.0,0.0,0.0,
4_+861727+204015,1474.0,27.0,1745.0,1231.0,1202.0,1063.0,1107.0,1176.0,1392.0,1643.0,1438.0,1805.0,319.0,18.327024184728625,77.4102983996105,0.13005894422531128,-0.09644988924264908,0.0,0.0,0.0,
4_+861727+204016,1406.5,17.5,1655.0,1254.5,1171.0,1067.5,1108.5,1153.0,1302.5,1442.0,1421.5,1594.0,389.5,18.327114016257035,77.4102983996105,0.12334242463111877,-0.07651237398386002,0.0,0.0,0.0,
4_+861727+204017,1406.5,17.5,1655.0,1254.5,1183.5,1071.0,1137.0,1153.0,1302.5,1442.0,1329.0,1594.0,389.5,18.327203847785448,77.4102983996105,0.07774559408426285,-0.10934700816869736,0.0,0.0,0.0,
4_+861727+204018,1406.5,17.5,1691.0,1296.0,1159.0,1051.5,1105.0,1173.5,1360.5,1534.0,1352.0,1691.0,389.5,18.327293679313858,77.4102983996105,0.10047144442796707,-0.11121325939893723,0.0,0.0,0.0,
4_+861727+204019,1406.5,17.5,1691.0,1296.0,1160.5,1049.0,1102.5,1173.5,1360.5,1534.0,1510.0,1691.0,389.5,18.32738351084227,77.4102983996105,0.15620824694633484,-0.056340668350458145,0.0,0.0,0.0,
4_+861727+204020,1406.5,17.5,1787.0,1368.5,1196.0,1110.0,1192.0,1235.5,1401.5,1590.5,1577.0,1748.0,389.5,18.327473342370684,77.4102983996105,0.1388421356678009,-0.06294205784797668,0.0,0.0,0.0,
4_+861727+204021,1406.5,17.5,1787.0,1368.5,1229.0,1136.0,1251.0,1235.5,1401.5,1590.5,1501.5,1748.0,389.5,18.327563173899094,77.4102983996105,0.0903959795832634,-0.08743755519390106,0.0,0.0,0.0,
4_+861727+204022,1399.5,17.5,1667.5,1313.0,1205.5,1094.5,1179.5,1167.0,1283.0,1433.5,1389.0,1592.5,364.0,18.327653005427507,77.4102983996105,0.08114855736494064,-0.09161663055419922,0.0,0.0,0.0,
4_+861727+204023,1399.5,17.5,1667.5,1313.0,1180.5,1061.0,1121.0,1167.0,1283.0,1433.5,1329.5,1592.5,364.0,18.32774283695592,77.4102983996105,0.084981270134449,-0.11280518770217896,0.0,0.0,0.0,
4_+861727+204024,1399.5,17.5,1585.5,1204.5,1172.0,1056.0,1103.5,1156.5,1291.0,1461.5,1392.0,1565.0,364.0,18.32783266848433,77.4102983996105,0.11554307490587234,-0.06505076587200165,0.0,0.0,0.0,
4_+861727+204025,1399.5,17.5,1585.5,1204.5,1164.0,1069.5,1095.5,1156.5,1291.0,1461.5,1480.5,1565.0,364.0,18.327922500012743,77.4102983996105,0.14945630729198456,-0.03424680233001709,0.0,0.0,0.0,
4_+861727+204026,1399.5,17.5,1539.5,1150.5,1190.5,1073.0,1153.0,1142.5,1328.5,1480.0,1483.5,1609.0,364.0,18.328012331541156,77.4102983996105,0.12526291608810425,-0.018621224910020828,0.0,0.0,0.0,
4_+861728+204002,1379.5,18.5,1849.0,1433.0,1218.5,1120.0,1217.5,1245.5,1393.0,1506.5,1427.5,1718.0,351.5,18.325856374859267,77.41038823113891,0.07942113280296326,-0.12908488512039185,0.0,0.0,0.0,
4_+861728+204003,1379.5,18.5,1849.0,1433.0,1250.0,1156.5,1289.0,1245.5,1393.0,1506.5,1534.5,1718.0,351.5,18.32594620638768,77.41038823113891,0.08695778995752335,-0.0924004465341568,0.0,0.0,0.0,
4_+861728+204004,1408.5,18.0,1993.5,1523.0,1235.5,1148.0,1270.5,1320.0,1427.5,1612.5,1521.5,1792.0,374.5,18.326036037916094,77.41038823113891,0.08986017107963562,-0.13426019251346588,0.0,0.0,0.0,
4_+861728+204005,1408.5,18.0,1993.5,1523.0,1246.5,1145.0,1270.0,1320.0,1427.5,1612.5,1530.5,1792.0,374.5,18.326125869444503,77.41038823113891,0.09302455186843872,-0.13144052028656006,0.0,0.0,0.0,
4_+861728+204006,1408.5,18.0,1944.5,1497.5,1245.0,1135.0,1253.5,1283.0,1396.5,1556.5,1527.5,1752.0,374.5,18.326215700972917,77.41038823113891,0.09854797273874283,-0.12010402977466583,0.0,0.0,0.0,
4_+861728+204007,1408.5,18.0,1944.5,1497.5,1212.0,1102.5,1209.5,1283.0,1396.5,1556.5,1453.5,1752.0,374.5,18.326305532501326,77.41038823113891,0.0913814976811409,-0.14468583464622498,0.0,0.0,0.0,
4_+861728+204008,1408.5,18.0,1863.5,1436.5,1209.5,1109.5,1212.0,1236.0,1340.0,1478.5,1433.0,1653.0,374.5,18.32639536402974,77.41038823113891,0.08355216681957245,-0.1305977702140808,0.0,0.0,0.0,
4_+861728+204009,1408.5,18.0,1863.5,1436.5,1218.0,1112.5,1206.5,1236.0,1340.0,1478.5,1435.0,1653.0,374.5,18.326485195558153,77.41038823113891,0.08640071004629135,-0.12998563051223755,0.0,0.0,0.0,
4_+861728+204010,1413.0,17.5,1854.5,1417.0,1216.5,1107.0,1210.5,1243.0,1357.0,1507.0,1446.5,1685.0,404.0,18.326575027086562,77.41038823113891,0.08885455876588821,-0.12357161939144135,0.0,0.0,0.0,
4_+861728+204011,1413.0,17.5,1854.5,1417.0,1226.5,1120.0,1235.0,1243.0,1357.0,1507.0,1469.0,1685.0,404.0,18.326664858614976,77.41038823113891,0.08654419332742691,-0.11598128080368042,0.0,0.0,0.0,
4_+861728+204012,1413.0,17.5,1861.5,1338.5,1208.5,1110.5,1178.0,1249.5,1485.5,1656.5,1581.0,1862.0,404.0,18.32675469014339,77.41038823113891,0.1461043804883957,-0.08149658143520355,0.0,0.0,0.0,
4_+861728+204013,1413.0,17.5,1861.5,1338.5,1148.5,1048.0,1076.0,1249.5,1485.5,1656.5,1720.0,1862.0,404.0,18.3268445216718,77.41038823113891,0.2303447723388672,-0.0395076684653759,0.0,0.0,0.0,
4_+861728+204014,1474.0,27.0,1745.0,1231.0,1218.0,1083.0,1124.0,1176.0,1392.0,1643.0,1739.0,1805.0,319.0,18.326934353200212,77.41038823113891,0.21480964124202728,-0.0017221583984792233,0.0,0.0,0.0,
4_+861728+204015,1413.0,17.5,1760.0,1248.5,1156.0,1067.0,1106.5,1192.5,1471.5,1692.0,1632.5,1847.5,404.0,18.327024184728625,77.41038823113891,0.1908387392759323,-0.03857911378145218,0.0,0.0,0.0,
4_+861728+204016,1406.5,17.5,1655.0,1254.5,1176.5,1067.0,1139.0,1153.0,1302.5,1442.0,1403.5,1594.0,389.5,18.327114016257035,77.41038823113891,0.10362087190151215,-0.08259929716587067,0.0,0.0,0.0,
4_+861728+204017,1406.5,17.5,1655.0,1254.5,1192.0,1069.0,1156.0,1153.0,1302.5,1442.0,1339.5,1594.0,389.5,18.327203847785448,77.41038823113891,0.07348790019750595,-0.10539758205413818,0.0,0.0,0.0,
4_+861728+204018,1406.5,17.5,1691.0,1296.0,1162.5,1069.5,1109.5,1173.5,1360.5,1534.0,1428.5,1691.0,389.5,18.327293679313858,77.41038823113891,0.12538006901741028,-0.08417867124080658,0.0,0.0,0.0,
4_+861728+204019,1346.0,9.0,1638.0,1303.0,1112.0,1024.0,1074.0,1170.0,1345.0,1534.0,1558.0,1639.0,475.0,18.32738351084227,77.41038823113891,0.18389058113098145,-0.02503128908574581,0.0,0.0,0.0,
4_+861728+204020,1406.5,17.5,1787.0,1368.5,1196.5,1115.0,1184.5,1235.5,1401.5,1590.5,1614.0,1748.0,389.5,18.327473342370684,77.41038823113891,0.15325316786766052,-0.05124152451753616,0.0,0.0,0.0,
4_+861728+204021,1406.5,17.5,1787.0,1368.5,1214.5,1128.0,1227.0,1235.5,1401.5,1590.5,1497.0,1748.0,389.5,18.327563173899094,77.41038823113891,0.0985405370593071,-0.08877310156822205,0.0,0.0,0.0,
4_+861728+204022,1399.5,17.5,1667.5,1313.0,1188.0,1080.5,1173.5,1167.0,1283.0,1433.5,1386.0,1592.5,364.0,18.327653005427507,77.41038823113891,0.08251506835222244,-0.09262648224830627,0.0,0.0,0.0,
4_+861728+204023,1399.5,17.5,1667.5,1313.0,1186.5,1056.5,1133.0,1167.0,1283.0,1433.5,1326.5,1592.5,364.0,18.32774283695592,77.41038823113891,0.07859320193529129,-0.11391343921422958,0.0,0.0,0.0,
4_+861728+204024,1399.5,17.5,1585.5,1204.5,1189.0,1056.5,1135.5,1156.5,1291.0,1461.5,1333.5,1565.0,364.0,18.32783266848433,77.41038823113891,0.08041899651288986,-0.0863507017493248,0.0,0.0,0.0,
4_+861728+204025,1399.5,17.5,1585.5,1204.5,1198.5,1092.5,1147.0,1156.5,1291.0,1461.5,1358.5,1565.0,364.0,18.327922500012743,77.41038823113891,0.0843726322054863,-0.07716359198093414,0.0,0.0,0.0,
4_+861728+204026,1399.5,17.5,1539.5,1150.5,1184.5,1071.5,1127.5,1142.5,1328.5,1480.0,1338.5,1609.0,364.0,18.328012331541156,77.41038823113891,0.08551129698753357,-0.06993690133094788,0.0,0.0,0.0,
4_+861729+204002,1379.5,18.5,1680.5,1284.0,1194.5,1095.5,1181.0,1166.0,1286.0,1420.0,1388.0,1580.0,351.5,18.325856374859267,77.41047806266732,0.0807931199669838,-0.09540314972400665,0.0,0.0,0.0,
4_+861729+204003,1379.5,18.5,1680.5,1284.0,1236.0,1129.5,1246.5,1166.0,1286.0,1420.0,1480.0,1580.0,351.5,18.32594620638768,77.41047806266732,0.08566268533468246,-0.06268584728240967,0.0,0.0,0.0,
4_+861729+204004,1408.5,18.0,1808.0,1380.0,1231.5,1136.0,1264.5,1212.0,1388.0,1573.0,1497.5,1732.0,374.5,18.326036037916094,77.41047806266732,0.08434311300516129,-0.09379467368125916,0.0,0.0,0.0,
4_+861729+204005,1408.5,18.0,1808.0,1380.0,1234.5,1133.0,1247.0,1212.0,1388.0,1573.0,1530.0,1732.0,374.5,18.326125869444503,77.41047806266732,0.10187232494354248,-0.0831584632396698,0.0,0.0,0.0,
4_+861729+204006,1408.5,18.0,1825.5,1407.5,1227.0,1109.5,1213.0,1201.5,1344.0,1493.5,1484.0,1691.5,374.5,18.326215700972917,77.41047806266732,0.1004183366894722,-0.10330389440059662,0.0,0.0,0.0,
4_+861729+204007,1408.5,18.0,1825.5,1407.5,1209.0,1089.5,1166.5,1201.5,1344.0,1493.5,1401.0,1691.5,374.5,18.326305532501326,77.41047806266732,0.09115418046712875,-0.13170713186264038,0.0,0.0,0.0,
4_+861729+204008,1408.5,18.0,1765.0,1382.5,1209.5,1092.5,1194.0,1186.5,1290.0,1426.5,1411.0,1585.0,374.5,18.32639536402974,77.41047806266732,0.08325006067752838,-0.11150955408811569,0.0,0.0,0.0,
4_+861729+204009,1408.5,18.0,1765.0,1382.5,1211.0,1099.0,1184.5,1186.5,1290.0,1426.5,1406.5,1585.0,374.5,18.326485195558153,77.41047806266732,0.08554383367300034,-0.11316218972206116,0.0,0.0,0.0,
4_+861729+204010,1413.0,17.5,1787.5,1383.0,1206.0,1086.5,1184.0,1216.0,1312.5,1479.0,1381.5,1627.5,404.0,18.326575027086562,77.41047806266732,0.07703050225973129,-0.12805551290512085,0.0,0.0,0.0,
4_+861729+204011,1413.0,17.5,1787.5,1383.0,1211.0,1116.0,1213.0,1216.0,1312.5,1479.0,1458.0,1627.5,404.0,18.326664858614976,77.41047806266732,0.0917326956987381,-0.10149647295475006,0.0,0.0,0.0,
4_+861729+204012,1413.0,17.5,1857.0,1368.5,1214.5,1105.5,1208.0,1262.5,1413.0,1572.5,1532.5,1752.5,404.0,18.32675469014339,77.41047806266732,0.118388332426548,-0.09570290893316269,0.0,0.0,0.0,
4_+861729+204013,1413.0,17.5,1857.0,1368.5,1197.5,1115.5,1188.5,1262.5,1413.0,1572.5,1626.5,1752.5,404.0,18.3268445216718,77.41047806266732,0.155538871884346,-0.0661545842885971,0.0,0.0,0.0,
4_+861729+204014,1413.0,17.5,1792.5,1309.0,1209.5,1114.5,1181.5,1230.5,1416.5,1595.5,1657.0,1741.5,404.0,18.326934353200212,77.41047806266732,0.1665487140417099,-0.040087416768074036,0.0,0.0,0.0,
4_+861729+204015,1413.0,17.5,1792.5,1309.0,1189.0,1077.0,1143.0,1230.5,1416.5,1595.5,1489.0,1741.5,404.0,18.327024184728625,77.41047806266732,0.1298871487379074,-0.09374866634607315,0.0,0.0,0.0,
4_+861729+204016,1406.5,17.5,1707.5,1316.5,1182.5,1081.5,1148.5,1187.5,1319.0,1464.0,1377.0,1632.5,389.5,18.327114016257035,77.41047806266732,0.09043056517839432,-0.10724303126335144,0.0,0.0,0.0,
4_+861729+204017,1406.5,17.5,1707.5,1316.5,1200.0,1083.0,1177.5,1187.5,1319.0,1464.0,1364.0,1632.5,389.5,18.327203847785448,77.41047806266732,0.0732189416885376,-0.11196747422218323,0.0,0.0,0.0,
4_+861729+204018,1406.5,17.5,1787.0,1367.0,1181.5,1071.5,1162.5,1216.0,1348.5,1517.0,1371.0,1716.5,389.5,18.327293679313858,77.41047806266732,0.08235739171504974,-0.13148009777069092,0.0,0.0,0.0,
4_+861729+204019,1406.5,17.5,1787.0,1367.0,1187.0,1080.0,1194.0,1216.0,1348.5,1517.0,1470.5,1716.5,389.5,18.32738351084227,77.41047806266732,0.1039314940571785,-0.09702619910240173,0.0,0.0,0.0,
4_+861729+204020,1406.5,17.5,1805.0,1396.0,1202.5,1099.0,1209.0,1254.0,1394.0,1563.0,1515.5,1735.0,389.5,18.327473342370684,77.41047806266732,0.1124192625284195,-0.087247833609581,0.0,0.0,0.0,
4_+861729+204021,1406.5,17.5,1805.0,1396.0,1214.0,1101.0,1203.5,1254.0,1394.0,1563.0,1452.5,1735.0,389.5,18.327563173899094,77.41047806266732,0.09352928400039673,-0.10838841646909714,0.0,0.0,0.0,
4_+861729+204022,1399.5,17.5,1645.5,1285.0,1192.0,1077.5,1159.0,1158.0,1274.0,1416.5,1388.5,1546.0,364.0,18.327653005427507,77.41047806266732,0.08974806219339371,-0.08497241139411926,0.0,0.0,0.0,
4_+861729+204023,1399.5,17.5,1645.5,1285.0,1179.0,1053.0,1116.5,1158.0,1274.0,1416.5,1324.5,1546.0,364.0,18.32774283695592,77.41047806266732,0.08497069031000137,-0.10825422406196594,0.0,0.0,0.0,
4_+861729+204024,1399.5,17.5,1524.5,1190.0,1177.0,1043.5,1116.5,1124.5,1221.5,1366.5,1301.5,1465.5,364.0,18.32783266848433,77.41047806266732,0.07662789523601532,-0.07889802008867264,0.0,0.0,0.0,
4_+861729+204025,1399.5,17.5,1524.5,1190.0,1194.0,1064.5,1130.5,1124.5,1221.5,1366.5,1320.5,1465.5,364.0,18.327922500012743,77.41047806266732,0.07745230942964554,-0.07176332175731659,0.0,0.0,0.0,
4_+861729+204026,1399.5,17.5,1389.5,1089.5,1179.0,1052.5,1097.0,1079.0,1196.5,1294.5,1228.0,1407.5,364.0,18.328012331541156,77.41047806266732,0.0556996613740921,-0.062301527708768845,0.0,0.0,0.0,
4_+861730+204002,1379.5,18.5,1680.5,1284.0,1170.5,1053.0,1105.0,1166.0,1286.0,1420.0,1304.5,1580.0,351.5,18.325856374859267,77.41056789419574,0.08302629739046097,-0.1260252594947815,0.0,0.0,0.0,
4_+861730+204003,1379.5,18.5,1680.5,1284.0,1211.5,1074.5,1153.0,1166.0,1286.0,1420.0,1352.0,1580.0,351.5,18.32594620638768,77.41056789419574,0.07967312633991241,-0.10762589424848557,0.0,0.0,0.0,
4_+861730+204004,1408.5,18.0,1808.0,1380.0,1183.5,1078.5,1153.5,1212.0,1388.0,1573.0,1452.0,1732.0,374.5,18.326036037916094,77.41056789419574,0.11456650495529175,-0.1092294305562973,0.0,0.0,0.0,
4_+861730+204005,1408.5,18.0,1808.0,1380.0,1171.5,1061.5,1159.0,1212.0,1388.0,1573.0,1513.0,1732.0,374.5,18.326125869444503,77.41056789419574,0.1325535923242569,-0.08875682950019836,0.0,0.0,0.0,
4_+861730+204006,1408.5,18.0,1825.5,1407.5,1185.0,1065.5,1138.5,1201.5,1344.0,1493.5,1454.5,1691.5,374.5,18.326215700972917,77.41056789419574,0.12126269936561584,-0.11365307122468948,0.0,0.0,0.0,
4_+861730+204007,1408.5,18.0,1825.5,1407.5,1211.5,1080.0,1153.0,1201.5,1344.0,1493.5,1383.5,1691.5,374.5,18.326305532501326,77.41056789419574,0.09068410098552704,-0.13788431882858276,0.0,0.0,0.0,
4_+861730+204008,1408.5,18.0,1765.0,1382.5,1197.5,1082.5,1161.5,1186.5,1290.0,1426.5,1367.0,1585.0,374.5,18.32639536402974,77.41056789419574,0.0813417062163353,-0.1270763874053955,0.0,0.0,0.0,
4_+861730+204009,1408.5,18.0,1765.0,1382.5,1190.5,1074.5,1150.0,1186.5,1290.0,1426.5,1355.5,1585.0,374.5,18.326485195558153,77.41056789419574,0.08196508139371872,-0.13127779960632324,0.0,0.0,0.0,
4_+861730+204010,1413.0,17.5,1787.5,1383.0,1192.0,1079.0,1152.5,1216.0,1312.5,1479.0,1356.0,1627.5,404.0,18.326575027086562,77.41056789419574,0.08127468824386597,-0.13720931112766266,0.0,0.0,0.0,
4_+861730+204011,1413.0,17.5,1787.5,1383.0,1217.5,1104.5,1199.5,1216.0,1312.5,1479.0,1434.5,1627.5,404.0,18.326664858614976,77.41056789419574,0.08926020562648773,-0.1095828115940094,0.0,0.0,0.0,
4_+861730+204012,1413.0,17.5,1857.0,1368.5,1240.0,1125.0,1227.0,1262.5,1413.0,1572.5,1477.5,1752.5,404.0,18.32675469014339,77.41056789419574,0.09261224418878555,-0.11379241198301315,0.0,0.0,0.0,
4_+861730+204013,1413.0,17.5,1857.0,1368.5,1225.5,1128.5,1237.0,1262.5,1413.0,1572.5,1471.0,1752.5,404.0,18.3268445216718,77.41056789419574,0.08639156818389893,-0.11595505475997925,0.0,0.0,0.0,
4_+861730+204014,1413.0,17.5,1792.5,1309.0,1219.0,1115.0,1223.0,1230.5,1416.5,1595.5,1472.0,1741.5,404.0,18.326934353200212,77.41056789419574,0.09241387248039246,-0.09817443788051605,0.0,0.0,0.0,
4_+861730+204015,1413.0,17.5,1792.5,1309.0,1198.0,1096.0,1199.0,1230.5,1416.5,1595.5,1476.0,1741.5,404.0,18.327024184728625,77.41056789419574,0.10324901342391968,-0.09711366891860962,0.0,0.0,0.0,
4_+861730+204016,1406.5,17.5,1707.5,1316.5,1200.5,1101.0,1200.0,1187.5,1319.0,1464.0,1442.0,1632.5,389.5,18.327114016257035,77.41056789419574,0.09142964333295822,-0.084430992603302,0.0,0.0,0.0,
4_+861730+204017,1406.5,17.5,1707.5,1316.5,1196.5,1094.0,1203.0,1187.5,1319.0,1464.0,1403.0,1632.5,389.5,18.327203847785448,77.41056789419574,0.07657942175865173,-0.0980226919054985,0.0,0.0,0.0,
4_+861730+204018,1406.5,17.5,1787.0,1367.0,1192.0,1106.0,1190.0,1216.0,1348.5,1517.0,1434.5,1716.5,389.5,18.327293679313858,77.41056789419574,0.0931948646903038,-0.10917706042528152,0.0,0.0,0.0,
4_+861730+204019,1406.5,17.5,1787.0,1367.0,1196.5,1084.5,1188.0,1216.0,1348.5,1517.0,1486.0,1716.5,389.5,18.32738351084227,77.41056789419574,0.11144579201936722,-0.09175542742013931,0.0,0.0,0.0,
4_+861730+204020,1406.5,17.5,1805.0,1396.0,1205.5,1101.5,1217.0,1254.0,1394.0,1563.0,1505.0,1735.0,389.5,18.327473342370684,77.41056789419574,0.10593840479850769,-0.09064742922782898,0.0,0.0,0.0,
4_+861730+204021,1406.5,17.5,1805.0,1396.0,1225.0,1123.5,1232.0,1254.0,1394.0,1563.0,1475.5,1735.0,389.5,18.327563173899094,77.41056789419574,0.08981998264789581,-0.10063233971595764,0.0,0.0,0.0,
4_+861730+204022,1399.5,17.5,1645.5,1285.0,1181.5,1081.0,1138.5,1158.0,1274.0,1416.5,1402.0,1546.0,364.0,18.327653005427507,77.41056789419574,0.10351037979125977,-0.08024454116821289,0.0,0.0,0.0,
4_+861730+204023,1399.5,17.5,1645.5,1285.0,1164.0,1029.5,1087.0,1158.0,1274.0,1416.5,1313.5,1546.0,364.0,18.32774283695592,77.41056789419574,0.09407271444797516,-0.11248188465833664,0.0,0.0,0.0,
4_+861730+204024,1399.5,17.5,1524.5,1190.0,1164.5,1036.5,1084.5,1124.5,1221.5,1366.5,1268.5,1465.5,364.0,18.32783266848433,77.41056789419574,0.0784161165356636,-0.09164503216743469,0.0,0.0,0.0,
4_+861730+204025,1399.5,17.5,1524.5,1190.0,1176.0,1055.5,1103.0,1124.5,1221.5,1366.5,1290.0,1465.5,364.0,18.327922500012743,77.41056789419574,0.07810526341199875,-0.08337682485580444,0.0,0.0,0.0,
4_+861730+204026,1399.5,17.5,1389.5,1089.5,1167.0,1048.5,1058.0,1079.0,1196.5,1294.5,1211.5,1407.5,364.0,18.328012331541156,77.41056789419574,0.0670769065618515,-0.06888721883296967,0.0,0.0,0.0,
4_+861731+204002,1379.5,18.5,1266.5,964.0,1104.5,958.0,967.5,981.5,1049.0,1177.0,1104.0,1261.5,351.5,18.325856374859267,77.41065772572415,0.06630121916532516,-0.06849249452352524,0.0,0.0,0.0,
4_+861731+204003,1379.5,18.5,1266.5,964.0,1106.0,966.5,997.0,981.5,1049.0,1177.0,1166.5,1261.5,351.5,18.32594620638768,77.41065772572415,0.07864167541265488,-0.0410885326564312,0.0,0.0,0.0,
4_+861731+204004,1408.5,18.0,1450.0,1082.5,1098.0,980.5,961.5,1044.5,1233.5,1425.0,1358.0,1525.5,374.5,18.326036037916094,77.41065772572415,0.16777603328227997,-0.03513496741652489,0.0,0.0,0.0,
4_+861731+204005,,,,,,,,,,,,,,18.326125869444503,77.41065772572415,,,,,,
4_+861731+204006,1408.5,18.0,1652.0,1252.0,1152.5,1036.0,1047.0,1137.5,1304.0,1458.5,1513.0,1622.0,374.5,18.326215700972917,77.41065772572415,0.18195872008800507,-0.04435742273926735,0.0,0.0,0.0,
4_+861731+204007,1408.5,18.0,1652.0,1252.0,1190.5,1057.5,1133.0,1137.5,1304.0,1458.5,1360.5,1622.0,374.5,18.326305532501326,77.41065772572415,0.09110114723443985,-0.09662547707557678,0.0,0.0,0.0,
4_+861731+204008,1408.5,18.0,1698.0,1317.0,1187.0,1065.0,1117.5,1140.5,1243.0,1393.5,1326.0,1539.0,374.5,18.32639536402974,77.41065772572415,0.08537963777780533,-0.12299464643001556,0.0,0.0,0.0,
4_+861731+204009,1408.5,18.0,1698.0,1317.0,1173.5,1047.0,1119.5,1140.5,1243.0,1393.5,1313.5,1539.0,374.5,18.326485195558153,77.41065772572415,0.07970786094665527,-0.1276756227016449,0.0,0.0,0.0,
4_+861731+204010,1413.0,17.5,1740.5,1341.0,1187.0,1067.0,1136.0,1169.5,1295.5,1430.0,1332.0,1598.5,404.0,18.326575027086562,77.41065772572415,0.07960507273674011,-0.13286274671554565,0.0,0.0,0.0,
4_+861731+204011,1413.0,17.5,1740.5,1341.0,1206.0,1086.5,1190.0,1169.5,1295.5,1430.0,1381.0,1598.5,404.0,18.326664858614976,77.41065772572415,0.07433046400547028,-0.1151229739189148,0.0,0.0,0.0,
4_+861731+204012,1413.0,17.5,1812.5,1381.5,1212.0,1095.5,1189.5,1233.5,1344.0,1494.5,1420.5,1674.5,404.0,18.32675469014339,77.41065772572415,0.0885019451379776,-0.12108872830867767,0.0,0.0,0.0,
4_+861731+204013,1413.0,17.5,1812.5,1381.5,1219.5,1103.0,1213.0,1233.5,1344.0,1494.5,1431.5,1674.5,404.0,18.3268445216718,77.41065772572415,0.08257599920034409,-0.11730252206325531,0.0,0.0,0.0,
4_+861731+204014,1413.0,17.5,1775.5,1334.5,1215.0,1108.5,1196.5,1217.0,1358.0,1510.5,1446.0,1681.0,404.0,18.326934353200212,77.41065772572415,0.09440430998802185,-0.10229410231113434,0.0,0.0,0.0,
4_+861731+204015,1413.0,17.5,1775.5,1334.5,1181.5,1102.5,1124.0,1217.0,1358.0,1510.5,1508.5,1681.0,404.0,18.327024184728625,77.41065772572415,0.14580406248569489,-0.08154070377349854,0.0,0.0,0.0,
4_+861731+204016,1406.5,17.5,1740.0,1331.0,1193.0,1085.0,1169.0,1221.5,1332.0,1504.5,1470.0,1623.0,389.5,18.327114016257035,77.41065772572415,0.11387034505605698,-0.08437931537628174,0.0,0.0,0.0,
4_+861731+204017,1406.5,17.5,1740.0,1331.0,1215.5,1114.5,1218.5,1221.5,1332.0,1504.5,1435.0,1623.0,389.5,18.327203847785448,77.41065772572415,0.08154786378145218,-0.09611207991838455,0.0,0.0,0.0,
4_+861731+204018,1406.5,17.5,1736.0,1354.0,1206.0,1105.0,1212.0,1215.0,1318.0,1490.5,1431.0,1621.5,389.5,18.327293679313858,77.41065772572415,0.08277162164449692,-0.09634135663509369,0.0,0.0,0.0,
4_+861731+204019,1406.5,17.5,1736.0,1354.0,1199.5,1082.0,1188.5,1215.0,1318.0,1490.5,1434.5,1621.5,389.5,18.32738351084227,77.41065772572415,0.09379099309444427,-0.09510556608438492,0.0,0.0,0.0,
4_+861731+204020,1406.5,17.5,1667.5,1315.5,1204.0,1112.0,1194.0,1165.5,1310.0,1450.0,1480.0,1622.5,389.5,18.327473342370684,77.41065772572415,0.10723719745874405,-0.059569377452135086,0.0,0.0,0.0,
4_+861731+204021,1406.5,17.5,1667.5,1315.5,1228.5,1120.5,1227.0,1165.5,1310.0,1450.0,1457.0,1622.5,389.5,18.327563173899094,77.41065772572415,0.08543195575475693,-0.06769092381000519,0.0,0.0,0.0,
4_+861731+204022,1399.5,17.5,1538.5,1197.0,1173.5,1062.0,1123.0,1106.5,1218.0,1348.5,1364.0,1473.0,364.0,18.327653005427507,77.41065772572415,0.09684404730796814,-0.060265764594078064,0.0,0.0,0.0,
4_+861731+204023,1399.5,17.5,1538.5,1197.0,1160.5,1016.0,1066.0,1106.5,1218.0,1348.5,1263.5,1473.0,364.0,18.32774283695592,77.41065772572415,0.0847567692399025,-0.0981670543551445,0.0,0.0,0.0,
4_+861731+204024,1399.5,17.5,1475.0,1157.5,1157.5,1026.5,1067.5,1088.0,1191.0,1327.0,1238.0,1457.0,364.0,18.32783266848433,77.41065772572415,0.07408418506383896,-0.08736009895801544,0.0,0.0,0.0,
4_+861731+204025,1399.5,17.5,1475.0,1157.5,1165.0,1044.0,1100.0,1088.0,1191.0,1327.0,1271.0,1457.0,364.0,18.327922500012743,77.41065772572415,0.07203496247529984,-0.07439881563186646,0.0,0.0,0.0,
4_+861731+204026,1399.5,17.5,1396.0,1093.0,1153.0,1045.5,1061.0,1106.5,1205.0,1314.5,1235.0,1406.5,364.0,18.328012331541156,77.41065772572415,0.0754614919424057,-0.0614996999502182,0.0,0.0,0.0,
4_+861732+204002,1379.5,18.5,1266.5,964.0,1103.5,940.0,932.5,981.5,1049.0,1177.0,1026.5,1261.5,351.5,18.325856374859267,77.41074755725255,0.04849494621157646,-0.10444984585046768,0.0,0.0,0.0,
4_+861732+204003,1379.5,18.5,1266.5,964.0,1105.5,949.5,938.5,981.5,1049.0,1177.0,1064.0,1261.5,351.5,18.32594620638768,77.41074755725255,0.06293847411870956,-0.08668673038482666,0.0,0.0,0.0,
4_+861732+204004,1408.5,18.0,1450.0,1082.5,1105.0,957.0,949.0,1044.5,1233.5,1425.0,1162.5,1525.5,374.5,18.326036037916094,77.41074755725255,0.10011269897222519,-0.11041779816150665,0.0,0.0,0.0,
4_+861732+204005,1408.5,18.0,1450.0,1082.5,1126.0,991.5,991.5,1044.5,1233.5,1425.0,1335.0,1525.5,374.5,18.326125869444503,77.41074755725255,0.14767907559871674,-0.04125542938709259,0.0,0.0,0.0,
4_+861732+204006,1408.5,18.0,1652.0,1252.0,1161.0,1032.0,1082.5,1137.5,1304.0,1458.5,1356.0,1622.0,374.5,18.326215700972917,77.41074755725255,0.11264638602733612,-0.09826531261205673,0.0,0.0,0.0,
4_+861732+204007,1408.5,18.0,1652.0,1252.0,1190.0,1051.5,1133.5,1137.5,1304.0,1458.5,1340.0,1622.0,374.5,18.326305532501326,77.41074755725255,0.08344611525535583,-0.10407406091690063,0.0,0.0,0.0,
4_+861732+204008,1408.5,18.0,1698.0,1317.0,1193.5,1056.5,1129.0,1140.5,1243.0,1393.5,1339.0,1539.0,374.5,18.32639536402974,77.41074755725255,0.08510146290063858,-0.11818718165159225,0.0,0.0,0.0,
4_+861732+204009,1408.5,18.0,1698.0,1317.0,1186.0,1050.0,1123.0,1140.5,1243.0,1393.5,1317.5,1539.0,374.5,18.326485195558153,77.41074755725255,0.07971329987049103,-0.12616518139839172,0.0,0.0,0.0,
4_+861732+204010,1413.0,17.5,1740.5,1341.0,1181.5,1060.5,1148.5,1169.5,1295.5,1430.0,1350.5,1598.5,404.0,18.326575027086562,77.41074755725255,0.08093587309122086,-0.12606346607208252,0.0,0.0,0.0,
4_+861732+204011,1413.0,17.5,1740.5,1341.0,1196.5,1081.5,1173.5,1169.5,1295.5,1430.0,1392.5,1598.5,404.0,18.326664858614976,77.41074755725255,0.08556678891181946,-0.11097769439220428,0.0,0.0,0.0,
4_+861732+204012,1413.0,17.5,1812.5,1381.5,1211.5,1104.0,1188.5,1233.5,1344.0,1494.5,1465.0,1674.5,404.0,18.32675469014339,77.41074755725255,0.10426399856805801,-0.10591495037078857,0.0,0.0,0.0,
4_+861732+204013,1413.0,17.5,1812.5,1381.5,1225.0,1115.0,1235.0,1233.5,1344.0,1494.5,1506.5,1674.5,404.0,18.3268445216718,77.41074755725255,0.09900218993425369,-0.09204794466495514,0.0,0.0,0.0,
4_+861732+204014,1413.0,17.5,1775.5,1334.5,1217.0,1098.0,1217.0,1217.0,1358.0,1510.5,1473.5,1681.0,404.0,18.326934353200212,77.41074755725255,0.09525984525680542,-0.09301428496837616,0.0,0.0,0.0,
4_+861732+204015,1413.0,17.5,1775.5,1334.5,1184.5,1071.5,1136.0,1217.0,1358.0,1510.5,1442.5,1681.0,404.0,18.327024184728625,77.41074755725255,0.11856565624475479,-0.10372316837310791,0.0,0.0,0.0,
4_+861732+204016,1406.5,17.5,1740.0,1331.0,1188.0,1058.5,1142.5,1221.5,1332.0,1504.5,1387.0,1623.0,389.5,18.327114016257035,77.41074755725255,0.09693039208650589,-0.11293869465589523,0.0,0.0,0.0,
4_+861732+204017,1406.5,17.5,1740.0,1331.0,1195.0,1091.0,1188.0,1221.5,1332.0,1504.5,1412.0,1623.0,389.5,18.327203847785448,77.41074755725255,0.08628959208726883,-0.10405221581459045,0.0,0.0,0.0,
4_+861732+204018,1406.5,17.5,1736.0,1354.0,1203.5,1106.5,1195.5,1215.0,1318.0,1490.5,1417.5,1621.5,389.5,18.327293679313858,77.41074755725255,0.08487873524427414,-0.10103227198123932,0.0,0.0,0.0,
4_+861732+204019,1406.5,17.5,1736.0,1354.0,1187.0,1078.5,1166.0,1215.0,1318.0,1490.5,1367.0,1621.5,389.5,18.32738351084227,77.41074755725255,0.07932878285646439,-0.11890138685703278,0.0,0.0,0.0,
4_+861732+204020,1406.5,17.5,1667.5,1315.5,1179.0,1067.0,1152.0,1165.5,1310.0,1450.0,1370.0,1622.5,389.5,18.327473342370684,77.41074755725255,0.08659783005714417,-0.0979418009519577,0.0,0.0,0.0,
4_+861732+204021,1406.5,17.5,1667.5,1315.5,1187.0,1067.5,1152.5,1165.5,1310.0,1450.0,1339.5,1622.5,389.5,18.327563173899094,77.41074755725255,0.07499533891677856,-0.10919400304555893,0.0,0.0,0.0,
4_+861732+204022,1399.5,17.5,1538.5,1197.0,1166.5,1042.5,1101.5,1106.5,1218.0,1348.5,1299.0,1473.0,364.0,18.327653005427507,77.41074755725255,0.08227144926786423,-0.08443823456764221,0.0,0.0,0.0,
4_+861732+204023,1399.5,17.5,1538.5,1197.0,1168.0,1015.5,1065.5,1106.5,1218.0,1348.5,1233.0,1473.0,364.0,18.32774283695592,77.41074755725255,0.0729338675737381,-0.1102844774723053,0.0,0.0,0.0,
4_+861732+204024,1399.5,17.5,1475.0,1157.5,1156.0,1026.5,1067.5,1088.0,1191.0,1327.0,1238.5,1457.0,364.0,18.32783266848433,77.41074755725255,0.07448972016572952,-0.08717964589595795,0.0,0.0,0.0,
4_+861732+204025,1399.5,17.5,1475.0,1157.5,1170.5,1052.5,1095.0,1088.0,1191.0,1327.0,1297.5,1457.0,364.0,18.327922500012743,77.41074755725255,0.08487410843372345,-0.06403256207704544,0.0,0.0,0.0,
4_+861732+204026,1399.5,17.5,1396.0,1093.0,1180.5,1065.5,1097.5,1106.5,1205.0,1314.5,1293.0,1406.5,364.0,18.328012331541156,77.41074755725255,0.08135823160409927,-0.03875020146369934,0.0,0.0,0.0,
4_+861733+204002,1372.5,16.5,1081.0,838.5,1086.5,926.0,929.0,891.5,972.0,1072.5,1028.5,1190.0,356.0,18.325856374859267,77.41083738878096,0.051186006516218185,-0.02489023655653,0.0,0.0,0.0,
4_+861733+204003,1372.5,16.5,1081.0,838.5,1093.0,934.0,926.0,891.5,972.0,1072.5,1025.5,1190.0,356.0,18.32594620638768,77.41083738878096,0.051430314779281616,-0.026377610862255096,0.0,0.0,0.0,
4_+861733+204004,1389.5,16.5,1269.0,958.5,1105.5,940.5,944.0,962.5,1057.0,1133.0,1050.0,1274.5,355.5,18.326036037916094,77.41083738878096,0.0535309873521328,-0.0937361940741539,0.0,0.0,0.0,
4_+861733+204005,1389.5,16.5,1269.0,958.5,1111.5,969.0,978.0,962.5,1057.0,1133.0,1155.5,1274.5,355.5,18.326125869444503,77.41083738878096,0.08336737751960754,-0.04712340980768204,0.0,0.0,0.0,
4_+861733+204006,1389.5,16.5,1558.0,1218.0,1180.0,1044.5,1125.0,1145.5,1224.5,1371.5,1309.0,1500.5,355.5,18.326215700972917,77.41083738878096,0.07549307495355606,-0.08670510351657867,0.0,0.0,0.0,
4_+861733+204007,1389.5,16.5,1558.0,1218.0,1204.0,1076.0,1157.0,1145.5,1224.5,1371.5,1365.5,1500.5,355.5,18.326305532501326,77.41083738878096,0.08245446532964706,-0.065171018242836,0.0,0.0,0.0,
4_+861733+204008,1389.5,16.5,1714.5,1344.0,1177.0,1059.0,1140.5,1168.0,1305.0,1427.0,1334.5,1592.0,355.5,18.32639536402974,77.41083738878096,0.07839640974998474,-0.12444395571947098,0.0,0.0,0.0,
4_+861733+204009,1389.5,16.5,1714.5,1344.0,1197.0,1079.0,1164.5,1168.0,1305.0,1427.0,1374.5,1592.0,355.5,18.326485195558153,77.41083738878096,0.0827818363904953,-0.10995317995548248,0.0,0.0,0.0,
4_+861733+204010,1411.5,18.5,1797.0,1379.0,1194.5,1081.5,1156.0,1225.5,1347.0,1533.5,1491.5,1672.5,391.0,18.326575027086562,77.41083738878096,0.1265992522239685,-0.09287659078836441,0.0,0.0,0.0,
4_+861733+204011,1411.5,18.5,1797.0,1379.0,1180.0,1082.0,1160.0,1225.5,1347.0,1533.5,1505.5,1672.5,391.0,18.326664858614976,77.41083738878096,0.1294795721769333,-0.08818475902080536,0.0,0.0,0.0,
4_+861733+204012,1411.5,18.5,1858.5,1415.5,1199.5,1085.5,1199.0,1244.5,1382.5,1532.5,1477.0,1743.0,391.0,18.32675469014339,77.41083738878096,0.10386303812265396,-0.1142735481262207,0.0,0.0,0.0,
4_+861733+204013,1411.5,18.5,1858.5,1415.5,1196.0,1096.0,1213.5,1244.5,1382.5,1532.5,1499.5,1743.0,391.0,18.3268445216718,77.41083738878096,0.10543137043714523,-0.10676306486129761,0.0,0.0,0.0,
4_+861733+204014,1411.5,18.5,1859.5,1404.0,1187.0,1092.0,1183.5,1249.0,1361.5,1528.5,1512.0,1708.5,391.0,18.326934353200212,77.41083738878096,0.12164311110973358,-0.10324785858392715,0.0,0.0,0.0,
4_+861733+204015,1411.5,18.5,1859.5,1404.0,1183.5,1074.5,1168.5,1249.0,1361.5,1528.5,1463.5,1708.5,391.0,18.327024184728625,77.41083738878096,0.11199957877397537,-0.1193615049123764,0.0,0.0,0.0,
4_+861733+204016,1410.0,17.5,1771.0,1371.0,1187.5,1074.5,1174.5,1230.0,1337.5,1507.0,1395.0,1669.0,385.0,18.327114016257035,77.41083738878096,0.08574279397726059,-0.11880664527416229,0.0,0.0,0.0,
4_+861733+204017,1410.0,17.5,1771.0,1371.0,1206.0,1105.5,1195.0,1230.0,1337.5,1507.0,1414.5,1669.0,385.0,18.327203847785448,77.41083738878096,0.0841595008969307,-0.11191064119338989,0.0,0.0,0.0,
4_+861733+204018,1410.0,17.5,1802.0,1379.5,1217.0,1111.0,1206.0,1253.5,1373.0,1518.0,1425.0,1661.0,385.0,18.327293679313858,77.41083738878096,0.08312615007162094,-0.11691676080226898,0.0,0.0,0.0,
4_+861733+204019,1410.0,17.5,1802.0,1379.5,1194.5,1084.5,1160.5,1253.5,1373.0,1518.0,1364.5,1661.0,385.0,18.32738351084227,77.41083738878096,0.08039199560880661,-0.13848422467708588,0.0,0.0,0.0,
4_+861733+204020,1410.0,17.5,1620.5,1229.5,1177.5,1053.5,1121.0,1167.5,1278.5,1425.5,1323.0,1572.0,385.0,18.327473342370684,77.41083738878096,0.08240408450365067,-0.10114115476608276,0.0,0.0,0.0,
4_+861733+204021,1410.0,17.5,1620.5,1229.5,1164.0,1041.0,1107.5,1167.5,1278.5,1425.5,1269.5,1572.0,385.0,18.327563173899094,77.41083738878096,0.06805190443992615,-0.12139806896448135,0.0,0.0,0.0,
4_+861733+204022,1382.0,16.5,1452.0,1099.0,1148.5,1028.5,1053.0,1073.0,1195.5,1322.5,1261.0,1460.0,341.0,18.327653005427507,77.41083738878096,0.08987147361040115,-0.07042647153139114,0.0,0.0,0.0,
4_+861733+204023,1382.0,16.5,1452.0,1099.0,1142.0,993.5,1022.5,1073.0,1195.5,1322.5,1229.0,1460.0,341.0,18.32774283695592,77.41083738878096,0.09194140136241913,-0.08325804769992828,0.0,0.0,0.0,
4_+861733+204024,1382.0,16.5,1445.0,1131.5,1149.5,1015.5,1037.0,1070.0,1198.5,1303.5,1227.0,1444.0,341.0,18.32783266848433,77.41083738878096,0.08458977192640305,-0.08152743428945541,0.0,0.0,0.0,
4_+861733+204025,1382.0,16.5,1445.0,1131.5,1156.5,1038.0,1083.0,1070.0,1198.5,1303.5,1265.0,1444.0,341.0,18.327922500012743,77.41083738878096,0.07762724161148071,-0.06636077165603638,0.0,0.0,0.0,
4_+861733+204026,1382.0,16.5,1366.5,1085.0,1148.0,1036.5,1097.5,1071.0,1166.0,1287.0,1240.5,1383.0,341.0,18.328012331541156,77.41083738878096,0.061178434640169144,-0.04833690822124481,0.0,0.0,0.0,
4_+861734+204002,1372.5,16.5,1081.0,838.5,1098.0,937.5,937.5,891.5,972.0,1072.5,1024.0,1190.0,356.0,18.325856374859267,77.41092722030938,0.04436372220516205,-0.027093220502138138,0.0,0.0,0.0,
4_+861734+204003,1372.5,16.5,1081.0,838.5,1085.5,926.5,918.0,891.5,972.0,1072.5,1014.0,1190.0,356.0,18.32594620638768,77.41092722030938,0.04998581111431122,-0.03199995309114456,0.0,0.0,0.0,
4_+861734+204004,1389.5,16.5,1269.0,958.5,1095.0,927.5,910.5,962.5,1057.0,1133.0,1019.5,1274.5,355.5,18.326036037916094,77.41092722030938,0.05701424926519394,-0.10806700587272644,0.0,0.0,0.0,
4_+861734+204005,1389.5,16.5,1269.0,958.5,1116.5,965.5,973.0,962.5,1057.0,1133.0,1118.0,1274.5,355.5,18.326125869444503,77.41092722030938,0.06998798251152039,-0.06298983097076416,0.0,0.0,0.0,
4_+861734+204006,1389.5,16.5,1558.0,1218.0,1194.0,1053.5,1124.5,1145.5,1224.5,1371.5,1309.0,1500.5,355.5,18.326215700972917,77.41092722030938,0.07683185487985611,-0.08656119555234909,0.0,0.0,0.0,
4_+861734+204007,1389.5,16.5,1558.0,1218.0,1211.5,1097.0,1165.0,1145.5,1224.5,1371.5,1367.0,1500.5,355.5,18.326305532501326,77.41092722030938,0.07975184172391891,-0.06451428681612015,0.0,0.0,0.0,
4_+861734+204008,1389.5,16.5,1714.5,1344.0,1192.0,1070.0,1143.0,1168.0,1305.0,1427.0,1318.0,1592.0,355.5,18.32639536402974,77.41092722030938,0.07100135087966919,-0.1306297332048416,0.0,0.0,0.0,
4_+861734+204009,1389.5,16.5,1714.5,1344.0,1198.0,1082.0,1174.0,1168.0,1305.0,1427.0,1372.5,1592.0,355.5,18.326485195558153,77.41092722030938,0.07809261977672577,-0.11066684126853943,0.0,0.0,0.0,
4_+861734+204010,1411.5,18.5,1797.0,1379.0,1221.0,1117.5,1223.0,1225.5,1347.0,1533.5,1503.5,1672.5,391.0,18.326575027086562,77.41092722030938,0.10295123606920242,-0.08875691890716553,0.0,0.0,0.0,
4_+861734+204011,1411.5,18.5,1797.0,1379.0,1209.0,1116.0,1202.5,1225.5,1347.0,1533.5,1532.0,1672.5,391.0,18.326664858614976,77.41092722030938,0.1200254037976265,-0.07982930541038513,0.0,0.0,0.0,
4_+861734+204012,1411.5,18.5,1858.5,1415.5,1204.0,1098.5,1182.5,1244.5,1382.5,1532.5,1453.5,1743.0,391.0,18.32675469014339,77.41092722030938,0.10277900099754333,-0.12218189239501953,0.0,0.0,0.0,
4_+861734+204013,1411.5,18.5,1858.5,1415.5,1186.0,1081.0,1187.5,1244.5,1382.5,1532.5,1451.0,1743.0,391.0,18.3268445216718,77.41092722030938,0.0998038724064827,-0.12309347093105316,0.0,0.0,0.0,
4_+861734+204014,1411.5,18.5,1859.5,1404.0,1199.5,1117.5,1229.0,1249.0,1361.5,1528.5,1530.5,1708.5,391.0,18.326934353200212,77.41092722030938,0.10929663479328156,-0.09703986346721649,0.0,0.0,0.0,
4_+861734+204015,1411.5,18.5,1859.5,1404.0,1235.5,1134.0,1227.5,1249.0,1361.5,1528.5,1498.5,1708.5,391.0,18.327024184728625,77.41092722030938,0.09916525334119797,-0.1077166274189949,0.0,0.0,0.0,
4_+861734+204016,1410.0,17.5,1771.0,1371.0,1213.5,1107.5,1193.5,1230.0,1337.5,1507.0,1429.5,1669.0,385.0,18.327114016257035,77.41092722030938,0.08985698223114014,-0.10678751766681671,0.0,0.0,0.0,
4_+861734+204017,1410.0,17.5,1771.0,1371.0,1208.5,1116.5,1223.5,1230.0,1337.5,1507.0,1462.5,1669.0,385.0,18.327203847785448,77.41092722030938,0.0891880914568901,-0.09542679786682129,0.0,0.0,0.0,
4_+861734+204018,1410.0,17.5,1802.0,1379.5,1243.5,1138.0,1283.5,1253.5,1373.0,1518.0,1548.5,1661.0,385.0,18.327293679313858,77.41092722030938,0.09353771805763245,-0.07568986713886261,0.0,0.0,0.0,
4_+861734+204019,1410.0,17.5,1802.0,1379.5,1234.5,1129.5,1263.0,1253.5,1373.0,1518.0,1538.0,1661.0,385.0,18.32738351084227,77.41092722030938,0.09786038100719452,-0.07940362393856049,0.0,0.0,0.0,
4_+861734+204020,1410.0,17.5,1620.5,1229.5,1193.5,1093.5,1173.5,1167.5,1278.5,1425.5,1460.5,1572.0,385.0,18.327473342370684,77.41092722030938,0.10793492197990417,-0.052758075296878815,0.0,0.0,0.0,
4_+861734+204021,1410.0,17.5,1620.5,1229.5,1180.5,1053.5,1130.5,1167.5,1278.5,1425.5,1360.0,1572.0,385.0,18.327563173899094,77.41092722030938,0.09162848442792892,-0.0877217948436737,0.0,0.0,0.0,
4_+861734+204022,1382.0,16.5,1452.0,1099.0,1154.5,1025.0,1026.5,1073.0,1195.5,1322.5,1315.0,1460.0,341.0,18.327653005427507,77.41092722030938,0.12288554012775421,-0.04981549084186554,0.0,0.0,0.0,
4_+861734+204023,1382.0,16.5,1452.0,1099.0,1127.0,987.0,977.0,1073.0,1195.5,1322.5,1269.0,1460.0,341.0,18.32774283695592,77.41092722030938,0.13041013479232788,-0.06739366799592972,0.0,0.0,0.0,
4_+861734+204024,1382.0,16.5,1445.0,1131.5,1144.0,1003.5,1036.5,1070.0,1198.5,1303.5,1246.5,1444.0,341.0,18.32783266848433,77.41092722030938,0.09280208498239517,-0.07368862628936768,0.0,0.0,0.0,
4_+861734+204025,1382.0,16.5,1445.0,1131.5,1157.5,1028.5,1076.5,1070.0,1198.5,1303.5,1243.5,1444.0,341.0,18.327922500012743,77.41092722030938,0.0720456913113594,-0.07489600032567978,0.0,0.0,0.0,
4_+861734+204026,1382.0,16.5,1366.5,1085.0,1156.5,1016.0,1074.5,1071.0,1166.0,1287.0,1214.5,1383.0,341.0,18.328012331541156,77.41092722030938,0.06103873625397682,-0.05898158997297287,0.0,0.0,0.0,
4_+861735+204002,1372.5,16.5,1238.0,893.0,1087.5,924.0,907.5,965.5,1144.5,1225.0,1047.5,1331.5,356.0,18.325856374859267,77.41101705183779,0.07180191576480865,-0.08335116505622864,0.0,0.0,0.0,
4_+861735+204003,1372.5,16.5,1238.0,893.0,1088.0,916.0,876.5,965.5,1144.5,1225.0,1071.5,1331.5,356.0,18.32594620638768,77.41101705183779,0.10056594014167786,-0.07216061651706696,0.0,0.0,0.0,
4_+861735+204004,1389.5,16.5,1280.5,953.5,1081.0,920.0,893.0,964.5,1080.0,1231.0,1029.0,1302.0,355.5,18.326036037916094,77.41101705183779,0.07167273759841919,-0.10867920517921448,0.0,0.0,0.0,
4_+861735+204005,1389.5,16.5,1280.5,953.5,1102.0,948.0,964.5,964.5,1080.0,1231.0,1085.0,1302.0,355.5,18.326125869444503,77.41101705183779,0.05910196155309677,-0.08307318389415741,0.0,0.0,0.0,
4_+861735+204006,1389.5,16.5,1540.0,1205.5,1150.5,1017.0,1064.0,1119.0,1211.0,1335.5,1242.0,1498.0,355.5,18.326215700972917,77.41101705183779,0.07838272303342819,-0.10674957931041718,0.0,0.0,0.0,
4_+861735+204007,1389.5,16.5,1540.0,1205.5,1187.5,1075.5,1157.0,1119.0,1211.0,1335.5,1374.5,1498.0,355.5,18.326305532501326,77.41101705183779,0.08631881326436996,-0.05595611035823822,0.0,0.0,0.0,
4_+861735+204008,1389.5,16.5,1795.0,1412.0,1213.5,1101.0,1212.5,1264.0,1368.5,1512.5,1380.0,1667.0,355.5,18.32639536402974,77.41101705183779,0.06462180614471436,-0.1303611844778061,0.0,0.0,0.0,
4_+861735+204009,1389.5,16.5,1795.0,1412.0,1206.0,1117.0,1216.5,1264.0,1368.5,1512.5,1427.5,1667.0,355.5,18.326485195558153,77.41101705183779,0.07988838851451874,-0.11371153593063354,0.0,0.0,0.0,
4_+861735+204010,1411.5,18.5,1861.0,1473.5,1223.5,1129.5,1247.5,1266.5,1391.5,1572.5,1491.5,1718.0,391.0,18.326575027086562,77.41101705183779,0.08911322057247162,-0.11014965176582336,0.0,0.0,0.0,
4_+861735+204011,1411.5,18.5,1861.0,1473.5,1221.5,1124.5,1244.0,1266.5,1391.5,1572.5,1485.5,1718.0,391.0,18.326664858614976,77.41101705183779,0.0884702205657959,-0.11216147243976593,0.0,0.0,0.0,
4_+861735+204012,1411.5,18.5,1857.5,1436.5,1218.5,1122.5,1225.0,1236.5,1434.0,1554.5,1466.5,1777.0,391.0,18.32675469014339,77.41101705183779,0.08961697667837143,-0.11760066449642181,0.0,0.0,0.0,
4_+861735+204013,1411.5,18.5,1857.5,1436.5,1224.0,1115.5,1222.0,1236.5,1434.0,1554.5,1462.5,1777.0,391.0,18.3268445216718,77.41101705183779,0.08966192603111267,-0.1188846081495285,0.0,0.0,0.0,
4_+861735+204014,1411.5,18.5,1826.0,1397.0,1236.0,1143.5,1275.0,1267.0,1395.5,1601.5,1565.5,1711.0,391.0,18.326934353200212,77.41101705183779,0.10215248912572861,-0.07690222561359406,0.0,0.0,0.0,
4_+861735+204015,1411.5,18.5,1826.0,1397.0,1220.0,1134.5,1248.5,1267.0,1395.5,1601.5,1477.0,1711.0,391.0,18.327024184728625,77.41101705183779,0.08257447183132172,-0.10699523985385895,0.0,0.0,0.0,
4_+861735+204016,1410.0,17.5,1758.5,1390.5,1179.5,1076.5,1159.5,1206.0,1360.0,1482.5,1358.5,1652.5,385.0,18.327114016257035,77.41101705183779,0.07881658524274826,-0.1283363550901413,0.0,0.0,0.0,
4_+861735+204017,1410.0,17.5,1758.5,1390.5,1188.0,1092.5,1192.0,1206.0,1360.0,1482.5,1408.0,1652.5,385.0,18.327203847785448,77.41101705183779,0.08330395817756653,-0.11090806871652603,0.0,0.0,0.0,
4_+861735+204018,1410.0,17.5,1884.5,1458.5,1234.5,1132.5,1276.5,1274.0,1412.0,1591.0,1517.0,1737.0,385.0,18.327293679313858,77.41101705183779,0.0863054022192955,-0.1080629900097847,0.0,0.0,0.0,
4_+861735+204019,1410.0,17.5,1884.5,1458.5,1233.0,1130.5,1253.5,1274.0,1412.0,1591.0,1598.5,1737.0,385.0,18.32738351084227,77.41101705183779,0.12086911499500275,-0.08221153914928436,0.0,0.0,0.0,
4_+861735+204020,1410.0,17.5,1644.0,1264.0,1195.0,1090.0,1182.0,1166.5,1320.5,1444.5,1504.0,1645.0,385.0,18.327473342370684,77.41101705183779,0.11907065659761429,-0.04510585963726044,0.0,0.0,0.0,
4_+861735+204021,1410.0,17.5,1644.0,1264.0,1170.5,1046.5,1119.0,1166.5,1320.5,1444.5,1343.0,1645.0,385.0,18.327563173899094,77.41101705183779,0.09063515067100525,-0.10071074962615967,0.0,0.0,0.0,
4_+861735+204022,1382.0,16.5,1442.5,1094.0,1151.5,1017.5,1045.5,1059.0,1158.5,1294.5,1247.0,1405.5,341.0,18.327653005427507,77.41101705183779,0.08789784461259842,-0.07268621027469635,0.0,0.0,0.0,
4_+861735+204023,1382.0,16.5,1442.5,1094.0,1136.0,988.0,991.0,1059.0,1158.5,1294.5,1206.0,1405.5,341.0,18.32774283695592,77.41101705183779,0.09822075814008713,-0.0892922431230545,0.0,0.0,0.0,
4_+861735+204024,1382.0,16.5,1439.0,1099.0,1133.5,996.0,1028.5,1065.5,1192.0,1356.5,1241.0,1456.0,341.0,18.32783266848433,77.41101705183779,0.09382133185863495,-0.0740513727068901,0.0,0.0,0.0,
4_+861735+204025,1382.0,16.5,1439.0,1099.0,1135.5,1019.0,1045.0,1065.5,1192.0,1356.5,1306.5,1456.0,341.0,18.327922500012743,77.41101705183779,0.11156290024518967,-0.048202335834503174,0.0,0.0,0.0,
4_+861735+204026,1382.0,16.5,1330.5,1016.5,1144.0,1024.0,1060.0,1042.0,1180.0,1293.5,1240.0,1433.0,341.0,18.328012331541156,77.41101705183779,0.07782378047704697,-0.035625018179416656,0.0,0.0,0.0,
4_+861736+204002,1302.0,9.0,1247.0,940.0,1060.0,926.0,948.0,963.0,1129.0,1225.0,1213.0,1310.0,429.0,18.325856374859267,77.4111068833662,0.12262841314077377,-0.013821138069033623,0.0,0.0,0.0,
4_+861736+204003,,,,,,,,,,,,,,18.32594620638768,77.4111068833662,,,,,,
4_+861736+204004,1457.0,25.0,1317.0,967.0,1158.0,996.0,944.0,991.0,1090.0,1249.0,1071.0,1306.0,291.0,18.326036037916094,77.4111068833662,0.0630272924900055,-0.10301507264375687,0.0,0.0,0.0,
4_+861736+204005,1389.5,16.5,1280.5,953.5,1115.0,959.5,966.5,964.5,1080.0,1231.0,1129.5,1302.0,355.5,18.326125869444503,77.4111068833662,0.0782686322927475,-0.062447093427181244,0.0,0.0,0.0,
4_+861736+204006,1389.5,16.5,1540.0,1205.5,1135.5,1017.0,1055.0,1119.0,1211.0,1335.5,1225.0,1498.0,355.5,18.326215700972917,77.4111068833662,0.07496567815542221,-0.11328441649675369,0.0,0.0,0.0,
4_+861736+204007,1389.5,16.5,1540.0,1205.5,1187.0,1082.5,1173.5,1119.0,1211.0,1335.5,1358.5,1498.0,355.5,18.326305532501326,77.4111068833662,0.07350551337003708,-0.061902083456516266,0.0,0.0,0.0,
4_+861736+204008,1389.5,16.5,1795.0,1412.0,1230.5,1147.0,1272.5,1264.0,1368.5,1512.5,1457.0,1667.0,355.5,18.32639536402974,77.4111068833662,0.0676446184515953,-0.1035977154970169,0.0,0.0,0.0,
4_+861736+204009,1389.5,16.5,1795.0,1412.0,1233.0,1156.0,1286.5,1264.0,1368.5,1512.5,1511.5,1667.0,355.5,18.326485195558153,77.4111068833662,0.0803975984454155,-0.0854213684797287,0.0,0.0,0.0,
4_+861736+204010,1411.5,18.5,1861.0,1473.5,1227.0,1142.0,1266.0,1266.5,1391.5,1572.5,1505.5,1718.0,391.0,18.326575027086562,77.4111068833662,0.08633792400360107,-0.10557743906974792,0.0,0.0,0.0,
4_+861736+204011,1411.5,18.5,1861.0,1473.5,1225.5,1114.5,1243.5,1266.5,1391.5,1572.5,1480.0,1718.0,391.0,18.326664858614976,77.4111068833662,0.08673857152462006,-0.11405473947525024,0.0,0.0,0.0,
4_+861736+204012,1411.5,18.5,1857.5,1436.5,1229.5,1110.0,1229.5,1236.5,1434.0,1554.5,1471.5,1777.0,391.0,18.32675469014339,77.4111068833662,0.0896657183766365,-0.11585616320371628,0.0,0.0,0.0,
4_+861736+204013,1411.5,18.5,1857.5,1436.5,1206.5,1100.0,1179.0,1236.5,1434.0,1554.5,1552.5,1777.0,391.0,18.3268445216718,77.4111068833662,0.13672539591789246,-0.08936809003353119,0.0,0.0,0.0,
4_+861736+204014,1411.5,18.5,1826.0,1397.0,1196.5,1102.5,1200.5,1267.0,1395.5,1601.5,1621.0,1711.0,391.0,18.326934353200212,77.4111068833662,0.14930978417396545,-0.05975726991891861,0.0,0.0,0.0,
4_+861736+204015,1411.5,18.5,1826.0,1397.0,1211.0,1119.0,1220.0,1267.0,1395.5,1601.5,1501.0,1711.0,391.0,18.327024184728625,77.4111068833662,0.10164905339479446,-0.09903483092784882,0.0,0.0,0.0,
4_+861736+204016,1410.0,17.5,1758.5,1390.5,1197.5,1069.0,1162.0,1206.0,1360.0,1482.5,1333.5,1652.5,385.0,18.327114016257035,77.4111068833662,0.06852351129055023,-0.13744376599788666,0.0,0.0,0.0,
4_+861736+204017,1410.0,17.5,1758.5,1390.5,1204.5,1078.5,1174.0,1206.0,1360.0,1482.5,1365.5,1652.5,385.0,18.327203847785448,77.4111068833662,0.07569389045238495,-0.12581110000610352,0.0,0.0,0.0,
4_+861736+204018,1410.0,17.5,1884.5,1458.5,1218.5,1115.0,1240.0,1274.0,1412.0,1591.0,1494.5,1737.0,385.0,18.327293679313858,77.4111068833662,0.09321776032447815,-0.11542275547981262,0.0,0.0,0.0,
4_+861736+204019,1410.0,17.5,1884.5,1458.5,1218.5,1116.5,1259.5,1274.0,1412.0,1591.0,1566.0,1737.0,385.0,18.32738351084227,77.4111068833662,0.10844360291957855,-0.09232880920171738,0.0,0.0,0.0,
4_+861736+204020,1410.0,17.5,1644.0,1264.0,1195.0,1089.5,1189.5,1166.5,1320.5,1444.5,1479.0,1645.0,385.0,18.327473342370684,77.4111068833662,0.10785416513681412,-0.05321957916021347,0.0,0.0,0.0,
4_+861736+204021,1410.0,17.5,1644.0,1264.0,1161.0,1032.5,1098.5,1166.5,1320.5,1444.5,1294.0,1645.0,385.0,18.327563173899094,77.4111068833662,0.08101532608270645,-0.119392529129982,0.0,0.0,0.0,
4_+861736+204022,1382.0,16.5,1442.5,1094.0,1149.0,1015.5,1053.5,1059.0,1158.5,1294.5,1203.5,1405.5,341.0,18.327653005427507,77.4111068833662,0.06656460464000702,-0.09032122790813446,0.0,0.0,0.0,
4_+861736+204023,1382.0,16.5,1442.5,1094.0,1152.0,1005.5,1041.0,1059.0,1158.5,1294.5,1220.0,1405.5,341.0,18.32774283695592,77.4111068833662,0.07923377305269241,-0.0835704505443573,0.0,0.0,0.0,
4_+861736+204024,1382.0,16.5,1439.0,1099.0,1150.0,1018.5,1065.0,1065.5,1192.0,1356.5,1270.0,1456.0,341.0,18.32783266848433,77.4111068833662,0.0878215953707695,-0.06244679540395737,0.0,0.0,0.0,
4_+861736+204025,1382.0,16.5,1439.0,1099.0,1154.0,1030.5,1061.0,1065.5,1192.0,1356.5,1342.0,1456.0,341.0,18.327922500012743,77.4111068833662,0.11706339567899704,-0.034819748252630234,0.0,0.0,0.0,
4_+861736+204026,1382.0,16.5,1330.5,1016.5,1123.0,1002.0,1019.5,1042.0,1180.0,1293.5,1287.5,1433.0,341.0,18.328012331541156,77.4111068833662,0.11556266248226166,-0.016924263909459114,0.0,0.0,0.0,
4_+861736+204027,1382.0,16.5,1330.5,1016.5,1128.5,986.0,1007.5,1042.0,1180.0,1293.5,1153.0,1433.0,341.0,18.328102163069566,77.4111068833662,0.06756553053855896,-0.07149825990200043,0.0,0.0,0.0,
4_+861737+204001,1372.5,16.5,1520.5,1153.0,1142.0,1002.0,1041.0,1082.5,1216.5,1374.5,1254.5,1575.0,356.0,18.325766543330857,77.41119671489461,0.0931246355175972,-0.09587310999631882,0.0,0.0,0.0,
4_+861737+204002,1302.0,9.0,1463.0,1120.0,1088.0,967.0,1028.0,1044.0,1224.0,1327.0,1310.0,1482.0,429.0,18.325856374859267,77.41119671489461,0.12061591446399689,-0.05517490208148956,0.0,0.0,0.0,
4_+861737+204003,1302.0,9.0,1463.0,1120.0,1082.0,972.0,1005.0,1044.0,1224.0,1327.0,1445.0,1482.0,429.0,18.32594620638768,77.41119671489461,0.1795918345451355,-0.006189821287989616,0.0,0.0,0.0,
4_+861737+204004,1389.5,16.5,1445.0,1102.0,1132.0,993.5,1036.0,1052.5,1169.5,1353.5,1292.5,1453.0,355.5,18.326036037916094,77.41119671489461,0.10996049642562866,-0.056013599038124084,0.0,0.0,0.0,
4_+861737+204005,1389.5,16.5,1445.0,1102.0,1152.0,1010.0,1049.5,1052.5,1169.5,1353.5,1212.0,1453.0,355.5,18.326125869444503,77.41119671489461,0.07213668525218964,-0.08767549693584442,0.0,0.0,0.0,
4_+861737+204006,1389.5,16.5,1557.0,1223.5,1162.5,1025.0,1070.0,1115.0,1205.0,1320.0,1245.0,1468.0,355.5,18.326215700972917,77.41119671489461,0.075867660343647,-0.11103649437427521,0.0,0.0,0.0,
4_+861737+204007,1389.5,16.5,1557.0,1223.5,1184.5,1060.0,1139.5,1115.0,1205.0,1320.0,1298.0,1468.0,355.5,18.326305532501326,77.41119671489461,0.06558185070753098,-0.09059862792491913,0.0,0.0,0.0,
4_+861737+204008,1389.5,16.5,1705.0,1361.0,1213.5,1117.0,1213.5,1195.0,1324.5,1466.0,1435.0,1630.0,355.5,18.32639536402974,77.41119671489461,0.08410047739744186,-0.08570746332406998,0.0,0.0,0.0,
4_+861737+204009,1389.5,16.5,1705.0,1361.0,1225.0,1123.0,1258.0,1195.0,1324.5,1466.0,1476.0,1630.0,355.5,18.326485195558153,77.41119671489461,0.07978054136037827,-0.07166779041290283,0.0,0.0,0.0,
4_+861737+204010,1411.5,18.5,1805.0,1432.0,1218.0,1134.0,1265.5,1247.0,1364.5,1517.0,1494.0,1697.0,391.0,18.326575027086562,77.41119671489461,0.08278387784957886,-0.09403489530086517,0.0,0.0,0.0,
4_+861737+204011,1411.5,18.5,1805.0,1432.0,1227.0,1128.5,1251.0,1247.0,1364.5,1517.0,1479.0,1697.0,391.0,18.326664858614976,77.41119671489461,0.08337792009115219,-0.0991792380809784,0.0,0.0,0.0,
4_+861737+204012,1411.5,18.5,1764.5,1374.0,1205.5,1097.5,1192.5,1224.5,1389.5,1551.5,1442.0,1718.5,391.0,18.32675469014339,77.41119671489461,0.09471158683300018,-0.10053321719169617,0.0,0.0,0.0,
4_+861737+204013,1411.5,18.5,1764.5,1374.0,1188.0,1076.0,1135.0,1224.5,1389.5,1551.5,1600.0,1718.5,391.0,18.3268445216718,77.41119671489461,0.16952471435070038,-0.04930518567562103,0.0,0.0,0.0,
4_+861737+204014,1470.0,27.0,1669.0,1276.0,1209.0,1110.0,1134.0,1164.0,1300.0,1522.0,1600.0,1635.0,310.0,18.326934353200212,77.41119671489461,0.1704462319612503,-0.021107371896505356,0.0,0.0,0.0,
4_+861737+204015,1411.5,18.5,1666.5,1302.5,1185.5,1067.0,1172.0,1170.5,1339.5,1550.5,1443.0,1651.0,391.0,18.327024184728625,77.41119671489461,0.10191717743873596,-0.07333963364362717,0.0,0.0,0.0,
4_+861737+204016,1410.0,17.5,1774.0,1398.0,1177.5,1058.5,1142.0,1216.0,1338.0,1445.5,1330.0,1632.0,385.0,18.327114016257035,77.41119671489461,0.07606492191553116,-0.14246946573257446,0.0,0.0,0.0,
4_+861737+204017,1410.0,17.5,1774.0,1398.0,1195.5,1095.0,1207.0,1216.0,1338.0,1445.5,1404.5,1632.0,385.0,18.327203847785448,77.41119671489461,0.07576446980237961,-0.11597871035337448,0.0,0.0,0.0,
4_+861737+204018,1410.0,17.5,1969.5,1557.5,1226.5,1124.5,1272.5,1345.0,1450.0,1664.0,1533.0,1820.0,385.0,18.327293679313858,77.41119671489461,0.09286583960056305,-0.12458379566669464,0.0,0.0,0.0,
4_+861737+204019,1410.0,17.5,1969.5,1557.5,1240.0,1137.0,1271.0,1345.0,1450.0,1664.0,1562.0,1820.0,385.0,18.32738351084227,77.41119671489461,0.10242630541324615,-0.11562207341194153,0.0,0.0,0.0,
4_+861737+204020,1410.0,17.5,1740.0,1330.5,1205.5,1104.0,1200.5,1204.0,1332.0,1472.5,1471.5,1629.0,385.0,18.327473342370684,77.41119671489461,0.09984393417835236,-0.08432513475418091,0.0,0.0,0.0,
4_+861737+204021,1410.0,17.5,1740.0,1330.5,1170.0,1050.5,1107.0,1204.0,1332.0,1472.5,1286.0,1629.0,385.0,18.327563173899094,77.41119671489461,0.07391173392534256,-0.15005116164684296,0.0,0.0,0.0,
4_+861737+204022,1382.0,16.5,1428.0,1101.0,1155.5,1021.0,1070.5,1064.0,1139.0,1273.5,1202.5,1380.0,341.0,18.327653005427507,77.41119671489461,0.05828123539686203,-0.08575746417045593,0.0,0.0,0.0,
4_+861737+204023,1382.0,16.5,1428.0,1101.0,1148.5,1017.0,1053.5,1064.0,1139.0,1273.5,1207.5,1380.0,341.0,18.32774283695592,77.41119671489461,0.06833047419786453,-0.08366372436285019,0.0,0.0,0.0,
4_+861737+204024,1382.0,16.5,1413.0,1080.5,1140.0,1019.0,1054.0,1064.0,1183.0,1319.0,1224.0,1459.0,341.0,18.32783266848433,77.41119671489461,0.07491347193717957,-0.07161728292703629,0.0,0.0,0.0,
4_+861737+204025,1382.0,16.5,1413.0,1080.5,1134.0,1004.5,1052.5,1064.0,1183.0,1319.0,1300.0,1459.0,341.0,18.327922500012743,77.41119671489461,0.10488391667604446,-0.04207967221736908,0.0,0.0,0.0,
4_+861737+204026,,,,,,,,,,,,,,18.328012331541156,77.41119671489461,,,,,,
4_+861737+204027,1451.0,24.0,1267.0,918.0,1175.0,1015.0,1001.0,1009.0,1187.0,1290.0,1127.0,1409.0,274.0,18.328102163069566,77.41119671489461,0.05921052768826485,-0.05847953259944916,0.0,0.0,0.0,
4_+861738+204001,1372.5,16.5,1520.5,1153.0,1149.0,1003.0,1050.0,1082.5,1216.5,1374.5,1238.5,1575.0,356.0,18.325766543330857,77.41128654642303,0.08260853588581085,-0.10216087847948074,0.0,0.0,0.0,
4_+861738+204002,1372.5,16.5,1462.5,1098.0,1154.0,1002.5,1059.5,1049.5,1217.5,1360.0,1259.5,1523.0,356.0,18.325856374859267,77.41128654642303,0.08642737567424774,-0.07458572089672089,0.0,0.0,0.0,
4_+861738+204003,1372.5,16.5,1462.5,1098.0,1138.0,1004.5,1055.5,1049.5,1217.5,1360.0,1259.0,1523.0,356.0,18.32594620638768,77.41128654642303,0.08799372613430023,-0.07477858662605286,0.0,0.0,0.0,
4_+861738+204004,1389.5,16.5,1445.0,1102.0,1146.0,1006.5,1038.0,1052.5,1169.5,1353.5,1236.0,1453.0,355.5,18.326036037916094,77.41128654642303,0.08726628869771957,-0.07792821526527405,0.0,0.0,0.0,
4_+861738+204005,1389.5,16.5,1445.0,1102.0,1140.0,1006.5,1046.5,1052.5,1169.5,1353.5,1228.5,1453.0,355.5,18.326125869444503,77.41128654642303,0.08030983805656433,-0.08098320662975311,0.0,0.0,0.0,
4_+861738+204006,1389.5,16.5,1557.0,1223.5,1152.0,1003.5,1066.0,1115.0,1205.0,1320.0,1252.5,1468.0,355.5,18.326215700972917,77.41128654642303,0.08068464696407318,-0.10805271565914154,0.0,0.0,0.0,
4_+861738+204007,1389.5,16.5,1557.0,1223.5,1164.5,1035.5,1100.5,1115.0,1205.0,1320.0,1267.0,1468.0,355.5,18.326305532501326,77.41128654642303,0.070755735039711,-0.10238668322563171,0.0,0.0,0.0,
4_+861738+204008,1389.5,16.5,1705.0,1361.0,1187.0,1076.0,1150.0,1195.0,1324.5,1466.0,1332.5,1630.0,355.5,18.32639536402974,77.41128654642303,0.07370536774396896,-0.12228456139564514,0.0,0.0,0.0,
4_+861738+204009,1389.5,16.5,1705.0,1361.0,1187.5,1073.0,1164.0,1195.0,1324.5,1466.0,1368.0,1630.0,355.5,18.326485195558153,77.41128654642303,0.08085370808839798,-0.10932385921478271,0.0,0.0,0.0,
4_+861738+204010,1411.5,18.5,1805.0,1432.0,1195.5,1091.0,1190.5,1247.0,1364.5,1517.0,1412.0,1697.0,391.0,18.326575027086562,77.41128654642303,0.08535398542881012,-0.12214063107967377,0.0,0.0,0.0,
4_+861738+204011,1411.5,18.5,1805.0,1432.0,1223.0,1114.5,1224.5,1247.0,1364.5,1517.0,1451.5,1697.0,391.0,18.326664858614976,77.41128654642303,0.08480985462665558,-0.10832230746746063,0.0,0.0,0.0,
4_+861738+204012,1411.5,18.5,1764.5,1374.0,1213.5,1097.5,1199.0,1224.5,1389.5,1551.5,1425.0,1718.5,391.0,18.32675469014339,77.41128654642303,0.08604149520397186,-0.1064598336815834,0.0,0.0,0.0,
4_+861738+204013,1411.5,18.5,1764.5,1374.0,1192.0,1071.0,1172.5,1224.5,1389.5,1551.5,1435.0,1718.5,391.0,18.3268445216718,77.41128654642303,0.10065580159425735,-0.10296457260847092,0.0,0.0,0.0,
4_+861738+204014,1411.5,18.5,1666.5,1302.5,1178.0,1070.5,1158.5,1170.5,1339.5,1550.5,1427.5,1651.0,391.0,18.326934353200212,77.41128654642303,0.104134701192379,-0.0772462859749794,0.0,0.0,0.0,
4_+861738+204015,1411.5,18.5,1666.5,1302.5,1187.5,1071.0,1164.5,1170.5,1339.5,1550.5,1344.5,1651.0,391.0,18.327024184728625,77.41128654642303,0.0714644193649292,-0.1072133481502533,0.0,0.0,0.0,
4_+861738+204016,1410.0,17.5,1774.0,1398.0,1169.5,1050.0,1118.5,1216.0,1338.0,1445.5,1309.0,1632.0,385.0,18.327114016257035,77.41128654642303,0.0786823034286499,-0.15026700496673584,0.0,0.0,0.0,
4_+861738+204017,1410.0,17.5,1774.0,1398.0,1206.5,1105.5,1221.5,1216.0,1338.0,1445.5,1429.5,1632.0,385.0,18.327203847785448,77.41128654642303,0.07896949350833893,-0.10749326646327972,0.0,0.0,0.0,
4_+861738+204018,1410.0,17.5,1969.5,1557.5,1260.5,1188.5,1356.0,1345.0,1450.0,1664.0,1629.5,1820.0,385.0,18.327293679313858,77.41128654642303,0.09162523597478867,-0.09444178640842438,0.0,0.0,0.0,
4_+861738+204019,1410.0,17.5,1969.5,1557.5,1268.5,1201.0,1377.0,1345.0,1450.0,1664.0,1706.0,1820.0,385.0,18.32738351084227,77.41128654642303,0.10652332752943039,-0.07204226404428482,0.0,0.0,0.0,
4_+861738+204020,1410.0,17.5,1740.0,1330.5,1213.0,1132.0,1252.5,1204.0,1332.0,1472.5,1548.0,1629.0,385.0,18.327473342370684,77.41128654642303,0.10434854030609131,-0.05944701284170151,0.0,0.0,0.0,
4_+861738+204021,1410.0,17.5,1740.0,1330.5,1167.5,1036.5,1115.5,1204.0,1332.0,1472.5,1290.5,1629.0,385.0,18.327563173899094,77.41128654642303,0.0715651661157608,-0.14868015050888062,0.0,0.0,0.0,
4_+861738+204022,1382.0,16.5,1428.0,1101.0,1152.5,1012.0,1060.5,1064.0,1139.0,1273.5,1189.5,1380.0,341.0,18.327653005427507,77.41128654642303,0.057466257363557816,-0.09115038812160492,0.0,0.0,0.0,
4_+861738+204023,1382.0,16.5,1428.0,1101.0,1140.5,1021.5,1051.0,1064.0,1139.0,1273.5,1189.0,1380.0,341.0,18.32774283695592,77.41128654642303,0.06182467192411423,-0.09132424741983414,0.0,0.0,0.0,
4_+861738+204024,1382.0,16.5,1413.0,1080.5,1139.5,1003.5,1048.5,1064.0,1183.0,1319.0,1211.5,1459.0,341.0,18.32783266848433,77.41128654642303,0.07226647436618805,-0.07669271528720856,0.0,0.0,0.0,
4_+861738+204025,1382.0,16.5,1413.0,1080.5,1134.0,1004.5,1052.5,1064.0,1183.0,1319.0,1300.0,1459.0,341.0,18.327922500012743,77.41128654642303,0.10488391667604446,-0.04207967221736908,0.0,0.0,0.0,
4_+861738+204026,,,,,,,,,,,,,,18.328012331541156,77.41128654642303,,,,,,
4_+861738+204027,1451.0,24.0,1267.0,918.0,1175.0,1015.0,1001.0,1009.0,1187.0,1290.0,1127.0,1409.0,274.0,18.328102163069566,77.41128654642303,0.05921052768826485,-0.05847953259944916,0.0,0.0,0.0,
4_+861739+204001,1378.0,17.5,1493.0,1148.0,1152.5,1013.5,1052.5,1068.0,1142.5,1286.0,1239.5,1418.5,329.5,18.325766543330857,77.41137637795144,0.08205600827932358,-0.09266912937164307,0.0,0.0,0.0,
4_+861739+204002,1378.0,17.5,1483.5,1136.0,1142.0,1007.0,1059.5,1058.0,1141.0,1270.0,1248.5,1418.0,329.5,18.325856374859267,77.41137637795144,0.0820646584033966,-0.08599579334259033,0.0,0.0,0.0,
4_+861739+204003,1378.0,17.5,1483.5,1136.0,1136.5,1004.0,1052.5,1058.0,1141.0,1270.0,1237.5,1418.0,329.5,18.32594620638768,77.41137637795144,0.08099061250686646,-0.09038850665092468,0.0,0.0,0.0,
4_+861739+204004,1375.5,17.0,1472.5,1113.5,1145.5,1000.0,1047.0,1058.5,1191.0,1345.0,1233.0,1503.5,330.0,18.326036037916094,77.41137637795144,0.08178123831748962,-0.0884120911359787,0.0,0.0,0.0,
4_+861739+204005,1375.5,17.0,1472.5,1113.5,1144.5,1001.5,1070.5,1058.5,1191.0,1345.0,1249.0,1503.5,330.0,18.326125869444503,77.41137637795144,0.07725480198860168,-0.08200424909591675,0.0,0.0,0.0,
4_+861739+204006,1375.5,17.0,1511.0,1142.0,1153.0,1022.5,1079.5,1088.0,1225.5,1356.0,1268.0,1531.0,330.0,18.326215700972917,77.41137637795144,0.08071455359458923,-0.0873265266418457,0.0,0.0,0.0,
4_+861739+204007,1375.5,17.0,1511.0,1142.0,1166.5,1040.0,1103.5,1088.0,1225.5,1356.0,1300.5,1531.0,330.0,18.326305532501326,77.41137637795144,0.08218389749526978,-0.07472897320985794,0.0,0.0,0.0,
4_+861739+204008,1375.5,17.0,1505.5,1195.0,1178.5,1045.5,1118.0,1096.5,1185.0,1309.0,1300.0,1459.5,330.0,18.32639536402974,77.41137637795144,0.07545819133520126,-0.07315493375062943,0.0,0.0,0.0,
4_+861739+204009,1375.5,17.0,1505.5,1195.0,1156.5,1039.5,1090.5,1096.5,1185.0,1309.0,1280.5,1459.5,330.0,18.326485195558153,77.41137637795144,0.08029142022132874,-0.08066507428884506,0.0,0.0,0.0,
4_+861739+204010,1386.0,17.5,1558.5,1241.0,1171.5,1047.5,1122.5,1141.5,1215.5,1369.5,1304.5,1493.0,346.5,18.326575027086562,77.41137637795144,0.07514453679323196,-0.08872530609369278,0.0,0.0,0.0,
4_+861739+204011,1386.0,17.5,1558.5,1241.0,1192.5,1085.5,1177.0,1141.5,1215.5,1369.5,1383.5,1493.0,346.5,18.326664858614976,77.41137637795144,0.08097309619188309,-0.05927485600113869,0.0,0.0,0.0,
4_+861739+204012,1386.0,17.5,1547.5,1242.5,1194.5,1088.0,1189.0,1134.0,1258.5,1373.5,1390.5,1532.5,346.5,18.32675469014339,77.41137637795144,0.07809878140687943,-0.053360722959041595,0.0,0.0,0.0,
4_+861739+204013,1386.0,17.5,1547.5,1242.5,1174.5,1053.0,1113.0,1134.0,1258.5,1373.5,1301.0,1532.5,346.5,18.3268445216718,77.41137637795144,0.07761672139167786,-0.08665601909160614,0.0,0.0,0.0,
4_+861739+204014,1386.0,17.5,1530.5,1221.5,1158.0,1027.5,1092.5,1113.5,1219.0,1339.5,1254.5,1470.5,346.5,18.326934353200212,77.41137637795144,0.06945459544658661,-0.09904168546199799,0.0,0.0,0.0,
4_+861739+204015,1386.0,17.5,1530.5,1221.5,1172.5,1044.5,1123.0,1113.5,1219.0,1339.5,1285.0,1470.5,346.5,18.327024184728625,77.41137637795144,0.0675271674990654,-0.08706828951835632,0.0,0.0,0.0,
4_+861739+204016,1402.5,17.5,1763.5,1402.0,1176.5,1064.0,1136.5,1261.0,1363.0,1509.5,1328.0,1648.5,364.5,18.327114016257035,77.41137637795144,0.07789037376642227,-0.14005351066589355,0.0,0.0,0.0,
4_+861739+204017,1402.5,17.5,1763.5,1402.0,1217.5,1133.5,1266.5,1261.0,1363.0,1509.5,1492.5,1648.5,364.5,18.327203847785448,77.41137637795144,0.0824437290430069,-0.08305589854717255,0.0,0.0,0.0,
4_+861739+204018,1402.5,17.5,1967.5,1563.0,1281.0,1229.0,1411.5,1370.5,1519.5,1694.0,1703.0,1882.0,364.5,18.327293679313858,77.41137637795144,0.09369085729122162,-0.07201962172985077,0.0,0.0,0.0,
4_+861739+204019,1402.5,17.5,1967.5,1563.0,1273.0,1234.5,1420.0,1370.5,1519.5,1694.0,1754.5,1882.0,364.5,18.32738351084227,77.41137637795144,0.10514909029006958,-0.05752112716436386,0.0,0.0,0.0,
4_+861739+204020,1402.5,17.5,1747.0,1345.5,1216.5,1131.5,1281.5,1224.0,1371.0,1505.5,1588.0,1649.0,364.5,18.327473342370684,77.41137637795144,0.10619653016328812,-0.0487130805850029,0.0,0.0,0.0,
4_+861739+204021,1410.0,17.5,1740.0,1330.5,1167.5,1036.5,1115.5,1204.0,1332.0,1472.5,1290.5,1629.0,385.0,18.327563173899094,77.41137637795144,0.0715651661157608,-0.14868015050888062,0.0,0.0,0.0,
4_+861739+204022,1382.0,16.5,1428.0,1101.0,1152.5,1012.0,1060.5,1064.0,1139.0,1273.5,1189.5,1380.0,341.0,18.327653005427507,77.41137637795144,0.057466257363557816,-0.09115038812160492,0.0,0.0,0.0,
4_+861739+204023,1382.0,16.5,1428.0,1101.0,1140.5,1021.5,1051.0,1064.0,1139.0,1273.5,1189.0,1380.0,341.0,18.32774283695592,77.41137637795144,0.06182467192411423,-0.09132424741983414,0.0,0.0,0.0,
4_+861739+204024,1382.0,16.5,1413.0,1080.5,1139.5,1003.5,1048.5,1064.0,1183.0,1319.0,1211.5,1459.0,341.0,18.32783266848433,77.41137637795144,0.07226647436618805,-0.07669271528720856,0.0,0.0,0.0,
4_+861739+204025,1382.0,16.5,1413.0,1080.5,1147.0,1004.0,1045.5,1064.0,1183.0,1319.0,1240.0,1459.0,341.0,18.327922500012743,77.41137637795144,0.08522819727659225,-0.06525783240795135,0.0,0.0,0.0,
4_+861739+204026,1313.0,9.0,1312.0,1027.0,1076.0,961.0,1022.0,1023.0,1183.0,1311.0,1252.0,1427.0,408.0,18.328012331541156,77.41137637795144,0.10114336013793945,-0.023400936275720596,0.0,0.0,0.0,
4_+861739+204027,1382.0,16.5,1289.5,972.5,1124.0,967.0,984.5,1016.0,1185.0,1300.5,1145.5,1418.0,341.0,18.328102163069566,77.41137637795144,0.07505133002996445,-0.05955451726913452,0.0,0.0,0.0,
4_+861740+204001,1378.0,17.5,1493.0,1148.0,1139.0,999.5,1034.0,1068.0,1142.5,1286.0,1210.5,1418.5,329.5,18.325766543330857,77.41146620947985,0.07889547944068909,-0.10438596457242966,0.0,0.0,0.0,
4_+861740+204002,1378.0,17.5,1483.5,1136.0,1146.5,989.0,1051.0,1058.0,1141.0,1270.0,1216.0,1418.0,329.5,18.325856374859267,77.41146620947985,0.07302973419427872,-0.09912240505218506,0.0,0.0,0.0,
4_+861740+204003,1378.0,17.5,1483.5,1136.0,1157.5,997.0,1051.0,1058.0,1141.0,1270.0,1218.5,1418.0,329.5,18.32594620638768,77.41146620947985,0.07399742305278778,-0.0980667993426323,0.0,0.0,0.0,
4_+861740+204004,1375.5,17.0,1472.5,1113.5,1143.0,990.5,1031.5,1058.5,1191.0,1345.0,1229.5,1503.5,330.0,18.326036037916094,77.41146620947985,0.08752711862325668,-0.08994394540786743,0.0,0.0,0.0,
4_+861740+204005,1375.5,17.0,1472.5,1113.5,1126.5,981.5,983.0,1058.5,1191.0,1345.0,1348.5,1503.5,330.0,18.326125869444503,77.41146620947985,0.1570175737142563,-0.04384925216436386,0.0,0.0,0.0,
4_+861740+204006,1375.5,17.0,1511.0,1142.0,1110.0,987.0,980.0,1088.0,1225.5,1356.0,1394.5,1531.0,330.0,18.326215700972917,77.41146620947985,0.17531415820121765,-0.0402667336165905,0.0,0.0,0.0,
4_+861740+204007,1375.5,17.0,1511.0,1142.0,1146.5,1013.5,1074.0,1088.0,1225.5,1356.0,1313.5,1531.0,330.0,18.326305532501326,77.41146620947985,0.10040553659200668,-0.06993734836578369,0.0,0.0,0.0,
4_+861740+204008,1375.5,17.0,1505.5,1195.0,1171.0,1026.0,1079.5,1096.5,1185.0,1309.0,1248.5,1459.5,330.0,18.32639536402974,77.41146620947985,0.07276631891727448,-0.09322138130664825,0.0,0.0,0.0,
4_+861740+204009,1375.5,17.0,1505.5,1195.0,1148.0,1015.5,1063.0,1096.5,1185.0,1309.0,1216.5,1459.5,330.0,18.326485195558153,77.41146620947985,0.06748940050601959,-0.10607437789440155,0.0,0.0,0.0,
4_+861740+204010,1386.0,17.5,1558.5,1241.0,1143.0,1007.0,1055.0,1141.5,1215.5,1369.5,1212.0,1493.0,346.5,18.326575027086562,77.41146620947985,0.06945931911468506,-0.12489692866802216,0.0,0.0,0.0,
4_+861740+204011,1386.0,17.5,1558.5,1241.0,1171.0,1052.0,1110.5,1141.5,1215.5,1369.5,1286.0,1493.0,346.5,18.326664858614976,77.41146620947985,0.074167899787426,-0.09600207209587097,0.0,0.0,0.0,
4_+861740+204012,1386.0,17.5,1547.5,1242.5,1195.0,1093.0,1161.0,1134.0,1258.5,1373.5,1359.5,1532.5,346.5,18.32675469014339,77.41146620947985,0.07895093411207199,-0.06458182632923126,0.0,0.0,0.0,
4_+861740+204013,1386.0,17.5,1547.5,1242.5,1161.0,1051.0,1103.5,1134.0,1258.5,1373.5,1293.5,1532.5,346.5,18.3268445216718,77.41146620947985,0.0787305235862732,-0.08978522568941116,0.0,0.0,0.0,
4_+861740+204014,1386.0,17.5,1530.5,1221.5,1156.0,1022.0,1072.0,1113.5,1219.0,1339.5,1214.5,1470.5,346.5,18.326934353200212,77.41146620947985,0.0625719279050827,-0.11501027643680573,0.0,0.0,0.0,
4_+861740+204015,1386.0,17.5,1530.5,1221.5,1177.0,1059.5,1134.5,1113.5,1219.0,1339.5,1296.5,1470.5,346.5,18.327024184728625,77.41146620947985,0.06712494790554047,-0.08274295926094055,0.0,0.0,0.0,
4_+861740+204016,1402.5,17.5,1763.5,1402.0,1195.0,1103.0,1177.5,1261.0,1363.0,1509.5,1386.5,1648.5,364.5,18.327114016257035,77.41146620947985,0.08162706345319748,-0.11889713257551193,0.0,0.0,0.0,
4_+861740+204017,1402.5,17.5,1763.5,1402.0,1217.5,1133.5,1266.5,1261.0,1363.0,1509.5,1492.5,1648.5,364.5,18.327203847785448,77.41146620947985,0.0824437290430069,-0.08305589854717255,0.0,0.0,0.0,
4_+861740+204018,1402.5,17.5,1967.5,1563.0,1281.0,1229.0,1411.5,1370.5,1519.5,1694.0,1703.0,1882.0,364.5,18.327293679313858,77.41146620947985,0.09369085729122162,-0.07201962172985077,0.0,0.0,0.0,
4_+861740+204019,1402.5,17.5,1967.5,1563.0,1273.0,1234.5,1420.0,1370.5,1519.5,1694.0,1754.5,1882.0,364.5,18.32738351084227,77.41146620947985,0.10514909029006958,-0.05752112716436386,0.0,0.0,0.0,
4_+861740+204020,1402.5,17.5,1747.0,1345.5,1216.5,1131.5,1281.5,1224.0,1371.0,1505.5,1588.0,1649.0,364.5,18.327473342370684,77.41146620947985,0.10619653016328812,-0.0487130805850029,0.0,0.0,0.0,
4_+861740+204021,1402.5,17.5,1747.0,1345.5,1180.5,1054.0,1142.5,1224.0,1371.0,1505.5,1345.5,1649.0,364.5,18.327563173899094,77.41146620947985,0.08028574287891388,-0.13056102395057678,0.0,0.0,0.0,
4_+861740+204022,1379.0,17.5,1422.5,1120.0,1151.5,1037.5,1083.0,1083.5,1181.0,1311.5,1221.0,1406.5,337.0,18.327653005427507,77.41146620947985,0.059768661856651306,-0.07627207040786743,0.0,0.0,0.0,
4_+861740+204023,1379.0,17.5,1422.5,1120.0,1148.5,1021.5,1055.0,1083.5,1181.0,1311.5,1193.0,1406.5,337.0,18.32774283695592,77.41146620947985,0.061508845537900925,-0.08767557144165039,0.0,0.0,0.0,
4_+861740+204024,1379.0,17.5,1400.5,1081.5,1146.0,998.5,1040.5,1058.5,1171.5,1272.0,1198.5,1402.5,337.0,18.32783266848433,77.41146620947985,0.07070015370845795,-0.07768316566944122,0.0,0.0,0.0,
4_+861740+204025,1379.0,17.5,1400.5,1081.5,1140.0,989.0,1045.5,1058.5,1171.5,1272.0,1199.0,1402.5,337.0,18.327922500012743,77.41146620947985,0.06864727288484573,-0.0774647444486618,0.0,0.0,0.0,
4_+861740+204026,1379.0,17.5,1317.5,985.5,1135.0,993.0,1023.5,1030.5,1166.5,1336.5,1263.5,1413.0,337.0,18.328012331541156,77.41146620947985,0.1049463227391243,-0.020947720855474472,0.0,0.0,0.0,
4_+861740+204027,1451.0,26.0,1303.0,950.0,1164.0,995.0,980.0,1025.0,1156.0,1310.0,1191.0,1411.0,267.0,18.328102163069566,77.41146620947985,0.0971902385354042,-0.04490777850151062,0.0,0.0,0.0,
4_+861741+204001,1378.0,17.5,1336.5,1048.0,1137.5,994.0,1033.0,1009.5,1106.0,1218.5,1191.0,1353.0,329.5,18.325766543330857,77.41155604100827,0.07129266858100891,-0.05742038041353226,0.0,0.0,0.0,
4_+861741+204002,1378.0,17.5,1393.5,1075.0,1130.5,999.5,1041.5,1038.5,1127.5,1260.5,1192.0,1385.5,329.5,18.325856374859267,77.41155604100827,0.06759928166866302,-0.07783962786197662,0.0,0.0,0.0,
4_+861741+204003,1378.0,17.5,1393.5,1075.0,1149.0,1008.0,1043.5,1038.5,1127.5,1260.5,1215.5,1385.5,329.5,18.32594620638768,77.41155604100827,0.0762893483042717,-0.06810303032398224,0.0,0.0,0.0,
4_+861741+204004,1375.5,17.0,1433.5,1073.5,1141.5,997.5,1026.0,1054.5,1214.5,1357.0,1270.0,1504.0,330.0,18.326036037916094,77.41155604100827,0.10602418333292007,-0.06059962511062622,0.0,0.0,0.0,
4_+861741+204005,1306.0,8.0,1400.0,1089.0,1065.0,955.0,965.0,1035.0,1192.0,1327.0,1383.0,1449.0,389.0,18.326125869444503,77.41155604100827,0.17802384495735168,-0.0061085158959031105,0.0,0.0,0.0,
4_+861741+204006,1445.0,26.0,1453.0,1051.0,1192.0,1034.0,1033.0,1052.0,1220.0,1345.0,1380.0,1523.0,271.0,18.326215700972917,77.41155604100827,0.1438043862581253,-0.02576773799955845,0.0,0.0,0.0,
4_+861741+204007,1375.5,17.0,1431.5,1077.0,1144.5,1019.0,1044.5,1046.0,1222.0,1361.0,1304.5,1499.0,330.0,18.326305532501326,77.41155604100827,0.1102527305483818,-0.0469970740377903,0.0,0.0,0.0,
4_+861741+204008,1375.5,17.0,1334.0,1038.5,1146.0,998.0,1036.5,1009.5,1095.5,1212.5,1199.5,1325.0,330.0,18.32639536402974,77.41155604100827,0.07281408458948135,-0.053163081407547,0.0,0.0,0.0,
4_+861741+204009,1375.5,17.0,1334.0,1038.5,1131.0,982.0,1007.0,1009.5,1095.5,1212.5,1130.0,1325.0,330.0,18.326485195558153,77.41155604100827,0.057309944182634354,-0.08304692804813385,0.0,0.0,0.0,
4_+861741+204010,1386.0,17.5,1274.5,1001.0,1124.5,967.5,988.5,1013.0,1078.0,1175.0,1114.0,1289.5,346.5,18.326575027086562,77.41155604100827,0.059907183051109314,-0.06712932884693146,0.0,0.0,0.0,
4_+861741+204011,1386.0,17.5,1274.5,1001.0,1133.5,974.0,1022.5,1013.0,1078.0,1175.0,1150.5,1289.5,346.5,18.326664858614976,77.41155604100827,0.05917779356241226,-0.05137398838996887,0.0,0.0,0.0,
4_+861741+204012,1386.0,17.5,1298.0,1033.5,1149.5,1001.0,1043.5,1024.5,1127.5,1207.0,1166.0,1312.0,346.5,18.32675469014339,77.41155604100827,0.055740293115377426,-0.053683727979660034,0.0,0.0,0.0,
4_+861741+204013,1386.0,17.5,1547.5,1242.5,1161.0,1051.0,1103.5,1134.0,1258.5,1373.5,1293.5,1532.5,346.5,18.3268445216718,77.41155604100827,0.0787305235862732,-0.08978522568941116,0.0,0.0,0.0,
4_+861741+204014,1386.0,17.5,1530.5,1221.5,1156.0,1022.0,1072.0,1113.5,1219.0,1339.5,1214.5,1470.5,346.5,18.326934353200212,77.41155604100827,0.0625719279050827,-0.11501027643680573,0.0,0.0,0.0,
4_+861741+204015,1386.0,17.5,1530.5,1221.5,1177.0,1059.5,1134.5,1113.5,1219.0,1339.5,1296.5,1470.5,346.5,18.327024184728625,77.41155604100827,0.06712494790554047,-0.08274295926094055,0.0,0.0,0.0,
4_+861741+204016,1402.5,17.5,1763.5,1402.0,1195.0,1103.0,1177.5,1261.0,1363.0,1509.5,1386.5,1648.5,364.5,18.327114016257035,77.41155604100827,0.08162706345319748,-0.11889713257551193,0.0,0.0,0.0,
4_+861741+204017,1402.5,17.5,1763.5,1402.0,1225.0,1136.5,1263.0,1261.0,1363.0,1509.5,1505.0,1648.5,364.5,18.327203847785448,77.41155604100827,0.08781559765338898,-0.07840372622013092,0.0,0.0,0.0,
4_+861741+204018,1402.5,17.5,1967.5,1563.0,1256.5,1185.0,1348.5,1370.5,1519.5,1694.0,1629.0,1882.0,364.5,18.327293679313858,77.41155604100827,0.09461595118045807,-0.09406168758869171,0.0,0.0,0.0,
4_+861741+204019,1402.5,17.5,1967.5,1563.0,1264.5,1186.0,1333.0,1370.5,1519.5,1694.0,1614.0,1882.0,364.5,18.32738351084227,77.41155604100827,0.09524639695882797,-0.09870460629463196,0.0,0.0,0.0,
4_+861741+204020,1402.5,17.5,1747.0,1345.5,1219.0,1114.5,1230.5,1224.0,1371.0,1505.5,1480.0,1649.0,364.5,18.327473342370684,77.41155604100827,0.09179408103227615,-0.08254579454660416,0.0,0.0,0.0,
4_+861741+204021,1402.5,17.5,1747.0,1345.5,1189.5,1089.0,1158.0,1224.0,1371.0,1505.5,1360.5,1649.0,364.5,18.327563173899094,77.41155604100827,0.08006266504526138,-0.12417003512382507,0.0,0.0,0.0,
4_+861741+204022,1379.0,17.5,1422.5,1120.0,1179.5,1072.5,1133.5,1083.5,1181.0,1311.5,1286.5,1406.5,337.0,18.327653005427507,77.41155604100827,0.062635138630867,-0.05066987872123718,0.0,0.0,0.0,
4_+861741+204023,1379.0,17.5,1422.5,1120.0,1157.5,1038.5,1083.5,1083.5,1181.0,1311.5,1247.0,1406.5,337.0,18.32774283695592,77.41155604100827,0.0699784979224205,-0.06585225462913513,0.0,0.0,0.0,
4_+861741+204024,1379.0,17.5,1400.5,1081.5,1147.0,1018.0,1051.5,1058.5,1171.5,1272.0,1201.5,1402.5,337.0,18.32783266848433,77.41155604100827,0.06668499112129211,-0.07643014192581177,0.0,0.0,0.0,
4_+861741+204025,1379.0,17.5,1400.5,1081.5,1136.0,1012.0,1060.0,1058.5,1171.5,1272.0,1205.0,1402.5,337.0,18.327922500012743,77.41155604100827,0.06428653001785278,-0.07500974833965302,0.0,0.0,0.0,
4_+861741+204026,1307.0,9.0,1332.0,1021.0,1088.0,978.0,1045.0,1036.0,1177.0,1363.0,1232.0,1415.0,407.0,18.328012331541156,77.41155604100827,0.08212560415267944,-0.03900156170129776,0.0,0.0,0.0,
4_+861741+204027,,,,,,,,,,,,,,18.328102163069566,77.41155604100827,,,,,,
4_+861742+204001,1378.0,17.5,1336.5,1048.0,1130.0,990.0,1012.0,1009.5,1106.0,1218.5,1145.5,1353.0,329.5,18.325766543330857,77.41164587253668,0.062277697026729584,-0.07698321342468262,0.0,0.0,0.0,
4_+861742+204002,1378.0,17.5,1393.5,1075.0,1147.5,1002.5,1024.0,1038.5,1127.5,1260.5,1176.0,1385.5,329.5,18.325856374859267,77.41164587253668,0.06928280740976334,-0.08463211357593536,0.0,0.0,0.0,
4_+861742+204003,1378.0,17.5,1393.5,1075.0,1141.0,1002.0,1033.0,1038.5,1127.5,1260.5,1194.5,1385.5,329.5,18.32594620638768,77.41164587253668,0.07268363982439041,-0.07676541805267334,0.0,0.0,0.0,
4_+861742+204004,1375.5,17.0,1433.5,1073.5,1142.0,1003.0,1052.5,1054.5,1214.5,1357.0,1221.5,1504.0,330.0,18.326036037916094,77.41164587253668,0.07449453324079514,-0.0799592137336731,0.0,0.0,0.0,
4_+861742+204005,1375.5,17.0,1433.5,1073.5,1151.0,1008.0,1028.0,1054.5,1214.5,1357.0,1293.0,1504.0,330.0,18.326125869444503,77.41164587253668,0.11414607614278793,-0.05177992582321167,0.0,0.0,0.0,
4_+861742+204006,1375.5,17.0,1431.5,1077.0,1140.0,995.0,1014.5,1046.0,1222.0,1361.0,1258.0,1499.0,330.0,18.326215700972917,77.41164587253668,0.10744015127420425,-0.06445211172103882,0.0,0.0,0.0,
4_+861742+204007,1375.5,17.0,1431.5,1077.0,1141.5,1003.5,1035.0,1046.0,1222.0,1361.0,1203.5,1499.0,330.0,18.326305532501326,77.41164587253668,0.07561754435300827,-0.08650244772434235,0.0,0.0,0.0,
4_+861742+204008,1375.5,17.0,1334.0,1038.5,1139.5,990.0,1024.0,1009.5,1095.5,1212.5,1177.5,1325.0,330.0,18.32639536402974,77.41164587253668,0.06965234130620956,-0.062383003532886505,0.0,0.0,0.0,
4_+861742+204009,1375.5,17.0,1334.0,1038.5,1124.0,968.0,994.0,1009.5,1095.5,1212.5,1109.0,1325.0,330.0,18.326485195558153,77.41164587253668,0.054693520069122314,-0.09217409789562225,0.0,0.0,0.0,
4_+861742+204010,1386.0,17.5,1274.5,1001.0,1124.5,967.5,988.5,1013.0,1078.0,1175.0,1114.0,1289.5,346.5,18.326575027086562,77.41164587253668,0.059907183051109314,-0.06712932884693146,0.0,0.0,0.0,
4_+861742+204011,1386.0,17.5,1274.5,1001.0,1133.5,974.0,1022.5,1013.0,1078.0,1175.0,1150.5,1289.5,346.5,18.326664858614976,77.41164587253668,0.05917779356241226,-0.05137398838996887,0.0,0.0,0.0,
4_+861742+204012,1386.0,17.5,1298.0,1033.5,1149.5,1001.0,1043.5,1024.5,1127.5,1207.0,1166.0,1312.0,346.5,18.32675469014339,77.41164587253668,0.055740293115377426,-0.053683727979660034,0.0,0.0,0.0,
4_+861742+204013,1386.0,17.5,1298.0,1033.5,1131.5,999.0,1013.0,1024.5,1127.5,1207.0,1133.0,1312.0,346.5,18.3268445216718,77.41164587253668,0.05613604187965393,-0.06774002313613892,0.0,0.0,0.0,
4_+861742+204014,1386.0,17.5,1390.5,1106.5,1147.5,1004.5,1031.5,1094.5,1170.5,1322.5,1151.5,1378.0,346.5,18.326934353200212,77.41164587253668,0.05558960139751434,-0.09395088255405426,0.0,0.0,0.0,
4_+861742+204015,1386.0,17.5,1390.5,1106.5,1180.5,1064.0,1135.5,1094.5,1170.5,1322.5,1285.0,1378.0,346.5,18.327024184728625,77.41164587253668,0.06201525405049324,-0.03932961821556091,0.0,0.0,0.0,
4_+861742+204016,1402.5,17.5,1565.5,1264.5,1199.0,1107.5,1202.5,1219.0,1326.5,1469.0,1379.0,1597.5,364.5,18.327114016257035,77.41164587253668,0.0683496817946434,-0.06326328963041306,0.0,0.0,0.0,
4_+861742+204017,1402.5,17.5,1565.5,1264.5,1210.0,1124.0,1238.0,1219.0,1326.5,1469.0,1416.5,1597.5,364.5,18.327203847785448,77.41164587253668,0.06724963337182999,-0.04985377565026283,0.0,0.0,0.0,
4_+861742+204018,1402.5,17.5,1640.5,1298.0,1217.0,1133.5,1246.0,1241.0,1342.0,1467.0,1427.0,1607.5,364.5,18.327293679313858,77.41164587253668,0.06753861904144287,-0.06976348161697388,0.0,0.0,0.0,
4_+861742+204019,1402.5,17.5,1640.5,1298.0,1201.0,1120.0,1206.0,1241.0,1342.0,1467.0,1397.0,1607.5,364.5,18.32738351084227,77.41164587253668,0.0730791985988617,-0.08044657856225967,0.0,0.0,0.0,
4_+861742+204020,1402.5,17.5,1541.5,1215.5,1164.0,1076.0,1161.0,1177.5,1261.5,1406.5,1339.0,1496.5,364.5,18.327473342370684,77.41164587253668,0.07108625769615173,-0.07038746774196625,0.0,0.0,0.0,
4_+861742+204021,1402.5,17.5,1541.5,1215.5,1173.0,1072.5,1147.0,1177.5,1261.5,1406.5,1325.5,1496.5,364.5,18.327563173899094,77.41164587253668,0.07226124405860901,-0.07534278929233551,0.0,0.0,0.0,
4_+861742+204022,1379.0,17.5,1440.5,1150.5,1191.0,1086.5,1142.0,1132.5,1236.0,1344.5,1309.5,1475.0,337.0,18.327653005427507,77.41164587253668,0.06822053343057632,-0.04774919152259827,0.0,0.0,0.0,
4_+861742+204023,1379.0,17.5,1440.5,1150.5,1180.0,1060.0,1108.0,1132.5,1236.0,1344.5,1268.5,1475.0,337.0,18.32774283695592,77.41164587253668,0.06736186891794205,-0.06363609433174133,0.0,0.0,0.0,
4_+861742+204024,1379.0,17.5,1434.0,1124.0,1154.5,1033.0,1071.5,1084.5,1181.0,1307.0,1240.0,1418.5,337.0,18.32783266848433,77.41164587253668,0.07291541993618011,-0.07256525754928589,0.0,0.0,0.0,
4_+861742+204025,1379.0,17.5,1434.0,1124.0,1152.0,1016.5,1072.5,1084.5,1181.0,1307.0,1229.0,1418.5,337.0,18.327922500012743,77.41164587253668,0.068211130797863,-0.07694733142852783,0.0,0.0,0.0,
4_+861742+204026,1379.0,17.5,1350.0,1049.5,1153.5,1013.5,1047.0,1028.0,1132.0,1271.0,1212.5,1396.5,337.0,18.328012331541156,77.41164587253668,0.0732962116599083,-0.053597889840602875,0.0,0.0,0.0,
4_+861742+204027,1379.0,17.5,1350.0,1049.5,1127.5,987.0,1010.0,1028.0,1132.0,1271.0,1154.0,1396.5,337.0,18.328102163069566,77.41164587253668,0.06600502133369446,-0.0786975622177124,0.0,0.0,0.0,
4_+861743+204003,1378.0,17.5,1271.0,981.0,1127.0,981.0,1014.0,990.5,1073.0,1181.5,1147.0,1296.0,329.5,18.32594620638768,77.41173570406508,0.06204615533351898,-0.05108550190925598,0.0,0.0,0.0,
4_+861743+204004,1375.5,17.0,1359.5,1050.5,1128.5,991.0,1030.0,1016.5,1111.0,1216.5,1185.5,1374.0,330.0,18.326036037916094,77.41173570406508,0.07049965113401413,-0.06818617135286331,0.0,0.0,0.0,
4_+861743+204005,1375.5,17.0,1359.5,1050.5,1137.5,992.5,1036.5,1016.5,1111.0,1216.5,1189.0,1374.0,330.0,18.326125869444503,77.41173570406508,0.06876721233129501,-0.06668619811534882,0.0,0.0,0.0,
4_+861743+204006,1375.5,17.0,1431.5,1077.0,1140.0,995.0,1014.5,1046.0,1222.0,1361.0,1258.0,1499.0,330.0,18.326215700972917,77.41173570406508,0.10744015127420425,-0.06445211172103882,0.0,0.0,0.0,
4_+861743+204007,1375.5,17.0,1431.5,1077.0,1141.5,1003.5,1035.0,1046.0,1222.0,1361.0,1203.5,1499.0,330.0,18.326305532501326,77.41173570406508,0.07561754435300827,-0.08650244772434235,0.0,0.0,0.0,
4_+861743+204008,1375.5,17.0,1334.0,1038.5,1139.5,990.0,1024.0,1009.5,1095.5,1212.5,1177.5,1325.0,330.0,18.32639536402974,77.41173570406508,0.06965234130620956,-0.062383003532886505,0.0,0.0,0.0,
4_+861743+204009,1375.5,17.0,1334.0,1038.5,1124.0,968.0,994.0,1009.5,1095.5,1212.5,1109.0,1325.0,330.0,18.326485195558153,77.41173570406508,0.054693520069122314,-0.09217409789562225,0.0,0.0,0.0,
4_+861743+204010,1386.0,17.5,1274.5,1001.0,1122.0,970.0,976.5,1013.0,1078.0,1175.0,1083.0,1289.5,346.5,18.326575027086562,77.41173570406508,0.05234495550394058,-0.08116850256919861,0.0,0.0,0.0,
4_+861743+204011,1386.0,17.5,1274.5,1001.0,1140.0,984.5,994.0,1013.0,1078.0,1175.0,1114.0,1289.5,346.5,18.326664858614976,77.41173570406508,0.0571480356156826,-0.06712932884693146,0.0,0.0,0.0,
4_+861743+204012,1386.0,17.5,1298.0,1033.5,1128.5,985.0,1013.0,1024.5,1127.5,1207.0,1134.5,1312.0,346.5,18.32675469014339,77.41173570406508,0.056585412472486496,-0.06709849089384079,0.0,0.0,0.0,
4_+861743+204013,1386.0,17.5,1298.0,1033.5,1124.5,987.0,1007.5,1024.5,1127.5,1207.0,1117.5,1312.0,346.5,18.3268445216718,77.41173570406508,0.051733989268541336,-0.0746302455663681,0.0,0.0,0.0,
4_+861743+204014,1386.0,17.5,1390.5,1106.5,1147.0,1004.0,1047.5,1094.5,1170.5,1322.5,1159.0,1378.0,346.5,18.326934353200212,77.41173570406508,0.050532933324575424,-0.09099680185317993,0.0,0.0,0.0,
4_+861743+204015,1386.0,17.5,1390.5,1106.5,1190.0,1078.5,1154.5,1094.5,1170.5,1322.5,1274.0,1378.0,346.5,18.327024184728625,77.41173570406508,0.04938822612166405,-0.0437697172164917,0.0,0.0,0.0,
4_+861743+204016,1402.5,17.5,1565.5,1264.5,1210.0,1134.0,1226.0,1219.0,1326.5,1469.0,1357.0,1597.5,364.5,18.327114016257035,77.41173570406508,0.050640758126974106,-0.0712820515036583,0.0,0.0,0.0,
4_+861743+204017,1402.5,17.5,1565.5,1264.5,1211.5,1126.0,1222.0,1219.0,1326.5,1469.0,1380.5,1597.5,364.5,18.327203847785448,77.41173570406508,0.0607650950551033,-0.06278964877128601,0.0,0.0,0.0,
4_+861743+204018,1402.5,17.5,1640.5,1298.0,1207.0,1112.0,1222.5,1241.0,1342.0,1467.0,1391.5,1607.5,364.5,18.327293679313858,77.41173570406508,0.0644931048154831,-0.08226314932107925,0.0,0.0,0.0,
4_+861743+204019,1402.5,17.5,1640.5,1298.0,1195.0,1100.5,1192.0,1241.0,1342.0,1467.0,1341.5,1607.5,364.5,18.32738351084227,77.41173570406508,0.05865655094385147,-0.10061264038085938,0.0,0.0,0.0,
4_+861743+204020,1402.5,17.5,1541.5,1215.5,1175.5,1078.5,1127.5,1177.5,1261.5,1406.5,1278.0,1496.5,364.5,18.327473342370684,77.41173570406508,0.06218217313289642,-0.09378307312726974,0.0,0.0,0.0,
4_+861743+204021,1402.5,17.5,1541.5,1215.5,1187.0,1062.0,1129.0,1177.5,1261.5,1406.5,1254.5,1496.5,364.5,18.327563173899094,77.41173570406508,0.0528293214738369,-0.10262995958328247,0.0,0.0,0.0,
4_+861743+204022,1379.0,17.5,1440.5,1150.5,1195.0,1082.0,1147.5,1132.5,1236.0,1344.5,1312.5,1475.0,337.0,18.327653005427507,77.41173570406508,0.06709647923707962,-0.04652135446667671,0.0,0.0,0.0,
4_+861743+204023,1379.0,17.5,1440.5,1150.5,1189.0,1072.5,1116.0,1132.5,1236.0,1344.5,1285.5,1475.0,337.0,18.32774283695592,77.41173570406508,0.07030988484621048,-0.05710720643401146,0.0,0.0,0.0,
4_+861743+204024,1379.0,17.5,1434.0,1124.0,1171.5,1034.5,1084.0,1084.5,1181.0,1307.0,1244.0,1418.5,337.0,18.32783266848433,77.41173570406508,0.06859663128852844,-0.07102351635694504,0.0,0.0,0.0,
4_+861743+204025,1379.0,17.5,1434.0,1124.0,1155.5,1010.0,1067.0,1084.5,1181.0,1307.0,1238.5,1418.5,337.0,18.327922500012743,77.41173570406508,0.07451328635215759,-0.0731191337108612,0.0,0.0,0.0,
4_+861743+204026,1379.0,17.5,1350.0,1049.5,1151.0,1014.5,1051.0,1028.0,1132.0,1271.0,1223.0,1396.5,337.0,18.328012331541156,77.41173570406508,0.07577604055404663,-0.04929050803184509,0.0,0.0,0.0,
4_+861743+204027,1379.0,17.5,1350.0,1049.5,1144.5,994.5,1027.5,1028.0,1132.0,1271.0,1161.5,1396.5,337.0,18.328102163069566,77.41173570406508,0.061021506786346436,-0.0752047747373581,0.0,0.0,0.0,
4_+861744+204005,1375.5,17.0,1359.5,1050.5,1137.5,992.5,1036.5,1016.5,1111.0,1216.5,1189.0,1374.0,330.0,18.326125869444503,77.4118255355935,0.06876721233129501,-0.06668619811534882,0.0,0.0,0.0,
4_+861744+204006,1375.5,17.0,1348.5,1055.5,1130.0,987.5,1014.5,1023.5,1120.5,1231.0,1171.5,1380.0,330.0,18.326215700972917,77.4118255355935,0.0720539465546608,-0.07020983099937439,0.0,0.0,0.0,
4_+861744+204007,1375.5,17.0,1348.5,1055.5,1142.0,993.0,1034.5,1023.5,1120.5,1231.0,1167.0,1380.0,330.0,18.326305532501326,77.4118255355935,0.060436464846134186,-0.07230229675769806,0.0,0.0,0.0,
4_+861744+204008,1375.5,17.0,1248.5,973.5,1144.5,992.5,1027.0,995.5,1061.0,1190.5,1168.0,1270.0,330.0,18.32639536402974,77.4118255355935,0.06411504745483398,-0.03329689800739288,0.0,0.0,0.0,
4_+861744+204009,1375.5,17.0,1248.5,973.5,1120.5,958.5,967.5,995.5,1061.0,1190.5,1089.0,1270.0,330.0,18.326485195558153,77.4118255355935,0.05889544263482094,-0.06830677390098572,0.0,0.0,0.0,
4_+861744+204010,1386.0,17.5,1120.5,897.0,1105.5,947.5,954.5,947.0,1008.5,1125.5,1045.5,1214.5,346.5,18.326575027086562,77.4118255355935,0.0459512397646904,-0.03461223840713501,0.0,0.0,0.0,
4_+861744+204011,1386.0,17.5,1120.5,897.0,1116.5,957.0,979.0,947.0,1008.5,1125.5,1069.5,1214.5,346.5,18.326664858614976,77.4118255355935,0.044592030346393585,-0.023329684510827065,0.0,0.0,0.0,
4_+861744+204012,1386.0,17.5,1137.0,905.0,1128.0,968.0,983.5,949.5,1038.5,1115.0,1091.0,1224.5,346.5,18.32675469014339,77.4118255355935,0.05212325602769852,-0.0206145029515028,0.0,0.0,0.0,
4_+861744+204013,1386.0,17.5,1137.0,905.0,1119.0,972.5,977.5,949.5,1038.5,1115.0,1076.5,1224.5,346.5,18.3268445216718,77.4118255355935,0.04835021123290062,-0.027346855029463768,0.0,0.0,0.0,
4_+861744+204014,1386.0,17.5,1226.5,973.5,1131.5,989.0,1021.5,1024.0,1102.0,1228.0,1124.0,1287.0,346.5,18.326934353200212,77.4118255355935,0.048101551830768585,-0.04351992532610893,0.0,0.0,0.0,
4_+861744+204015,1386.0,17.5,1226.5,973.5,1174.0,1050.5,1101.5,1024.0,1102.0,1228.0,1213.0,1287.0,346.5,18.327024184728625,77.4118255355935,0.04860549792647362,-0.005533933639526367,0.0,0.0,0.0,
4_+861744+204016,1402.5,17.5,1333.0,1076.0,1184.0,1085.0,1154.5,1092.5,1181.0,1288.5,1288.5,1382.0,364.5,18.327114016257035,77.4118255355935,0.054948385804891586,-0.01689271070063114,0.0,0.0,0.0,
4_+861744+204017,1402.5,17.5,1333.0,1076.0,1192.0,1084.0,1159.5,1092.5,1181.0,1288.5,1298.0,1382.0,364.5,18.327203847785448,77.4118255355935,0.05652814731001854,-0.013228630647063255,0.0,0.0,0.0,
4_+861744+204018,1402.5,17.5,1333.0,1064.0,1187.0,1079.0,1160.0,1066.5,1164.0,1274.0,1297.0,1385.5,364.5,18.327293679313858,77.4118255355935,0.055784303694963455,-0.013684774748980999,0.0,0.0,0.0,
4_+861744+204019,1402.5,17.5,1333.0,1064.0,1174.0,1062.5,1139.0,1066.5,1164.0,1274.0,1275.5,1385.5,364.5,18.32738351084227,77.4118255355935,0.0564354844391346,-0.022146083414554596,0.0,0.0,0.0,
4_+861744+204020,1402.5,17.5,1327.5,1024.0,1150.5,1031.5,1069.5,1039.0,1173.5,1333.5,1228.5,1431.0,364.5,18.327473342370684,77.4118255355935,0.06903187185525894,-0.038856688886880875,0.0,0.0,0.0,
4_+861744+204021,1402.5,17.5,1327.5,1024.0,1159.0,1025.5,1067.5,1039.0,1173.5,1333.5,1205.5,1431.0,364.5,18.327563173899094,77.4118255355935,0.06113855168223381,-0.04817671701312065,0.0,0.0,0.0,
4_+861744+204022,1379.0,17.5,1389.5,1072.5,1168.0,1038.0,1097.0,1072.0,1226.0,1332.5,1268.5,1470.5,337.0,18.327653005427507,77.4118255355935,0.07286782562732697,-0.04541321098804474,0.0,0.0,0.0,
4_+861744+204023,1379.0,17.5,1389.5,1072.5,1162.5,1041.5,1085.0,1072.0,1226.0,1332.5,1231.0,1470.5,337.0,18.32774283695592,77.4118255355935,0.06311900168657303,-0.06037349998950958,0.0,0.0,0.0,
4_+861744+204024,1379.0,17.5,1442.5,1126.0,1156.5,1017.5,1059.5,1071.5,1159.5,1284.5,1213.0,1401.5,337.0,18.32783266848433,77.4118255355935,0.06762102991342545,-0.08630619198083878,0.0,0.0,0.0,
4_+861744+204025,1379.0,17.5,1442.5,1126.0,1144.5,1010.5,1055.5,1071.5,1159.5,1284.5,1224.5,1401.5,337.0,18.327922500012743,77.4118255355935,0.07424645125865936,-0.08161936700344086,0.0,0.0,0.0,
4_+861744+204026,1379.0,17.5,1423.5,1105.5,1151.0,1022.5,1054.5,1052.0,1150.0,1257.5,1206.5,1389.0,337.0,18.328012331541156,77.4118255355935,0.06733427196741104,-0.0825204849243164,0.0,0.0,0.0,
4_+861744+204027,1379.0,17.5,1423.5,1105.5,1140.5,1000.0,1037.5,1052.0,1150.0,1257.5,1196.5,1389.0,337.0,18.328102163069566,77.4118255355935,0.07110510766506195,-0.08670562505722046,0.0,0.0,0.0,
4_+861745+204007,1375.5,17.0,1348.5,1055.5,1130.0,984.5,1016.0,1023.5,1120.5,1231.0,1158.5,1380.0,330.0,18.326305532501326,77.4119153671219,0.06607016175985336,-0.0757993832230568,0.0,0.0,0.0,
4_+861745+204008,1375.5,17.0,1248.5,973.5,1146.0,992.0,1029.5,995.5,1061.0,1190.5,1159.0,1270.0,330.0,18.32639536402974,77.4119153671219,0.05917634442448616,-0.037092193961143494,0.0,0.0,0.0,
4_+861745+204009,1375.5,17.0,1248.5,973.5,1118.0,969.0,978.0,995.5,1061.0,1190.5,1102.0,1270.0,330.0,18.326485195558153,77.4119153671219,0.059362150728702545,-0.06246175616979599,0.0,0.0,0.0,
4_+861745+204010,1386.0,17.5,1120.5,897.0,1104.0,951.5,954.0,947.0,1008.5,1125.5,1038.0,1214.5,346.5,18.326575027086562,77.4119153671219,0.04252350702881813,-0.03823983669281006,0.0,0.0,0.0,
4_+861745+204011,1386.0,17.5,1120.5,897.0,1100.5,948.5,955.0,947.0,1008.5,1125.5,1030.0,1214.5,346.5,18.326664858614976,77.4119153671219,0.03803343325853348,-0.04207313060760498,0.0,0.0,0.0,
4_+861745+204012,1386.0,17.5,1137.0,905.0,1108.0,943.5,947.0,949.5,1038.5,1115.0,1032.0,1224.5,346.5,18.32675469014339,77.4119153671219,0.04324105381965637,-0.048378027975559235,0.0,0.0,0.0,
4_+861745+204013,1386.0,17.5,1137.0,905.0,1091.5,949.5,929.5,949.5,1038.5,1115.0,1022.5,1224.5,346.5,18.3268445216718,77.4119153671219,0.047936759889125824,-0.05305357277393341,0.0,0.0,0.0,
4_+861745+204014,1386.0,17.5,1226.5,973.5,1095.0,954.0,939.0,1024.0,1102.0,1228.0,1076.5,1287.0,346.5,18.326934353200212,77.4119153671219,0.0691002607345581,-0.06476586312055588,0.0,0.0,0.0,
4_+861745+204015,1386.0,17.5,1226.5,973.5,1122.5,980.0,982.5,1024.0,1102.0,1228.0,1126.0,1287.0,346.5,18.327024184728625,77.4119153671219,0.0692480206489563,-0.04236163944005966,0.0,0.0,0.0,
4_+861745+204016,1402.5,17.5,1333.0,1076.0,1132.0,996.0,1015.0,1092.5,1181.0,1288.5,1138.0,1382.0,364.5,18.327114016257035,77.4119153671219,0.05753215774893761,-0.07883603870868683,0.0,0.0,0.0,
4_+861745+204017,1402.5,17.5,1333.0,1076.0,1148.5,1010.0,1027.5,1092.5,1181.0,1288.5,1128.5,1382.0,364.5,18.327203847785448,77.4119153671219,0.04706006497144699,-0.08304539322853088,0.0,0.0,0.0,
4_+861745+204018,1402.5,17.5,1333.0,1064.0,1148.0,1013.5,1031.0,1066.5,1164.0,1274.0,1145.0,1385.5,364.5,18.327293679313858,77.4119153671219,0.05263340473175049,-0.07596182823181152,0.0,0.0,0.0,
4_+861745+204019,1402.5,17.5,1333.0,1064.0,1128.5,1002.0,1027.5,1066.5,1164.0,1274.0,1149.5,1385.5,364.5,18.32738351084227,77.4119153671219,0.056146033108234406,-0.07392256706953049,0.0,0.0,0.0,
4_+861745+204020,1402.5,17.5,1327.5,1024.0,1127.5,979.5,990.0,1039.0,1173.5,1333.5,1138.5,1431.0,364.5,18.327473342370684,77.4119153671219,0.06987766176462173,-0.07666929066181183,0.0,0.0,0.0,
4_+861745+204021,1402.5,17.5,1327.5,1024.0,1117.5,966.0,950.5,1039.0,1173.5,1333.5,1267.5,1431.0,364.5,18.327563173899094,77.4119153671219,0.14337055385112762,-0.023111339658498764,0.0,0.0,0.0,
4_+861745+204022,1451.0,26.0,1418.0,1072.0,1195.0,1037.0,1052.0,1087.0,1238.0,1330.0,1265.0,1480.0,267.0,18.327653005427507,77.4119153671219,0.09192921966314316,-0.057025715708732605,0.0,0.0,0.0,
4_+861745+204023,1379.0,17.5,1389.5,1072.5,1142.5,1008.0,1035.0,1072.0,1226.0,1332.5,1229.0,1470.5,337.0,18.32774283695592,77.4119153671219,0.08595455437898636,-0.061240989714860916,0.0,0.0,0.0,
4_+861745+204024,1379.0,17.5,1442.5,1126.0,1138.5,1010.5,1053.0,1071.5,1159.5,1284.5,1199.5,1401.5,337.0,18.32783266848433,77.4119153671219,0.06518861651420593,-0.09186657518148422,0.0,0.0,0.0,
4_+861745+204025,1379.0,17.5,1442.5,1126.0,1141.0,1002.0,1051.5,1071.5,1159.5,1284.5,1221.5,1401.5,337.0,18.327922500012743,77.4119153671219,0.07499570399522781,-0.08283701539039612,0.0,0.0,0.0,
4_+861745+204026,1379.0,17.5,1423.5,1105.5,1150.0,1006.5,1060.5,1052.0,1150.0,1257.5,1239.5,1389.0,337.0,18.328012331541156,77.4119153671219,0.07791104167699814,-0.06912517547607422,0.0,0.0,0.0,
4_+861745+204027,1379.0,17.5,1423.5,1105.5,1142.0,1008.0,1052.5,1052.0,1150.0,1257.5,1209.0,1389.0,337.0,18.328102163069566,77.4119153671219,0.06902206689119339,-0.08165907859802246,0.0,0.0,0.0,
4_+861746+204009,1371.5,17.0,1309.0,1015.0,1127.5,977.0,995.5,1050.5,1115.5,1237.0,1129.0,1345.0,322.0,18.326485195558153,77.41200519865032,0.0623624213039875,-0.07417435944080353,0.0,0.0,0.0,
4_+861746+204010,1368.0,16.0,1174.0,888.0,1106.5,940.0,931.0,964.5,1061.0,1150.5,1010.5,1246.0,313.5,18.326575027086562,77.41200519865032,0.041405875235795975,-0.07478035986423492,0.0,0.0,0.0,
4_+861746+204011,1368.0,16.0,1174.0,888.0,1099.5,939.0,920.5,964.5,1061.0,1150.5,1020.5,1246.0,313.5,18.326664858614976,77.41200519865032,0.051955968141555786,-0.06987765431404114,0.0,0.0,0.0,
4_+861746+204012,1368.0,16.0,1145.5,862.5,1083.0,931.0,917.5,949.5,1083.0,1198.5,1019.5,1269.5,313.5,18.32675469014339,77.41200519865032,0.05312507972121239,-0.058139488101005554,0.0,0.0,0.0,
4_+861746+204013,1368.0,16.0,1145.5,862.5,1092.5,935.5,920.5,949.5,1083.0,1198.5,1074.0,1269.5,313.5,18.3268445216718,77.41200519865032,0.07636558264493942,-0.03295811265707016,0.0,0.0,0.0,
4_+861746+204014,1297.0,7.0,1172.0,920.0,1028.0,887.0,857.0,943.0,1109.0,1214.0,1123.0,1300.0,369.0,18.326934353200212,77.41200519865032,0.13434343039989471,-0.021350761875510216,0.0,0.0,0.0,
4_+861746+204015,1439.0,25.0,1233.0,929.0,1161.0,1022.0,994.0,993.0,1114.0,1248.0,1119.0,1342.0,258.0,18.327024184728625,77.41200519865032,0.059157595038414,-0.048469386994838715,0.0,0.0,0.0,
4_+861746+204016,1378.0,16.5,1283.0,992.0,1114.5,974.0,985.5,1008.5,1104.0,1201.5,1118.0,1322.0,329.0,18.327114016257035,77.41200519865032,0.06315608322620392,-0.06879264116287231,0.0,0.0,0.0,
4_+861746+204017,1378.0,16.5,1283.0,992.0,1117.0,966.5,999.5,1008.5,1104.0,1201.5,1100.5,1322.0,329.0,18.327203847785448,77.41200519865032,0.048195794224739075,-0.07657961547374725,0.0,0.0,0.0,
4_+861746+204018,1378.0,16.5,1304.0,996.5,1115.5,966.5,964.0,1010.5,1133.5,1271.5,1102.5,1364.0,329.0,18.327293679313858,77.41200519865032,0.06727273017168045,-0.08368313312530518,0.0,0.0,0.0,
4_+861746+204019,1378.0,16.5,1304.0,996.5,1108.0,956.5,942.5,1010.5,1133.5,1271.5,1169.5,1364.0,329.0,18.32738351084227,77.41200519865032,0.10762425512075424,-0.054464034736156464,0.0,0.0,0.0,
